23,0.200000,23,24,0.000000,0.000000,32.450184,34.306511,35.000000
22,0.200000,23,22,0.000000,0.000000,36.573009,NaN,35.000000
21,0.200000,22,21,0.000000,0.000000,35.497448,NaN,35.000000
20,0.200000,21,20,0.000000,0.440000,38.648796,NaN,36.481667
23,0.400000,23,24,0.000000,0.000000,32.423889,34.255085,35.000000
22,0.400000,23,22,0.000000,0.000000,31.122187,NaN,35.000000
21,0.400000,22,21,0.000000,0.000000,30.665501,NaN,35.000000
20,0.400000,21,20,0.000000,0.920000,30.665842,NaN,35.480995
23,0.600000,23,24,0.000000,0.000000,39.071960,35.477222,35.000000
22,0.600000,23,22,0.000000,0.000000,32.809067,26.183567,35.000000
21,0.600000,22,21,0.000000,0.000000,30.616035,33.476696,35.000000
20,0.600000,21,20,0.000000,1.380001,42.156712,32.799747,39.777515
23,0.800000,23,24,0.000000,0.000000,31.322861,35.437511,35.000000
22,0.800000,23,22,0.000000,0.000000,37.246483,31.065979,35.000000
21,0.800000,22,21,0.000000,0.000000,35.700752,34.259907,35.000000
20,0.800000,21,20,0.000000,1.760002,46.521889,38.386482,43.040577
23,1.000000,23,24,0.000000,0.000000,39.308422,34.113533,35.000000
22,1.000000,23,22,0.000000,0.000000,36.308403,33.610836,35.000000
21,1.000000,22,21,0.000000,0.000000,34.908539,33.532841,35.000000
20,1.000000,21,20,0.000000,2.200002,44.584309,38.934875,46.480244
23,1.200000,23,24,0.000000,0.000000,30.489834,35.287544,35.000000
22,1.200000,23,22,0.000000,0.000000,33.750011,34.775822,35.000000
21,1.200000,22,21,0.000000,0.000000,37.838009,32.845493,35.000000
20,1.200000,21,20,0.000000,2.580003,48.932747,42.502876,48.950760
23,1.400000,23,24,0.000000,0.000000,34.971386,35.673779,35.000000
22,1.400000,23,22,0.000000,0.000000,31.371664,35.196754,35.000000
21,1.400000,22,21,0.000000,0.000000,29.250546,33.591988,35.000000
20,1.400000,21,20,0.000000,2.880003,48.300537,45.589577,50.770401
23,1.600000,23,24,0.000000,0.000000,33.478268,34.884609,35.000000
22,1.600000,23,22,0.000000,0.000000,36.577343,35.382946,35.000000
21,1.600000,22,21,0.000000,0.000000,30.627369,34.330490,35.000000
20,1.600000,21,20,0.000000,3.320004,53.419651,47.762238,53.006046
23,1.800000,23,24,0.000000,0.000000,36.436825,36.112183,35.000000
22,1.800000,23,22,0.000000,0.000000,40.452477,35.521099,35.000000
21,1.800000,22,21,0.000000,0.000000,39.270302,34.126743,35.000000
20,1.800000,21,20,0.000000,3.720004,52.906158,50.756573,55.041252
23,2.000000,23,24,0.000000,0.000000,31.169800,35.919201,35.000000
22,2.000000,23,22,0.000000,0.000000,30.147678,35.565769,35.000000
21,2.000000,22,21,0.000000,0.000000,35.504929,34.033337,35.000000
20,2.000000,21,20,0.000000,4.100004,55.937485,52.344086,57.024471
23,2.200000,23,24,0.000000,0.000000,33.361702,34.370995,35.000000
22,2.200000,23,22,0.000000,0.000000,33.293278,35.379704,35.000000
21,2.200000,22,21,0.000000,0.000000,37.580021,33.616962,35.000000
20,2.200000,21,20,0.000000,4.500004,62.235695,53.733326,58.900852
23,2.400000,23,24,0.000000,0.000000,35.863091,34.418705,35.000000
22,2.400000,23,22,0.000000,0.000000,33.722359,35.983585,35.000000
21,2.400000,22,21,0.000000,0.000000,29.360764,34.216122,35.000000
20,2.400000,21,20,0.000000,4.960005,61.496651,56.341454,60.814400
23,2.600000,23,24,0.000000,0.000000,35.294342,35.754601,35.000000
22,2.600000,23,22,0.000000,0.000000,34.103436,36.848244,35.000000
21,2.600000,22,21,0.000000,0.000000,34.937313,34.851902,35.000000
20,2.600000,21,20,0.000000,5.360005,60.996723,58.732952,62.603497
23,2.800000,23,24,0.000000,0.000000,39.733101,34.394608,35.000000
22,2.800000,23,22,0.000000,0.000000,35.397800,37.510696,35.000000
21,2.800000,22,21,0.000000,0.451093,34.094303,36.320335,36.411461
20,2.800000,21,20,0.451093,5.740005,60.574909,59.071243,63.215271
23,3.000000,23,24,0.000000,0.000000,41.359192,34.507736,35.000000
22,3.000000,23,22,0.000000,0.000000,40.416393,36.564972,35.000000
21,3.000000,22,21,0.000000,0.882239,39.173229,37.874390,35.432823
20,3.000000,21,20,0.882239,6.160005,59.766403,59.513870,65.799034
23,3.200000,23,24,0.000000,0.000000,28.031252,34.934349,35.000000
22,3.200000,23,22,0.000000,0.000000,30.907473,36.735500,35.000000
21,3.200000,22,21,0.000000,1.292793,43.802658,39.009243,38.829720
20,3.200000,21,20,1.292793,6.520006,73.520653,60.196915,67.111931
23,3.400000,23,24,0.000000,0.000000,29.763168,33.736290,35.000000
22,3.400000,23,22,0.000000,0.000000,30.120878,36.803448,35.000000
21,3.400000,22,21,0.000000,1.680565,45.575947,39.451500,42.235844
20,3.400000,21,20,1.680565,6.980006,63.686775,61.805874,68.800560
23,3.600000,23,24,0.000000,0.000000,29.366552,34.179070,35.000000
22,3.600000,23,22,0.000000,0.000000,32.733921,36.497051,35.000000
21,3.600000,22,21,0.000000,2.103820,50.054668,40.939827,45.529560
20,3.600000,21,20,2.103820,7.320006,65.400742,63.947739,67.901672
23,3.800000,23,24,0.000000,0.000000,36.154800,35.802834,35.000000
22,3.800000,23,22,0.000000,0.000000,35.401493,35.948532,35.000000
21,3.800000,22,21,0.000000,2.492280,44.541565,43.323284,48.237797
20,3.800000,21,20,2.492280,7.680007,61.712528,64.471413,67.131546
23,4.000000,23,24,0.000000,0.000000,31.606476,34.077705,35.000000
22,4.000000,23,22,0.000000,0.000000,35.156582,36.336700,35.000000
21,4.000000,22,21,0.000000,2.853910,56.730759,44.351807,50.635452
20,4.000000,21,20,2.853910,8.080008,68.528709,64.373184,66.146179
23,4.200000,23,24,0.000000,0.000000,40.102089,34.313667,35.000000
22,4.200000,23,22,0.000000,0.000000,38.782867,36.443462,35.000000
21,4.200000,22,21,0.000000,3.203868,55.253799,45.912170,52.510242
20,4.200000,21,20,3.203868,8.440008,63.660892,65.064926,65.346001
23,4.400000,23,24,0.000000,0.000000,34.451260,36.046711,35.000000
22,4.400000,23,22,0.000000,0.000000,34.096661,37.078434,35.000000
21,4.400000,22,21,0.000000,3.564775,51.820896,47.325588,54.412651
20,4.400000,21,20,3.564775,8.740008,66.403976,65.082970,63.386871
23,4.600000,23,24,0.000000,0.000000,39.531372,36.023605,35.000000
22,4.600000,23,22,0.000000,0.000000,36.165665,37.460880,35.000000
21,4.600000,22,21,0.000000,3.925682,56.950729,48.485027,56.378155
20,4.600000,21,20,3.925682,9.120009,65.089951,64.147232,62.146889
23,4.800000,23,24,0.000000,0.000000,34.767105,34.690182,35.000000
22,4.800000,23,22,0.000000,0.000000,32.578426,37.163097,35.000000
21,4.800000,22,21,0.000000,4.206789,60.240276,49.724369,57.598202
20,4.800000,21,20,4.206789,9.500010,62.855465,64.014198,61.089493
23,5.000000,23,24,0.000000,0.000000,32.081272,35.346905,35.000000
22,5.000000,23,22,0.000000,0.000000,34.937714,37.381504,35.000000
21,5.000000,22,21,0.000000,4.442417,60.765728,51.655758,58.892281
20,5.000000,21,20,4.442417,9.880011,60.892971,63.902802,60.841389
23,5.200000,23,24,0.000000,0.000000,34.003235,32.842781,35.000000
22,5.200000,23,22,0.000000,0.000000,35.868671,37.386063,35.000000
21,5.200000,22,21,0.000000,4.678044,63.179890,52.944878,59.707458
20,5.200000,21,20,4.678044,10.260011,65.513885,63.936405,61.902828
23,5.400000,23,24,0.000000,0.000000,36.518047,34.313370,35.000000
22,5.400000,23,22,0.000000,0.000000,32.730434,37.104294,35.000000
21,5.400000,22,21,0.000000,4.862186,55.895912,54.605396,60.620369
20,5.400000,21,20,4.862186,10.580011,68.631981,62.483768,63.428017
23,5.600000,23,24,0.000000,0.000000,33.424412,35.091976,35.000000
22,5.600000,23,22,0.000000,0.000000,35.889809,36.773193,35.000000
21,5.600000,22,21,0.000000,5.043948,66.068581,55.407406,61.664673
20,5.600000,21,20,5.043948,10.980012,65.730850,61.844048,64.546448
23,5.800000,23,24,0.000000,0.000000,33.793110,35.476131,35.000000
22,5.800000,23,22,0.000000,0.000000,34.722515,36.384663,35.000000
21,5.800000,22,21,0.000000,5.207707,60.173313,56.815384,62.128952
20,5.800000,21,20,5.207707,11.300013,61.147621,63.074467,65.474335
23,6.000000,23,24,0.000000,0.000000,35.247467,34.145538,35.000000
22,6.000000,23,22,0.000000,0.000000,35.959084,36.236839,35.000000
21,6.000000,22,21,0.000000,5.380292,64.666428,57.844639,63.001755
20,6.000000,21,20,5.380292,11.620013,68.636787,64.132515,66.556923
23,6.200000,23,24,0.000000,0.000000,32.279728,35.536785,35.000000
22,6.200000,23,22,0.000000,0.431907,41.038193,36.254581,36.459942
21,6.200000,22,21,0.431907,5.570069,63.560123,58.979912,62.288902
20,6.200000,21,20,5.570069,11.960013,65.479568,64.735603,66.865067
23,6.400000,23,24,0.000000,0.000000,41.403046,36.745499,35.000000
22,6.400000,23,22,0.000000,0.852502,32.723686,37.749851,35.463879
21,6.400000,22,21,0.852502,5.769522,62.613777,58.968513,63.287689
20,6.400000,21,20,5.769522,12.260015,59.496204,66.036583,66.386841
23,6.600000,23,24,0.000000,0.000000,34.650951,35.688412,35.000000
22,6.600000,23,22,0.000000,1.273098,37.601479,38.590504,38.620293
21,6.600000,22,21,1.273098,5.976944,56.547367,58.879631,63.760929
20,6.600000,21,20,5.976944,12.600015,68.123833,65.789513,66.192604
23,6.800000,23,24,0.000000,0.000000,35.245140,36.300728,35.000000
22,6.800000,23,22,0.000000,1.667680,40.411179,39.304642,42.097832
21,6.800000,22,21,1.667680,6.187211,59.504021,58.748051,64.098450
20,6.800000,21,20,6.187211,12.940015,68.958916,64.953751,66.118042
23,7.000000,23,24,0.000000,0.000000,32.357574,35.719635,35.000000
22,7.000000,23,22,0.000000,2.046820,48.310192,40.703350,45.130569
21,7.000000,22,21,2.046820,6.383983,58.853714,59.681961,63.766136
20,7.000000,21,20,6.383983,13.260015,65.740952,63.730423,66.078377
23,7.200000,23,24,0.000000,0.000000,30.718647,35.133682,35.000000
22,7.200000,23,22,0.000000,2.437037,47.034145,41.884224,47.804043
21,7.200000,22,21,2.437037,6.580756,62.183754,60.769611,63.118595
20,7.200000,21,20,6.580756,13.600016,68.547562,64.008652,66.127579
23,7.400000,23,24,0.000000,0.000000,35.634907,35.165817,35.000000
22,7.400000,23,22,0.000000,2.809275,51.909565,43.697742,50.370415
21,7.400000,22,21,2.809275,6.754903,60.269573,60.257446,61.726925
20,7.400000,21,20,6.754903,13.940017,69.094910,65.571831,66.162811
23,7.600000,23,24,0.000000,0.000000,37.163994,34.134857,35.000000
22,7.600000,23,22,0.000000,3.121456,48.592194,45.203838,52.104984
21,7.600000,22,21,3.121456,6.929051,63.205811,60.325680,61.079365
20,7.600000,21,20,6.929051,14.300016,67.825050,66.130203,66.319786
23,7.800000,23,24,0.000000,0.000000,37.475613,35.786190,35.000000
22,7.800000,23,22,0.000000,3.406160,53.893021,46.845432,53.528183
21,7.800000,22,21,3.406160,7.064654,56.134125,61.383476,59.799324
20,7.800000,21,20,7.064654,14.660017,62.385616,65.032600,66.684410
23,8.000000,23,24,0.000000,0.000000,35.099327,35.746506,35.000000
22,8.000000,23,22,0.000000,3.686270,52.921524,48.427109,55.045952
21,8.000000,22,21,3.686270,7.215166,58.888134,60.784172,58.555397
20,8.000000,21,20,7.215166,15.020018,65.592766,65.474640,66.895859
23,8.200000,23,24,0.000000,0.000000,34.313137,34.965237,35.000000
22,8.200000,23,22,0.000000,3.932699,57.607872,50.326786,56.425186
21,8.200000,22,21,3.932699,7.379233,57.909752,60.186138,58.087593
20,8.200000,21,20,7.379233,15.380018,57.803406,66.649979,66.992828
23,8.400000,23,24,0.000000,0.000000,37.070103,34.355118,35.000000
22,8.400000,23,22,0.000000,4.135850,57.768303,51.024628,57.261295
21,8.400000,22,21,4.135850,7.581514,64.593651,60.429123,57.624744
20,8.400000,21,20,7.581514,15.720018,60.374222,66.836075,67.154228
23,8.600000,23,24,0.000000,0.000000,35.171551,34.842220,35.000000
22,8.600000,23,22,0.000000,4.313536,61.174149,52.174629,58.109299
21,8.600000,22,21,4.313536,7.798746,56.853111,59.994106,57.415253
20,8.600000,21,20,7.798746,16.040018,63.644012,66.518616,67.362228
23,8.800000,23,24,0.000000,0.000000,34.844429,34.686012,35.000000
22,8.800000,23,22,0.000000,4.476168,60.218361,52.963673,59.245331
21,8.800000,22,21,4.476168,8.036328,56.565128,59.646072,57.289707
20,8.800000,21,20,8.036328,16.400019,69.978722,66.995789,67.538155
23,9.000000,23,24,0.000000,0.000000,32.965565,35.795372,35.000000
22,9.000000,23,22,0.000000,4.621356,59.734581,54.568840,59.935604
21,9.000000,22,21,4.621356,8.303410,62.029995,58.285500,57.354889
20,9.000000,21,20,8.303410,16.780020,71.441048,66.746353,67.752480
23,9.200000,23,24,0.000000,0.000000,36.290276,34.486145,35.000000
22,9.200000,23,22,0.000000,4.687528,61.147701,55.701702,59.769470
21,9.200000,22,21,4.687528,8.563765,56.206440,57.272163,57.837055
20,9.200000,21,20,8.563765,17.120020,69.446465,67.406921,67.669891
23,9.400000,23,24,0.000000,0.000000,34.161457,33.755596,35.000000
22,9.400000,23,22,0.000000,4.753699,56.361931,56.353870,60.082996
21,9.400000,22,21,4.753699,8.811823,55.521057,58.452858,58.135242
20,9.400000,21,20,8.811823,17.480021,60.695374,65.629997,67.854698
23,9.600000,23,24,0.000000,0.000000,36.803246,34.387131,35.000000
22,9.600000,23,22,0.000000,4.799122,57.326977,57.009079,60.313969
21,9.600000,22,21,4.799122,9.017570,60.076103,58.995953,58.541431
20,9.600000,21,20,9.017570,17.800020,69.287895,65.768257,68.167633
23,9.800000,23,24,0.000000,0.000000,39.327553,34.967701,35.000000
22,9.800000,23,22,0.000000,4.870732,61.725849,57.422398,60.638466
21,9.800000,22,21,4.870732,9.223317,57.426495,59.643494,58.688671
20,9.800000,21,20,9.223317,18.160021,72.778290,66.390678,68.291359
23,10.000000,23,24,0.000000,0.000000,37.117958,40.783295,39.500000
22,10.000000,23,22,0.000000,4.916135,60.801201,58.363037,60.903831
21,10.000000,22,21,4.916135,9.461401,61.152073,59.605778,59.027885
20,10.000000,21,20,9.461401,18.500021,66.353668,67.416725,68.449669
23,10.200000,23,24,0.389035,0.000000,32.928642,35.871880,36.674862
22,10.200000,23,22,0.389035,4.961539,59.782974,58.752365,60.052872
21,10.200000,22,21,4.961539,9.698916,56.590118,60.058823,59.285500
20,10.200000,21,20,9.698916,18.820023,71.775490,67.414230,68.624504
23,10.400000,23,24,0.848571,0.000000,38.493282,36.335861,35.904678
22,10.400000,23,22,0.848571,5.019215,56.647285,58.676392,59.127510
21,10.400000,22,21,5.019215,9.936433,59.158768,60.319984,59.478401
20,10.400000,21,20,9.936433,19.180023,62.758121,68.418808,68.769302
23,10.600000,23,24,1.254906,0.000000,38.576962,37.588905,39.232025
22,10.600000,23,22,1.254906,5.086270,55.576450,57.944225,58.111847
21,10.600000,22,21,5.086270,10.188409,60.027962,59.723469,59.851639
20,10.600000,21,20,10.188409,19.540022,70.630417,69.212250,68.972778
23,10.800000,23,24,1.635319,0.000000,45.375332,43.177734,42.545414
22,10.800000,23,22,1.635319,5.184483,56.027126,57.382153,57.252865
21,10.800000,22,21,5.184483,10.467885,62.979645,59.710510,59.932999
20,10.800000,21,20,10.467885,19.880024,65.735390,69.519188,69.062096
23,11.000000,23,24,1.902433,0.000000,42.010876,45.145466,44.782867
22,11.000000,23,22,1.902433,5.294968,60.986053,56.355888,56.497395
21,11.000000,22,21,5.294968,10.751365,57.770180,60.063736,60.511677
20,11.000000,21,20,10.751365,20.200024,67.536499,68.359177,69.309563
23,11.200000,23,24,2.143345,0.000000,48.076427,47.906960,46.494583
22,11.200000,23,22,2.143345,5.433287,58.066879,56.039169,56.098427
21,11.200000,22,21,5.433287,10.969050,65.338226,61.221844,61.386379
20,11.200000,21,20,10.969050,20.560024,72.334457,67.484283,69.411797
23,11.400000,23,24,2.331960,0.000000,46.339691,47.370087,47.820038
22,11.400000,23,22,2.331960,5.587732,55.260960,56.025986,56.022511
21,11.400000,22,21,5.587732,11.174924,63.965782,61.106766,61.328163
20,11.400000,21,20,11.174924,20.940025,61.767654,67.920830,69.765167
23,11.600000,23,24,2.491190,0.000000,49.754559,48.550304,48.795570
22,11.600000,23,22,2.491190,5.754046,55.533352,56.078663,56.511246
21,11.600000,22,21,5.754046,11.365394,60.706116,61.782867,60.753212
20,11.600000,21,20,11.365394,21.320024,67.817146,68.562714,69.935471
23,11.800000,23,24,2.627609,0.000000,47.343044,48.625595,49.663414
22,11.800000,23,22,2.627609,5.934600,59.042580,56.248966,57.100887
21,11.800000,22,21,5.934600,11.585488,59.312984,61.627968,60.442909
20,11.800000,21,20,11.585488,21.660025,69.442093,69.931229,70.114883
23,12.000000,23,24,2.790528,0.000000,52.739231,51.165749,50.726036
22,12.000000,23,22,2.790528,6.104079,54.002274,56.785416,57.390293
21,12.000000,22,21,6.104079,11.839758,63.699856,60.909195,60.278183
20,12.000000,21,20,11.839758,21.960026,71.115967,70.705879,70.178413
23,12.200000,23,24,2.903657,0.000000,51.533974,51.978184,51.314133
22,12.200000,23,22,2.903657,6.266227,58.048244,57.210461,58.066807
21,12.200000,22,21,6.266227,12.096976,62.837776,62.275696,60.097824
20,12.200000,21,20,12.096976,22.340027,71.287537,69.236160,70.282234
23,12.400000,23,24,3.010363,0.000000,54.634079,52.074116,51.636147
22,12.400000,23,22,3.010363,6.400923,63.414120,56.803268,58.263302
21,12.400000,22,21,6.400923,12.354195,58.790741,62.206108,60.145439
20,12.400000,21,20,12.354195,22.680027,74.602364,69.257813,70.356186
23,12.600000,23,24,3.096092,0.000000,57.591843,51.611214,52.092281
22,12.600000,23,22,3.096092,6.544108,53.849831,56.833679,58.860123
21,12.600000,22,21,6.544108,12.619375,66.265381,62.618778,60.204876
20,12.600000,21,20,12.619375,23.020027,70.008102,69.473755,70.560173
23,12.800000,23,24,3.194474,0.000000,53.113304,51.299110,52.580338
22,12.800000,23,22,3.194474,6.697768,64.561493,56.930450,59.213688
21,12.800000,22,21,6.697768,12.884556,62.319008,62.703186,60.083923
20,12.800000,21,20,12.884556,23.380028,71.506676,70.420227,70.470459
23,13.000000,23,24,3.293939,0.000000,58.920097,53.178852,53.026093
22,13.000000,23,22,3.293939,6.837904,55.147812,57.480415,59.391273
21,13.000000,22,21,6.837904,13.214050,64.956436,62.242153,60.399292
20,13.000000,21,20,13.214050,23.720028,65.538124,69.908752,70.334816
23,13.200000,23,24,3.401309,0.000000,53.634567,53.154636,53.594051
22,13.200000,23,22,3.401309,6.978738,57.067772,58.714870,59.570259
21,13.200000,22,21,6.978738,13.533466,62.630234,62.675625,60.561630
20,13.200000,21,20,13.533466,24.060028,65.317474,69.397430,70.333412
23,13.400000,23,24,3.506529,0.000000,47.690254,54.217415,54.172028
22,13.400000,23,22,3.506529,7.065355,58.971134,59.450420,59.274601
21,13.400000,22,21,7.065355,13.819416,57.727211,62.499897,61.067883
20,13.400000,21,20,13.819416,24.380028,69.172340,70.171822,70.487320
23,13.600000,23,24,3.615270,0.000000,56.598530,54.702938,54.756409
22,13.600000,23,22,3.615270,7.147154,61.715736,59.677307,58.979008
21,13.600000,22,21,7.147154,14.124104,62.151279,62.507244,61.357361
20,13.600000,21,20,14.124104,24.700029,73.690414,70.149055,70.337807
23,13.800000,23,24,3.700150,0.000000,55.958790,55.429562,55.104599
22,13.800000,23,22,3.700150,7.224673,56.359135,59.891041,58.780128
21,13.800000,22,21,7.224673,14.417895,63.096565,62.973312,61.566872
20,13.800000,21,20,14.417895,25.000029,70.420914,71.192947,70.316666
23,14.000000,23,24,3.766921,0.000000,57.993637,55.929268,55.234592
22,14.000000,23,22,3.766921,7.285446,56.270306,60.454193,58.743252
21,14.000000,22,21,7.285446,14.704141,58.920761,63.535091,61.999878
20,14.000000,21,20,14.704141,25.340029,72.133629,69.693855,70.528641
23,14.200000,23,24,3.840023,0.000000,54.282742,54.610065,55.653027
22,14.200000,23,22,3.840023,7.369430,64.286171,59.404007,58.798283
21,14.200000,22,21,7.369430,14.907807,62.503571,64.337837,62.102455
20,14.200000,21,20,14.907807,25.640030,72.992531,70.994377,70.685333
23,14.400000,23,24,3.920016,0.000000,55.549789,55.762371,56.193394
22,14.400000,23,22,3.920016,7.471496,59.549942,58.983509,59.011932
21,14.400000,22,21,7.471496,15.085438,61.183468,63.776379,62.117653
20,14.400000,21,20,15.085438,26.020031,75.164703,70.743423,70.790115
23,14.600000,23,24,3.982430,0.000000,56.990112,55.430832,56.508446
22,14.600000,23,22,3.982430,7.573561,60.725399,60.039619,59.038658
21,14.600000,22,21,7.573561,15.275110,60.517315,63.836487,62.163712
20,14.600000,21,20,15.275110,26.360031,74.091064,71.870956,70.900482
23,14.800000,23,24,4.034590,0.000000,60.097603,55.275280,56.702705
22,14.800000,23,22,4.034590,7.638934,60.731010,59.079243,58.938393
21,14.800000,22,21,7.638934,15.492469,61.265648,63.890736,62.434433
20,14.800000,21,20,15.492469,26.700031,70.051231,72.972580,70.862534
23,15.000000,23,24,4.073688,0.000000,58.133648,57.101929,56.892578
22,15.000000,23,22,4.073688,7.732851,57.130066,58.280277,59.045143
21,15.000000,22,21,7.732851,15.768465,57.485325,64.068314,62.698277
20,15.000000,21,20,15.768465,27.020031,75.018997,71.708603,70.762894
23,15.200000,23,24,4.073688,0.000000,64.251556,57.340267,56.871738
22,15.200000,23,22,4.073688,7.869929,61.097221,57.577133,59.704956
21,15.200000,22,21,7.869929,16.028023,68.386742,64.748344,63.004715
20,15.200000,21,20,16.028023,27.340033,68.596039,71.611488,70.620712
23,15.400000,23,24,4.068707,0.000000,62.425667,54.975235,56.844372
22,15.400000,23,22,4.068707,7.980184,66.894775,58.921898,60.016315
21,15.400000,22,21,7.980184,16.285984,62.342770,64.639809,63.078671
20,15.400000,21,20,16.285984,27.740032,71.198875,71.906670,70.807716
23,15.600000,23,24,4.137872,0.000000,60.560558,55.473515,57.152763
22,15.600000,23,22,4.137872,8.090440,57.389389,59.836834,59.881031
21,15.600000,22,21,8.090440,16.536036,62.571075,64.794701,63.346008
20,15.600000,21,20,16.536036,28.060032,72.386253,72.514694,70.497383
23,15.800000,23,24,4.185751,0.000000,53.326740,56.676662,57.379673
22,15.800000,23,22,4.185751,8.182643,59.369308,58.836983,59.965992
21,15.800000,22,21,8.182643,16.820530,60.637409,65.156235,63.662506
20,15.800000,21,20,16.820530,28.460033,71.941322,73.356049,70.523735
23,16.000000,23,24,4.215577,0.000000,58.266575,56.352512,57.707413
22,16.000000,23,22,4.215577,8.296686,61.182728,58.888805,60.633972
21,16.000000,22,21,8.296686,17.102951,62.632259,65.381828,63.974586
20,16.000000,21,20,17.102951,28.800034,67.557915,73.584953,70.521759
23,16.200000,23,24,4.263801,0.000000,52.651829,57.295067,57.903801
22,16.200000,23,22,4.263801,8.422809,65.906761,59.608780,60.588043
21,16.200000,22,21,8.422809,17.385370,65.707283,65.675125,64.138168
20,16.200000,21,20,17.385370,29.060034,71.061745,73.479370,70.230377
23,16.400000,23,24,4.291976,0.000000,57.999611,59.163918,58.035599
22,16.400000,23,22,4.291976,8.539714,63.490009,59.312782,61.709728
21,16.400000,22,21,8.539714,17.676456,67.697098,65.695198,64.343117
20,16.400000,21,20,17.676456,29.400034,71.226639,73.035431,70.104683
23,16.600000,23,24,4.307033,0.000000,63.873009,57.490555,58.137711
22,16.600000,23,22,4.307033,8.663324,63.752285,59.402893,62.201885
21,16.600000,22,21,8.663324,17.981569,62.616364,65.126457,64.702553
20,16.600000,21,20,17.981569,29.740034,76.975914,72.159256,70.246140
23,16.800000,23,24,4.342948,0.000000,55.553173,58.542526,58.299824
22,16.800000,23,22,4.342948,8.768399,63.973671,60.575062,62.289326
21,16.800000,22,21,8.768399,18.230942,65.559036,64.428261,65.026192
20,16.800000,21,20,18.230942,30.060036,72.961121,72.662560,70.053635
23,17.000000,23,24,4.395296,0.000000,52.261234,58.435181,58.544945
22,17.000000,23,22,4.395296,8.873474,60.737450,61.256538,62.380138
21,17.000000,22,21,8.873474,18.508713,62.464230,64.600533,65.001633
20,17.000000,21,20,18.508713,30.440035,76.489693,74.101952,70.003357
23,17.200000,23,24,4.451112,0.000000,60.347916,58.641228,58.780830
22,17.200000,23,22,4.451112,8.940547,59.688072,61.757622,61.990448
21,17.200000,22,21,8.940547,18.816467,62.958652,63.905201,65.434105
20,17.200000,21,20,18.816467,30.840036,68.904472,74.254128,69.711937
23,17.400000,23,24,4.514878,0.000000,63.420219,59.018799,59.071590
22,17.400000,23,22,4.514878,9.032737,60.695477,61.675343,61.747559
21,17.400000,22,21,9.032737,19.105394,59.998180,64.642845,65.658051
20,17.400000,21,20,19.105394,31.160036,66.036247,73.935280,69.872177
23,17.600000,23,24,4.588230,0.000000,61.949783,59.261135,59.490211
22,17.600000,23,22,4.588230,9.129897,59.329060,61.457703,61.711056
21,17.600000,22,21,9.129897,19.354267,60.486603,65.054398,65.855431
20,17.600000,21,20,19.354267,31.400038,62.714966,72.428185,70.111206
23,17.800000,23,24,4.684558,0.000000,64.753143,59.469036,60.012169
22,17.800000,23,22,4.684558,9.226617,60.666088,62.039852,61.249702
21,17.800000,22,21,9.226617,19.630499,64.291496,63.924461,66.158264
20,17.800000,21,20,19.630499,31.700037,76.192596,72.443443,71.296150
23,18.000000,23,24,4.787369,0.000000,60.511303,59.140087,60.393475
22,18.000000,23,22,4.787369,9.321445,63.897449,62.556591,60.863693
21,18.000000,22,21,9.321445,19.871956,66.722633,64.690918,66.311577
20,18.000000,21,20,19.871956,32.060040,73.814117,72.552078,72.706245
23,18.200000,23,24,4.892797,0.000000,60.201702,60.828979,60.650742
22,18.200000,23,22,4.892797,9.426424,58.823414,61.680859,60.345001
21,18.200000,22,21,9.426424,20.147352,61.995438,64.472145,66.497894
20,18.200000,21,20,20.147352,32.400040,72.090302,73.561020,73.729515
23,18.400000,23,24,4.949284,0.000000,60.315456,61.366951,60.910381
22,18.400000,23,22,4.949284,9.531404,64.615387,61.852615,60.232071
21,18.400000,22,21,9.531404,20.417463,63.090580,64.907829,66.710312
20,18.400000,21,20,20.417463,32.720039,68.971031,74.388062,74.127426
23,18.600000,23,24,4.993598,0.000000,60.149208,60.537392,61.028561
22,18.600000,23,22,4.993598,9.619862,59.671741,62.194626,60.086304
21,18.600000,22,21,9.619862,20.695793,67.177605,65.349518,66.949158
20,18.600000,21,20,20.695793,33.120037,72.849480,74.963402,76.063217
23,18.800000,23,24,5.058692,0.000000,61.330235,62.786030,61.346664
22,18.800000,23,22,5.058692,9.708321,59.941681,62.397903,60.049889
21,18.800000,22,21,9.708321,20.973377,68.263153,65.114647,67.129921
20,18.800000,21,20,20.973377,33.420040,77.003845,75.827858,77.041733
23,19.000000,23,24,5.071855,0.000000,57.883541,62.153732,61.704777
22,19.000000,23,22,5.071855,9.770323,55.955116,62.697319,60.406681
21,19.000000,22,21,9.770323,21.278351,67.760742,64.475136,67.454727
20,19.000000,21,20,21.278351,33.800041,75.659630,76.926178,78.196404
23,19.200000,23,24,5.097009,0.000000,65.338760,62.597626,61.866211
22,19.200000,23,22,5.097009,9.813818,61.699364,63.483334,60.589298
21,19.200000,22,21,9.813818,21.633459,65.224037,65.105911,67.803894
20,19.200000,21,20,21.633459,34.100040,77.750282,77.436836,78.264862
23,19.400000,23,24,5.153325,0.000000,62.005482,62.030163,62.000172
22,19.400000,23,22,5.153325,9.853245,50.545765,63.918858,60.357128
21,19.400000,22,21,9.853245,22.001143,65.451202,65.812508,68.196022
20,19.400000,21,20,22.001143,34.420040,80.688744,76.805588,78.782036
23,19.600000,23,24,5.232394,0.000000,62.730949,62.797699,62.409351
22,19.600000,23,22,5.232394,9.918056,67.610878,63.789005,59.938759
21,19.600000,22,21,9.918056,22.368826,70.996918,66.569016,68.512840
20,19.600000,21,20,22.368826,34.820042,86.342766,77.058441,79.269409
23,19.800000,23,24,5.281059,0.000000,67.426308,63.083515,62.620232
22,19.800000,23,22,5.281059,9.988129,60.772255,63.817345,59.552414
21,19.800000,22,21,9.988129,22.739954,70.338577,67.885384,68.780289
20,19.800000,21,20,22.739954,35.200043,77.857307,77.598373,79.753647
23,20.000000,23,24,5.308620,0.000000,67.775940,62.135361,62.788574
22,20.000000,23,22,5.308620,10.067278,60.191147,63.668949,59.499054
21,20.000000,22,21,10.067278,23.075001,67.124001,67.566559,69.188797
20,20.000000,21,20,23.075001,35.580044,83.793365,78.611168,80.826912
23,20.200000,23,24,5.344668,0.000000,66.545700,62.645931,62.961838
22,20.200000,23,22,5.344668,10.146427,57.848183,63.985348,59.542850
21,20.200000,22,21,10.146427,23.475483,67.272400,67.761162,69.465195
20,20.200000,21,20,23.475483,35.600044,78.101372,77.254639,79.548035
23,20.400000,23,24,5.341325,0.000000,62.759293,62.901993,63.057991
22,20.400000,23,22,5.341325,10.229625,65.273087,63.201397,60.022594
21,20.400000,22,21,10.229625,23.857718,70.076492,68.462090,69.831505
20,20.400000,21,20,23.857718,35.600044,83.245056,76.323990,78.990875
23,20.600000,23,24,5.335055,0.000000,62.479927,62.538326,62.954445
22,20.600000,23,22,5.335055,10.362289,58.237122,63.417881,60.372231
21,20.600000,22,21,10.362289,24.174206,68.984787,67.825272,70.054276
20,20.600000,21,20,24.174206,35.600044,77.149506,75.983337,78.265320
23,20.800000,23,24,5.363682,0.000000,58.944817,62.843746,63.166439
22,20.800000,23,22,5.363682,10.489835,54.887299,63.546913,60.704491
21,20.800000,22,21,10.489835,24.493200,69.051819,68.366417,70.373772
20,20.800000,21,20,24.493200,35.600044,73.472443,75.086006,77.258217
23,21.000000,23,24,5.385174,0.000000,60.925335,62.784893,63.323078
22,21.000000,23,22,5.385174,10.626886,59.558346,63.767128,61.126007
21,21.000000,22,21,10.626886,24.771303,66.471535,68.271286,70.360992
20,21.000000,21,20,24.771303,35.600044,74.432762,74.881996,75.601051
23,21.200000,23,24,5.414993,0.000000,64.682281,63.995583,63.460011
22,21.200000,23,22,5.414993,10.739494,61.081261,64.366661,61.390663
21,21.200000,22,21,10.739494,25.020264,71.105644,69.062653,70.518921
20,21.200000,21,20,25.020264,35.600044,74.296051,74.313873,74.813721
23,21.400000,23,24,5.442097,0.000000,64.421745,64.179169,63.754364
22,21.400000,23,22,5.442097,10.821745,62.823898,65.182480,61.691257
21,21.400000,22,21,10.821745,25.203684,69.154312,69.319420,70.630577
20,21.400000,21,20,25.203684,35.600044,72.357979,73.843384,74.035477
23,21.600000,23,24,5.453221,0.000000,59.210133,64.616707,64.068161
22,21.600000,23,22,5.453221,10.945000,66.955688,64.130096,62.136623
21,21.600000,22,21,10.945000,25.380274,76.340134,68.735733,70.647110
20,21.600000,21,20,25.380274,35.600048,72.074211,73.332771,73.430199
23,21.800000,23,24,5.441066,0.000000,65.734718,64.082191,63.997250
22,21.800000,23,22,5.441066,11.061760,65.092926,64.160332,62.404152
21,21.800000,22,21,11.061760,25.551491,72.783035,68.613327,70.843857
20,21.800000,21,20,25.551491,35.600048,74.120300,73.143646,73.036873
23,22.000000,23,24,5.472198,0.000000,64.846992,64.146347,64.123650
22,22.000000,23,22,5.472198,11.178521,57.596367,64.767418,62.442406
21,22.000000,22,21,11.178521,25.707735,73.732651,68.164467,70.840446
20,22.000000,21,20,25.707735,35.600048,71.586868,72.890442,71.972336
23,22.200000,23,24,5.495321,0.000000,63.317963,63.998711,63.771942
22,22.200000,23,22,5.495321,11.274687,60.924225,64.658104,62.228298
21,22.200000,22,21,11.274687,25.841398,69.936577,67.955894,70.881989
20,22.200000,21,20,25.841398,35.600048,71.704361,72.273018,71.378853
23,22.400000,23,24,5.514333,0.000000,68.450081,63.362823,63.842896
22,22.400000,23,22,5.514333,11.399090,63.842247,64.615692,62.610939
21,22.400000,22,21,11.399090,25.961458,70.401611,67.823723,70.768387
20,22.400000,21,20,25.961458,35.600048,69.577324,71.699013,70.926872
23,22.600000,23,24,5.542290,0.000000,63.302406,63.787037,64.335480
22,22.600000,23,22,5.542290,11.495583,62.687088,65.313972,62.967426
21,22.600000,22,21,11.495583,26.074499,72.156265,67.603233,70.769592
20,22.600000,21,20,26.074499,35.600048,66.154915,71.512619,70.263916
23,22.800000,23,24,5.535775,0.000000,62.499474,63.125816,64.207436
22,22.800000,23,22,5.535775,11.590393,67.056358,65.274841,63.079632
21,22.800000,22,21,11.590393,26.193235,70.252090,66.642654,70.857689
20,22.800000,21,20,26.193235,35.600048,72.203545,71.452988,69.779343
23,23.000000,23,24,5.545224,0.000000,66.731514,63.900688,64.437691
22,23.000000,23,22,5.545224,11.686166,62.633377,65.058411,63.467770
21,23.000000,22,21,11.686166,26.246294,69.551300,67.791847,70.817368
20,23.000000,21,20,26.246294,35.600052,71.190315,70.213371,70.247841
23,23.200000,23,24,5.548440,0.000000,65.826912,64.286674,64.509598
22,23.200000,23,22,5.548440,11.812046,62.880421,64.977821,63.749058
21,23.200000,22,21,11.812046,26.253586,69.281868,68.988487,70.762604
20,23.200000,21,20,26.253586,35.600052,72.438736,70.047165,70.209869
23,23.400000,23,24,5.560397,0.000000,62.696018,64.105713,64.581078
22,23.400000,23,22,5.560397,11.967942,62.323086,64.622673,64.062424
21,23.400000,22,21,11.967942,26.242033,71.272720,69.694824,70.576111
20,23.400000,21,20,26.242033,35.600052,74.107658,69.129387,70.202248
23,23.600000,23,24,5.568133,0.000000,66.730652,65.029625,64.639923
22,23.600000,23,22,5.568133,12.149425,64.385590,64.539322,64.527939
21,23.600000,22,21,12.149425,26.264883,74.673988,69.905647,70.435326
20,23.600000,21,20,26.264883,35.600052,64.746696,70.139542,69.991478
23,23.800000,23,24,5.618871,0.000000,64.314293,64.416679,64.904999
22,23.800000,23,22,5.618871,12.330907,64.771492,65.506027,64.853363
21,23.800000,22,21,12.330907,26.297716,67.605873,68.738380,70.286964
20,23.800000,21,20,26.297716,35.600052,71.562790,69.514847,69.749680
23,24.000000,23,24,5.661554,0.000000,62.051910,65.853958,65.124931
22,24.000000,23,22,5.661554,12.454331,71.130051,66.076378,64.853912
21,24.000000,22,21,12.454331,26.320482,69.919136,68.797997,70.148849
20,24.000000,21,20,26.320482,35.600052,69.095184,68.650436,69.552406
23,24.200000,23,24,5.689404,0.000000,66.419647,67.693764,65.186325
22,24.200000,23,22,5.689404,12.563581,64.358955,65.569923,64.807487
21,24.200000,22,21,12.563581,26.336081,65.968002,68.537041,70.027695
20,24.200000,21,20,26.336081,35.600052,69.728317,68.098053,69.334930
23,24.400000,23,24,5.700544,0.000000,62.950336,65.517166,65.276672
22,24.400000,23,22,5.700544,12.675871,68.057213,66.718330,65.043549
21,24.400000,22,21,12.675871,26.296120,68.825287,68.712692,69.877182
20,24.400000,21,20,26.296120,35.600056,68.517227,68.291740,69.772026
23,24.600000,23,24,5.