3,0.200000,4,3,0.000000,0.000000,43.134823,42.889118,42.529121
1,0.200000,1,2,0.000000,0.000000,54.384483,NaN,52.474251
0,0.200000,1,0,0.000000,0.000000,56.724804,NaN,57.577248
2,0.200000,2,3,0.000000,0.000000,60.743626,NaN,60.000000
3,0.400000,4,3,0.000000,0.265781,47.148483,44.356567,43.883072
1,0.400000,1,2,0.000001,0.000001,54.216236,NaN,52.474251
0,0.400000,1,0,0.000001,0.000001,58.100605,NaN,57.577248
2,0.400000,2,3,0.000001,0.265781,61.998901,NaN,59.707527
3,0.600000,4,3,0.000000,0.565781,42.433331,45.557007,45.232536
1,0.600000,1,2,0.175409,-0.133079,55.565689,45.513073,53.124271
0,0.600000,1,0,0.175409,0.000001,62.093193,60.159180,57.336540
2,0.600000,2,3,-0.133079,0.565781,58.019920,62.218678,59.213402
3,0.800000,4,3,0.000000,0.852855,44.482029,46.520939,46.383648
1,0.800000,1,2,0.175410,-0.133079,55.009171,50.702763,53.124271
0,0.800000,1,0,0.175410,0.000001,55.027012,57.072964,57.336540
2,0.800000,2,3,-0.133079,0.852855,60.785133,60.789867,58.873016
3,1.000000,4,3,0.000000,1.139014,50.419384,47.212036,47.421200
1,1.000000,1,2,0.294275,-0.298651,56.341190,50.468414,53.690979
0,1.000000,1,0,0.294275,0.000002,57.642159,57.895218,57.170341
2,1.000000,2,3,-0.298651,1.139014,54.609375,60.592545,58.314804
3,1.200000,4,3,0.000000,1.375247,43.343029,48.111137,48.208824
1,1.200000,1,2,0.407532,-0.446875,51.992310,51.414261,54.187073
0,1.200000,1,0,0.407532,0.000002,55.202568,56.673073,57.009575
2,1.200000,2,3,-0.446875,1.375247,55.739746,58.822521,57.816017
3,1.400000,4,3,0.000000,1.623761,50.159706,48.542896,48.980019
1,1.400000,1,2,0.407532,-0.446875,49.600506,52.227432,54.187073
0,1.400000,1,0,0.407532,0.000002,58.732006,56.559967,57.009575
2,1.400000,2,3,-0.446875,1.623761,54.950623,58.611759,57.480957
3,1.600000,4,3,0.000000,1.754294,48.637672,49.232658,49.364166
1,1.600000,1,2,0.523435,-0.586714,51.121159,52.877247,54.651299
0,1.600000,1,0,0.523435,0.000003,52.769272,56.725712,56.842556
2,1.600000,2,3,-0.586714,1.754294,64.495186,56.904621,57.104290
3,1.800000,4,3,0.000000,1.985186,48.536507,50.629757,50.012062
1,1.800000,1,2,0.319858,-0.586714,58.551395,52.920277,54.283386
0,1.800000,1,0,0.319858,0.000003,58.906120,55.833267,57.134235
2,1.800000,2,3,-0.586714,1.985186,54.953754,57.242947,56.771942
3,2.000000,4,3,0.000000,1.985186,51.524590,50.774242,50.012062
1,2.000000,1,2,0.472332,-0.586713,52.804531,54.203941,54.560104
0,2.000000,1,0,0.472332,0.000004,58.194160,55.840363,56.916519
2,2.000000,2,3,-0.586713,1.985186,56.608471,56.412094,56.771942
3,2.200000,4,3,0.000000,1.985186,47.800079,50.983978,50.012066
1,2.200000,1,2,0.472332,-0.586713,58.175491,54.616318,54.560104
0,2.200000,1,0,0.472332,0.000004,47.228554,55.049915,56.916519
2,2.200000,2,3,-0.586713,1.985186,56.061382,55.770828,56.771942
3,2.400000,4,3,0.000000,2.098920,53.131458,49.297417,50.317539
1,2.400000,1,2,0.472332,-0.586713,61.289036,54.532528,54.560104
0,2.400000,1,0,0.472332,0.000004,59.418991,55.152489,56.916519
2,2.400000,2,3,-0.586713,2.098920,60.085190,55.441299,56.604420
3,2.600000,4,3,0.000000,2.206541,57.673630,48.966938,50.598892
1,2.600000,1,2,0.472333,-0.586712,45.903759,54.977497,54.560104
0,2.600000,1,0,0.472333,0.000005,55.603527,56.360336,56.916519
2,2.600000,2,3,-0.586712,2.206541,51.148533,55.170868,56.443481
3,2.800000,4,3,0.000000,2.362573,50.490257,51.695824,50.994278
1,2.800000,1,2,0.623372,-0.782225,60.489735,53.981331,55.163990
0,2.800000,1,0,0.623372,0.000005,59.801521,56.376171,56.696457
2,2.800000,2,3,-0.782225,2.362573,58.045799,54.826405,55.900505
3,3.000000,4,3,0.000000,2.470770,52.464581,52.564533,51.260231
1,3.000000,1,2,0.623372,-0.782225,57.752857,54.815952,55.163990
0,3.000000,1,0,0.623372,0.000005,57.326221,56.059879,56.696457
2,3.000000,2,3,-0.782225,2.470770,56.459835,53.941792,55.727776
3,3.200000,4,3,0.000000,2.470770,52.652912,51.060123,51.260235
1,3.200000,1,2,0.623373,-0.782225,57.403381,54.706921,55.163990
0,3.200000,1,0,0.623373,0.000006,57.030964,55.705566,56.696457
2,3.200000,2,3,-0.782225,2.470770,54.323345,53.555080,55.727776
3,3.400000,4,3,0.000000,2.470771,50.399208,50.691692,51.260235
1,3.400000,1,2,0.623373,-0.782224,54.006588,55.391464,55.163990
0,3.400000,1,0,0.623373,0.000006,53.322376,55.643593,56.696457
2,3.400000,2,3,-0.782224,2.470771,62.960487,53.599510,55.727776
3,3.600000,4,3,0.000000,2.730716,54.580818,51.819332,51.873775
1,3.600000,1,2,0.623373,-0.782224,59.085690,55.278915,55.163990
0,3.600000,1,0,0.623373,0.000006,57.487362,55.737099,56.696457
2,3.600000,2,3,-0.782224,2.730716,56.423717,54.079754,55.301197
3,3.800000,4,3,0.000000,3.017526,51.126339,52.185356,52.512775
1,3.800000,1,2,0.623374,-0.782224,57.332359,55.311584,55.163990
0,3.800000,1,0,0.623374,0.000007,58.910896,56.080109,56.696457
2,3.800000,2,3,-0.782224,3.017526,53.193638,53.848064,54.810230
3,4.000000,4,3,0.000000,3.147604,53.501900,51.458263,52.790638
1,4.000000,1,2,0.623374,-0.782223,59.522701,55.582012,55.163990
0,4.000000,1,0,0.623374,0.000007,53.800907,56.091530,56.696457
2,4.000000,2,3,-0.782223,3.147604,54.649494,53.737511,54.580025
3,4.200000,4,3,0.000000,3.147605,50.968235,52.670563,52.790642
1,4.200000,1,2,0.623374,-0.782223,55.299911,55.837463,55.163990
0,4.200000,1,0,0.623374,0.000007,55.330120,56.299061,56.696457
2,4.200000,2,3,-0.782223,3.147605,57.041828,53.407661,54.580025
3,4.400000,4,3,0.000000,3.301159,52.935936,54.169010,53.109749
1,4.400000,1,2,0.623375,-0.927752,58.160427,56.101776,55.407898
0,4.400000,1,0,0.623375,0.000008,53.489983,56.476013,56.696457
2,4.400000,2,3,-0.927752,3.301159,52.399429,53.902618,54.031441
3,4.600000,4,3,0.000000,3.301160,47.410461,53.943207,53.109753
1,4.600000,1,2,0.623375,-0.927752,56.141651,55.085411,55.407898
0,4.600000,1,0,0.623375,0.000008,54.563847,57.020531,56.696457
2,4.600000,2,3,-0.927752,3.301160,57.004845,54.034317,54.031441
3,4.800000,4,3,0.000000,3.301160,52.015194,55.791222,53.109753
1,4.800000,1,2,0.802886,-0.927751,53.351368,55.676258,55.701405
0,4.800000,1,0,0.802886,0.000008,53.442574,56.755196,56.428970
2,4.800000,2,3,-0.927751,3.301160,50.580139,54.574139,54.031441
3,5.000000,4,3,0.000000,3.114694,56.605141,52.495083,52.721008
1,5.000000,1,2,0.802886,-0.927751,54.928940,54.669464,55.701405
0,5.000000,1,0,0.802886,0.000009,56.903515,56.991432,56.428970
2,5.000000,2,3,-0.927751,3.114694,54.812813,54.154484,54.376701
3,5.200000,4,3,0.000000,3.114694,49.248631,50.784454,52.721008
1,5.200000,1,2,0.802887,-0.729997,56.179306,54.784592,55.377625
0,5.200000,1,0,0.802887,0.000009,58.385967,56.644485,56.428970
2,5.200000,2,3,-0.729997,3.114694,53.958195,54.588890,54.731247
3,5.400000,4,3,0.000000,3.114695,52.551098,54.555347,52.721008
1,5.400000,1,2,0.802887,-0.729996,53.896599,53.501930,55.377625
0,5.400000,1,0,0.802887,0.000010,57.234566,56.563507,56.428970
2,5.400000,2,3,-0.729996,3.114695,59.055767,55.299313,54.731247
3,5.600000,4,3,0.000000,3.009165,54.256508,52.645618,52.494671
1,5.600000,1,2,0.802887,-0.729996,57.629913,53.637943,55.377625
0,5.600000,1,0,0.802887,0.000010,55.505634,56.557064,56.428970
2,5.600000,2,3,-0.729996,3.009165,54.877270,55.727165,54.915813
3,5.800000,4,3,0.000000,3.009165,51.516087,53.182465,52.494671
1,5.800000,1,2,1.019848,-0.848839,56.398895,53.322613,55.921844
0,5.800000,1,0,1.019848,0.000010,61.149582,56.570061,56.096638
2,5.800000,2,3,-0.848839,3.009165,55.237583,56.123371,54.707741
3,6.000000,4,3,0.000000,3.135818,50.169769,54.440582,52.765755
1,6.000000,1,2,1.019849,-0.848838,51.468803,54.937214,55.921844
0,6.000000,1,0,1.019849,0.000011,55.402027,55.867058,56.096638
2,6.000000,2,3,-0.848838,3.135818,53.698166,55.744064,54.481510
3,6.200000,4,3,0.000000,3.135819,53.763744,52.284641,52.765755
1,6.200000,1,2,1.019849,-0.730779,56.291782,55.206680,55.733604
0,6.200000,1,0,1.019849,0.000011,51.918556,55.646652,56.096638
2,6.200000,2,3,-0.730779,3.135819,56.827919,55.073494,54.692535
3,6.400000,4,3,0.000000,3.135819,52.004906,53.249779,52.765755
1,6.400000,1,2,1.019849,-0.730778,61.972832,54.182114,55.733604
0,6.400000,1,0,1.019849,0.000011,59.321808,55.559658,56.096638
2,6.400000,2,3,-0.730778,3.135819,54.809311,55.602657,54.692535
3,6.600000,4,3,0.000000,3.135820,53.541019,52.408394,52.765755
1,6.600000,1,2,1.019850,-0.730778,51.115067,54.208675,55.733604
0,6.600000,1,0,1.019850,0.000012,58.444233,55.813728,56.096638
2,6.600000,2,3,-0.730778,3.135820,58.112240,55.672741,54.692535
3,6.800000,4,3,0.000000,2.965158,54.349785,51.288761,52.398872
1,6.800000,1,2,1.019850,-0.934142,55.340855,54.788391,56.055855
0,6.800000,1,0,1.019850,0.000012,57.899994,55.576225,56.096638
2,6.800000,2,3,-0.934142,2.965158,56.073444,55.452660,54.634491
3,7.000000,4,3,0.000000,3.080669,58.548168,53.442902,52.648544
1,7.000000,1,2,1.019850,-0.934141,56.966331,55.422146,56.055855
0,7.000000,1,0,1.019850,0.000012,59.022858,55.520969,56.096638
2,7.000000,2,3,-0.934141,3.080669,54.042057,55.735229,54.426949
3,7.200000,4,3,0.000000,3.244471,51.076004,54.160278,52.993034
1,7.200000,1,2,1.019851,-0.691448,63.221600,55.262012,55.670166
0,7.200000,1,0,1.019851,0.000013,56.992485,55.718971,56.096638
2,7.200000,2,3,-0.691448,3.244471,52.557686,56.838268,54.569126
3,7.400000,4,3,0.000000,3.244471,50.599186,53.990997,52.993034
1,7.400000,1,2,1.019851,-0.691448,49.777317,55.168438,55.670166
0,7.400000,1,0,1.019851,0.000013,54.898323,55.759319,56.096638
2,7.400000,2,3,-0.691448,3.244471,55.920506,55.990360,54.569126
3,7.600000,4,3,0.000000,3.244471,53.510231,52.174465,52.993034
1,7.600000,1,2,1.019851,-0.691447,51.351692,56.054020,55.670166
0,7.600000,1,0,1.019851,0.000013,53.792267,55.920448,56.096638
2,7.600000,2,3,-0.691447,3.244471,54.419399,56.193535,54.569126
3,7.800000,4,3,0.000000,3.244472,51.349075,53.430782,52.993034
1,7.800000,1,2,1.019852,-0.787609,57.534782,55.984970,55.824631
0,7.800000,1,0,1.019852,0.000014,53.279827,55.971565,56.096638
2,7.800000,2,3,-0.787609,3.244472,55.131310,55.967766,54.395576
3,8.000000,4,3,0.000000,3.244472,53.837219,53.438122,52.993034
1,8.000000,1,2,1.019852,-0.787608,59.700161,55.568382,55.824631
0,8.000000,1,0,1.019852,0.000014,54.408134,56.836960,56.096638
2,8.000000,2,3,-0.787608,3.244472,52.752605,56.197536,54.395576
3,8.200000,4,3,0.000000,3.244472,49.377758,52.902126,52.993034
1,8.200000,1,2,0.894503,-0.787608,55.900261,55.362576,55.622841
0,8.200000,1,0,0.894503,0.000015,59.246937,57.409767,56.289886
2,8.200000,2,3,-0.787608,3.244472,57.676601,55.793430,54.395576
3,8.400000,4,3,0.000000,3.244473,48.057476,53.643456,52.993034
1,8.400000,1,2,0.894503,-0.616445,54.300987,55.782307,55.341106
0,8.400000,1,0,0.894503,0.000015,51.376839,57.528725,56.289886
2,8.400000,2,3,-0.616445,3.244473,50.131268,56.060131,54.702583
3,8.600000,4,3,0.000000,3.244473,48.455261,52.039940,52.993034
1,8.600000,1,2,0.702628,-0.616445,56.350681,55.204029,55.016335
0,8.600000,1,0,0.702628,0.000015,53.197853,57.136505,56.579185
2,8.600000,2,3,-0.616445,3.244473,53.791222,55.882248,54.702583
3,8.800000,4,3,0.000000,3.244473,52.108639,52.512497,52.993038
1,8.800000,1,2,0.702629,-0.799671,56.989784,54.514584,55.326675
0,8.800000,1,0,0.702629,0.000016,56.602467,57.806095,56.579185
2,8.800000,2,3,-0.799671,3.244473,55.017387,55.677029,54.373604
3,9.000000,4,3,0.000000,3.395873,52.119080,53.845154,53.302006
1,9.000000,1,2,0.541261,-0.799671,55.057987,55.551132,55.053825
0,9.000000,1,0,0.541261,0.000016,57.348415,57.662033,56.816658
2,9.000000,2,3,-0.799671,3.395873,48.378960,55.176857,54.094040
3,9.200000,4,3,0.000000,3.395874,54.837418,53.300446,53.302010
1,9.200000,1,2,0.718419,-0.799670,54.381886,56.223461,55.353008
0,9.200000,1,0,0.718419,0.000016,53.767361,57.921585,56.555664
2,9.200000,2,3,-0.799670,3.395874,55.294277,55.821484,54.094040
3,9.400000,4,3,0.000000,3.395874,54.709492,52.737411,53.302010
1,9.400000,1,2,0.718420,-0.799670,54.553104,56.063721,55.353008
0,9.400000,1,0,0.718420,0.000017,55.762863,57.154205,56.555664
2,9.400000,2,3,-0.799670,3.395874,53.987061,55.557152,54.094040
3,9.600000,4,3,0.000000,3.395875,49.565136,53.777584,53.302010
1,9.600000,1,2,0.718420,-0.643768,52.897110,55.830990,55.090164
0,9.600000,1,0,0.718420,0.000017,53.911076,56.175671,56.555664
2,9.600000,2,3,-0.643768,3.395875,55.795639,56.004539,54.381805
3,9.800000,4,3,0.000000,3.395875,53.451729,53.263233,53.302010
1,9.800000,1,2,0.718420,-0.643767,58.138268,55.060997,55.090164
0,9.800000,1,0,0.718420,0.000017,53.782612,56.081142,56.555664
2,9.800000,2,3,-0.643767,3.395875,60.526527,56.547699,54.381805
3,10.000000,4,3,0.000000,3.395875,58.206783,53.538307,53.302010
1,10.000000,1,2,0.718421,-0.782119,55.256645,54.726017,55.323734
0,10.000000,1,0,0.718421,0.000018,59.311920,56.328995,56.555664
2,10.000000,2,3,-0.782119,3.395875,54.465866,55.691139,54.126816
3,10.200000,4,3,0.000000,3.395875,58.910454,53.863991,53.302010
1,10.200000,1,2,0.835658,-0.666216,56.698620,55.419792,55.325966
0,10.200000,1,0,0.835658,0.000018,56.357388,56.167732,56.379436
2,10.200000,2,3,-0.666216,3.395875,50.692371,55.648983,54.340836
3,10.400000,4,3,0.000000,3.395876,52.786961,53.493538,53.302010
1,10.400000,1,2,0.835658,-0.666216,59.575176,55.485191,55.325966
0,10.400000,1,0,0.835658,0.000018,52.542614,56.372478,56.379436
2,10.400000,2,3,-0.666216,3.395876,56.296356,55.456131,54.340836
3,10.600000,4,3,0.000000,3.395876,51.367577,54.004406,53.302010
1,10.600000,1,2,0.835658,-0.666216,55.998131,55.863380,55.325966
0,10.600000,1,0,0.835658,0.000019,53.236149,56.271599,56.379436
2,10.600000,2,3,-0.666216,3.395876,57.665035,55.544231,54.340836
3,10.800000,4,3,0.000000,3.294305,51.498775,54.927711,53.095703
1,10.800000,1,2,0.835659,-0.666215,56.792362,55.621883,55.325966
0,10.800000,1,0,0.835659,0.000019,54.107464,55.752460,56.379436
2,10.800000,2,3,-0.666215,3.294305,55.619480,55.336285,54.524986
3,11.000000,4,3,0.000000,3.294305,51.983059,52.917194,53.095703
1,11.000000,1,2,0.835659,-0.502625,54.877239,55.021130,55.049294
0,11.000000,1,0,0.835659,0.000019,55.908703,56.776939,56.379436
2,11.000000,2,3,-0.502625,3.294305,56.022373,54.198662,54.815166
3,11.200000,4,3,0.000000,3.148190,55.795540,50.791878,52.791874
1,11.200000,1,2,0.835659,-0.336442,54.010811,54.529179,54.760826
0,11.200000,1,0,0.835659,0.000020,55.368855,56.607494,56.379436
2,11.200000,2,3,-0.336442,3.148190,51.600212,54.540867,55.348473
3,11.400000,4,3,0.000000,3.148190,51.935390,52.419773,52.791874
1,11.400000,1,2,0.835660,-0.479202,56.407841,54.187553,55.009094
0,11.400000,1,0,0.835660,0.000020,55.768417,56.540447,56.379436
2,11.400000,2,3,-0.479202,3.148190,55.931805,55.231155,55.107929
3,11.600000,4,3,0.000000,3.148191,52.763527,52.589806,52.791878
1,11.600000,1,2,0.835660,-0.479202,55.385166,54.415192,55.009094
0,11.600000,1,0,0.835660,0.000021,58.877361,56.180340,56.379436
2,11.600000,2,3,-0.479202,3.148191,52.994221,55.572552,55.107929
3,11.800000,4,3,0.000000,3.384718,49.844521,51.883808,53.279541
1,11.800000,1,2,0.835660,-0.479201,55.354073,54.827950,55.009094
0,11.800000,1,0,0.835660,0.000021,55.857571,55.310909,56.379436
2,11.800000,2,3,-0.479201,3.384718,53.666370,55.268105,54.697277
3,12.000000,4,3,0.000000,3.384718,50.274582,53.116478,53.279541
1,12.000000,1,2,0.835661,-0.479201,53.259956,54.647652,55.009094
0,12.000000,1,0,0.835661,0.000021,51.903904,55.403267,56.379436
2,12.000000,2,3,-0.479201,3.384718,56.791912,54.500893,54.697277
3,12.200000,4,3,0.000000,3.384718,52.162327,53.739010,53.279541
1,12.200000,1,2,0.979012,-0.479201,55.484917,54.711910,55.252808
0,12.200000,1,0,0.979012,0.000022,51.322681,55.773716,56.159988
2,12.200000,2,3,-0.479201,3.384718,58.577408,54.202038,54.697277
3,12.400000,4,3,0.000000,3.384719,55.216835,55.456547,53.279541
1,12.400000,1,2,0.979012,-0.479200,48.726463,54.749683,55.252808
0,12.400000,1,0,0.979012,0.000022,57.325783,55.541912,56.159988
2,12.400000,2,3,-0.479200,3.384719,55.251583,54.361259,54.697277
3,12.600000,4,3,0.000000,3.384719,53.076454,52.678722,53.279541
1,12.600000,1,2,0.979012,-0.364463,52.139881,54.388477,55.058182
0,12.600000,1,0,0.979012,0.000022,57.573715,55.499187,56.159988
2,12.600000,2,3,-0.364463,3.384719,55.065079,53.896355,54.898422
3,12.800000,4,3,0.000000,3.384720,50.492809,52.227692,53.279541
1,12.800000,1,2,0.979013,-0.364463,51.079582,54.581715,55.058182
0,12.800000,1,0,0.979013,0.000023,57.000019,56.413231,56.159988
2,12.800000,2,3,-0.364463,3.384720,53.247250,53.806019,54.898422
3,13.000000,4,3,0.000000,3.384720,53.348358,52.805126,53.279541
1,13.000000,1,2,0.979013,-0.477266,55.494118,54.228802,55.249557
0,13.000000,1,0,0.979013,0.000023,52.746506,56.514534,56.159988
2,13.000000,2,3,-0.477266,3.384720,61.980225,54.086159,54.700699
3,13.200000,4,3,0.000000,3.533226,53.253513,54.458492,53.574902
1,13.200000,1,2,0.979014,-0.643672,54.086094,54.839870,55.525856
0,13.200000,1,0,0.979014,0.000023,57.694824,56.834610,56.159988
2,13.200000,2,3,-0.643672,3.533226,55.620033,53.743446,54.128860
3,13.400000,4,3,0.000000,3.533227,53.114246,53.202652,53.574902
1,13.400000,1,2,0.979014,-0.643672,56.100189,55.920574,55.525856
0,13.400000,1,0,0.979014,0.000024,52.330681,56.559803,56.159988
2,13.400000,2,3,-0.643672,3.533227,52.904945,53.529819,54.128860
3,13.600000,4,3,0.000000,3.650610,51.554722,53.594631,53.802803
1,13.600000,1,2,0.979014,-0.643672,53.942730,54.931404,55.525856
0,13.600000,1,0,0.979014,0.000024,52.662506,56.296104,56.159988
2,13.600000,2,3,-0.643672,3.650610,53.039837,53.994762,53.907757
3,13.800000,4,3,0.000000,3.650610,57.538662,53.415539,53.802807
1,13.800000,1,2,1.112014,-0.643671,52.106159,55.480705,55.741737
0,13.800000,1,0,1.112014,0.000024,57.410736,56.469795,55.952347
2,13.800000,2,3,-0.643671,3.650610,52.311962,53.605316,53.907757
3,14.000000,4,3,0.000000,3.650611,51.043327,55.350422,53.802807
1,14.000000,1,2,1.112014,-0.643671,58.610065,55.994942,55.741737
0,14.000000,1,0,1.112014,0.000025,57.548237,56.150608,55.952347
2,14.000000,2,3,-0.643671,3.650611,59.593323,53.450428,53.907757
3,14.200000,4,3,0.000000,3.748777,57.381115,52.605621,53.989796
1,14.200000,1,2,1.218173,-0.643671,51.755280,55.915424,55.911018
0,14.200000,1,0,1.218173,0.000025,57.640495,55.955524,55.783707
2,14.200000,2,3,-0.643671,3.748777,53.369083,54.023556,53.719334
3,14.400000,4,3,0.000000,3.748777,56.971458,54.539955,53.989796
1,14.400000,1,2,1.476254,-0.435673,58.909149,55.796494,55.989979
0,14.400000,1,0,1.476254,0.000026,54.983883,55.742725,55.362469
2,14.400000,2,3,-0.435673,3.748777,54.443432,54.466537,54.114769
3,14.600000,4,3,0.000000,3.748778,47.577377,52.941479,53.989796
1,14.600000,1,2,1.476254,-0.285986,55.910610,56.676441,55.752266
0,14.600000,1,0,1.476254,0.000026,54.073769,54.620197,55.362469
2,14.600000,2,3,-0.285986,3.748778,49.463779,54.650330,54.390694
3,14.800000,4,3,0.000000,3.748778,52.187859,54.193108,53.989799
1,14.800000,1,2,1.476255,-0.285985,56.188423,56.590019,55.752266
0,14.800000,1,0,1.476255,0.000026,59.055420,55.269955,55.362469
2,14.800000,2,3,-0.285985,3.748778,52.690018,54.532242,54.390694
3,15.000000,4,3,0.000000,3.956632,55.269989,53.701248,54.375401
1,15.000000,1,2,1.776255,-0.285985,54.763638,56.609592,56.223564
0,15.000000,1,0,1.776255,0.000027,60.601555,55.460129,54.851341
2,15.000000,2,3,-0.285985,3.956632,57.080860,54.501690,54.005630
3,15.200000,4,3,0.000000,3.956633,55.438004,54.713974,54.375401
1,15.200000,1,2,1.776255,-0.130377,57.253010,56.221287,55.981659
0,15.200000,1,0,1.776255,0.000027,53.608910,53.875694,54.851341
2,15.200000,2,3,-0.130377,3.956633,55.892883,54.769440,54.295181
3,15.400000,4,3,0.000000,3.956633,53.004765,54.820499,54.375401
1,15.400000,1,2,1.665618,-0.130377,54.692760,55.417912,55.806328
0,15.400000,1,0,1.665618,0.000027,55.709110,54.788326,55.042656
2,15.400000,2,3,-0.130377,3.956633,54.437916,55.191639,54.295181
3,15.600000,4,3,0.000000,3.956633,51.376534,56.095600,54.375404
1,15.600000,1,2,1.560353,-0.130377,59.165180,55.542984,55.636837
0,15.600000,1,0,1.560353,0.000028,57.428383,55.056980,55.221596
2,15.600000,2,3,-0.130377,3.956633,58.005096,55.104923,54.295181
3,15.800000,4,3,0.000000,3.795560,57.470806,54.375542,54.077785
1,15.800000,1,2,1.560353,-0.130376,57.704712,55.729149,55.636837
0,15.800000,1,0,1.560353,0.000028,53.200256,54.510582,55.221596
2,15.800000,2,3,-0.130376,3.795560,54.578194,54.679424,54.586983
3,16.000000,4,3,0.000000,3.795560,55.362061,54.384556,54.077789
1,16.000000,1,2,1.428869,-0.130376,53.143948,54.878391,55.421349
0,16.000000,1,0,1.428869,0.000028,53.862034,54.397644,55.441048
2,16.000000,2,3,-0.130376,3.795560,54.322655,54.786690,54.586983
3,16.200000,4,3,0.000000,3.648106,49.210003,52.794212,53.797997
1,16.200000,1,2,1.428870,0.047093,57.308716,54.279373,55.123543
0,16.200000,1,0,1.428870,0.000029,53.036507,54.621140,55.441048
2,16.200000,2,3,0.047093,3.648106,49.420609,55.042747,55.152779
3,16.400000,4,3,0.000000,3.648107,56.364700,54.074970,53.797997
1,16.400000,1,2,1.428870,0.047093,54.452496,54.773136,55.123543
0,16.400000,1,0,1.428870,0.000029,58.998264,54.540157,55.441048
2,16.400000,2,3,0.047093,3.648107,53.482307,55.909332,55.152779
3,16.600000,4,3,0.000000,3.648107,54.717941,53.576900,53.797997
1,16.600000,1,2,1.428870,0.047094,54.169579,54.978378,55.123543
0,16.600000,1,0,1.428870,0.000029,56.333385,54.375610,55.441048
2,16.600000,2,3,0.047094,3.648107,54.191132,55.691380,55.152779
3,16.800000,4,3,0.000000,3.648107,47.759815,53.925117,53.797997
1,16.800000,1,2,1.428871,0.047094,57.429928,55.190441,55.123543
0,16.800000,1,0,1.428871,0.000030,50.581783,54.406399,55.441048
2,16.800000,2,3,0.047094,3.648107,51.679222,55.132275,55.152779
3,17.000000,4,3,0.000000,3.648108,51.900482,54.406345,53.797997
1,17.000000,1,2,1.428871,0.047094,53.830029,55.141567,55.123543
0,17.000000,1,0,1.428871,0.000030,56.190983,54.794716,55.441048
2,17.000000,2,3,0.047094,3.648108,53.411289,55.062267,55.152779
3,17.200000,4,3,0.000000,3.783436,56.108036,54.674858,54.055054
1,17.200000,1,2,1.428872,0.047095,53.496216,55.092186,55.123543
0,17.200000,1,0,1.428872,0.000030,50.346031,55.164761,55.441048
2,17.200000,2,3,0.047095,3.783436,56.046673,55.423504,54.920700
3,17.400000,4,3,0.000000,3.783437,56.228016,55.185631,54.055054
1,17.400000,1,2,1.562070,0.047095,59.458511,55.273201,55.347816
0,17.400000,1,0,1.562070,0.000031,57.065605,55.188362,55.218708
2,17.400000,2,3,0.047095,3.783437,56.805874,54.993858,54.920700
3,17.600000,4,3,0.000000,3.936610,57.638294,55.257599,54.338844
1,17.600000,1,2,1.562070,0.047095,59.727020,56.006058,55.347816
0,17.600000,1,0,1.562070,0.000031,60.143414,55.220329,55.218708
2,17.600000,2,3,0.047095,3.936610,54.057632,54.557892,54.651894
3,17.800000,4,3,0.000000,3.936610,54.546177,54.011379,54.338844
1,17.800000,1,2,1.562070,0.047096,55.012035,56.806992,55.347816
0,17.800000,1,0,1.562070,0.000032,55.600533,55.058624,55.218708
2,17.800000,2,3,0.047096,3.936610,54.696487,54.511017,54.651894
3,18.000000,4,3,0.000000,3.936610,59.341099,53.908260,54.338844
1,18.000000,1,2,1.562071,0.047096,62.041840,56.504650,55.347816
0,18.000000,1,0,1.562071,0.000032,55.746170,54.899609,55.218708
2,18.000000,2,3,0.047096,3.936610,52.668938,54.466549,54.651894
3,18.200000,4,3,0.000000,3.936611,52.442459,53.600510,54.338844
1,18.200000,1,2,1.562071,0.047097,56.064404,56.200932,55.347816
0,18.200000,1,0,1.562071,0.000032,59.184307,55.054939,55.218708
2,18.200000,2,3,0.047097,3.936611,50.796257,54.471504,54.651894
3,18.400000,4,3,0.000000,3.936611,47.693836,54.907528,54.338848
1,18.400000,1,2,1.562071,0.047097,52.419479,56.044083,55.347816
0,18.400000,1,0,1.562071,0.000033,56.569672,54.939880,55.218708
2,18.400000,2,3,0.047097,3.936611,53.423943,54.400276,54.651894
3,18.600000,4,3,0.000000,3.936611,57.298058,54.051544,54.338848
1,18.600000,1,2,1.562072,0.047097,53.973232,55.670147,55.347816
0,18.600000,1,0,1.562072,0.000033,57.489079,54.986275,55.218708
2,18.600000,2,3,0.047097,3.936611,51.432980,54.459408,54.651894
3,18.800000,4,3,0.000000,3.936612,59.429352,53.126591,54.338848
1,18.800000,1,2,1.562072,0.047098,54.316181,55.467777,55.347816
0,18.800000,1,0,1.562072,0.000033,52.094353,55.040401,55.218708
2,18.800000,2,3,0.047098,3.936612,57.199383,54.571602,54.651894
3,19.000000,4,3,0.000000,3.936612,55.115746,54.389851,54.338852
1,19.000000,1,2,1.562073,0.164984,55.392181,55.329895,55.149559
0,19.000000,1,0,1.562073,0.000034,54.398872,54.935406,55.218708
2,19.000000,2,3,0.164984,3.936612,55.269173,54.439259,54.859364
3,19.200000,4,3,0.000000,3.936612,57.574326,56.070099,54.338852
1,19.200000,1,2,1.562073,0.164985,53.276398,55.346317,55.149559
0,19.200000,1,0,1.562073,0.000034,55.818668,55.057716,55.218708
2,19.200000,2,3,0.164985,3.936612,53.222019,54.545418,54.859364
3,19.400000,4,3,0.000000,3.936613,54.891113,54.868904,54.338852
1,19.400000,1,2,1.562073,0.164985,53.212002,55.000473,55.149559
0,19.400000,1,0,1.562073,0.000034,53.816227,55.168423,55.218708
2,19.400000,2,3,0.164985,3.936613,57.220612,53.664032,54.859364
3,19.600000,4,3,0.000000,4.093762,55.881065,54.222511,54.622501
1,19.600000,1,2,1.562074,0.061784,55.402542,54.891048,55.323318
0,19.600000,1,0,1.562074,0.000035,54.479042,55.353657,55.218708
2,19.600000,2,3,0.061784,4.093762,55.154602,52.928658,54.395760
3,19.800000,4,3,0.000000,4.093763,55.312344,54.782394,54.622505
1,19.800000,1,2,1.562074,0.061784,55.281391,55.050449,55.323318
0,19.800000,1,0,1.562074,0.000035,53.911858,55.236988,55.218708
2,19.800000,2,3,0.061784,4.093763,56.414577,52.815567,54.395760
3,20.000000,4,3,0.000000,4.093763,56.232548,53.387230,54.622505
1,20.000000,1,2,1.562074,0.061784,58.171204,54.611275,55.323318
0,20.000000,1,0,1.562074,0.000035,54.804337,55.086422,55.218708
2,20.000000,2,3,0.061784,4.093763,55.205200,52.595390,54.395760
3,20.200000,4,3,0.000000,4.301338,55.462414,54.696232,54.986160
1,20.200000,1,2,1.562075,0.061785,54.606052,55.155758,55.323318
0,20.200000,1,0,1.562075,0.000036,57.184383,55.110691,55.218708
2,20.200000,2,3,0.061785,4.301338,55.241432,53.309444,54.011406
3,20.400000,4,3,0.000000,4.118436,51.425957,53.817787,54.666370
1,20.400000,1,2,1.430148,0.061785,49.333023,54.918434,55.100697
0,20.400000,1,0,1.430148,0.000036,58.990711,55.671261,55.438950
2,20.400000,2,3,0.061785,4.118436,53.938446,52.351433,54.350780
3,20.600000,4,3,0.000000,4.118436,54.175091,53.381256,54.666374
1,20.600000,1,2,1.430149,0.061785,57.936024,54.990570,55.100697
0,20.600000,1,0,1.430149,0.000037,55.173191,55.779163,55.438950
2,20.600000,2,3,0.061785,4.118436,54.296646,53.086567,54.350780
3,20.800000,4,3,0.000000,4.118437,55.802502,54.197647,54.666374
1,20.800000,1,2,1.430149,0.061786,55.798756,55.322220,55.100697
0,20.800000,1,0,1.430149,0.000037,57.455704,55.470745,55.438950
2,20.800000,2,3,0.061786,4.118437,53.305126,53.636181,54.350780
3,21.000000,4,3,0.000000,4.118437,51.379593,54.765614,54.666374
1,21.000000,1,2,1.430149,0.061786,57.887463,55.105392,55.100697
0,21.000000,1,0,1.430149,0.000037,56.702461,55.351357,55.438950
2,21.000000,2,3,0.061786,4.118437,50.533691,54.804066,54.350780
3,21.200000,4,3,0.000000,4.118437,53.588902,55.705463,54.666374
1,21.200000,1,2,1.430150,0.061787,55.652916,55.423679,55.100697
0,21.200000,1,0,1.430150,0.000038,53.568604,55.954098,55.438950
2,21.200000,2,3,0.061787,4.118437,52.174088,55.212677,54.350780
3,21.400000,4,3,0.000000,4.230313,57.022152,55.640110,54.863094
1,21.400000,1,2,1.430150,0.061787,49.555748,55.344452,55.100697
0,21.400000,1,0,1.430150,0.000038,53.702480,55.429520,55.438950
2,21.400000,2,3,0.061787,4.230313,61.411213,54.866226,54.144455
3,21.600000,4,3,0.000000,4.230314,50.176903,54.684826,54.863098
1,21.600000,1,2,1.430151,0.061787,50.698353,55.002621,55.100697
0,21.600000,1,0,1.430151,0.000038,56.131077,55.275394,55.438950
2,21.600000,2,3,0.061787,4.230314,56.063152,54.474964,54.144455
3,21.800000,4,3,0.000000,4.053753,53.070313,53.975948,54.550987
1,21.800000,1,2,1.562200,0.061788,58.384815,55.580490,55.323524
0,21.800000,1,0,1.562200,0.000039,56.615185,55.541969,55.218502
2,21.800000,2,3,0.061788,4.053753,56.415001,54.335144,54.468307
3,22.000000,4,3,0.000000,3.892529,54.227642,54.962116,54.257931
1,22.000000,1,2,1.562201,0.061788,54.749340,55.795479,55.323524
0,22.000000,1,0,1.562201,0.000039,58.304993,55.323364,55.218502
2,22.000000,2,3,0.061788,3.892529,58.005405,55.434551,54.755825
3,22.200000,4,3,0.000000,3.981519,56.043015,54.908669,54.420666
1,22.200000,1,2,1.562201,0.061788,51.728138,55.147224,55.323524
0,22.200000,1,0,1.562201,0.000039,51.841187,54.712418,55.218502
2,22.200000,2,3,0.061788,3.981519,52.966866,55.929565,54.598068
3,22.400000,4,3,0.000000,4.117401,55.910107,53.765446,54.664536
1,22.400000,1,2,1.562201,0.061789,59.181854,54.935772,55.323524
0,22.400000,1,0,1.562201,0.000040,51.521503,54.441715,55.218502
2,22.400000,2,3,0.061789,4.117401,52.246552,55.732361,54.352676
3,22.600000,4,3,0.000000,4.117402,57.293793,55.160427,54.664536
1,22.600000,1,2,1.562202,0.061789,54.698219,54.189075,55.323524
0,22.600000,1,0,1.562202,0.000040,58.815651,54.192978,55.218502
2,22.600000,2,3,0.061789,4.117402,56.226387,55.352844,54.352676
3,22.800000,4,3,0.000000,4.117402,59.587879,55.129379,54.664536
1,22.800000,1,2,1.449168,-0.056615,52.063572,54.424088,55.332489
0,22.800000,1,0,1.449168,0.000040,51.988331,54.124622,55.407478
2,22.800000,2,3,-0.056615,4.117402,54.778500,54.554325,54.134232
3,23.000000,4,3,0.000000,4.117403,53.952259,54.447243,54.664536
1,23.000000,1,2,1.449169,0.184785,57.120098,54.947224,54.921959
0,23.000000,1,0,1.449169,0.000041,56.998264,55.125023,55.407478
2,23.000000,2,3,0.184785,4.117403,50.466282,55.815567,54.575035
3,23.200000,4,3,0.000000,3.891859,55.921772,54.661465,54.256699
1,23.200000,1,2,1.449169,0.312304,59.979836,54.776085,54.698662
0,23.200000,1,0,1.449169,0.000041,53.688221,55.086002,55.407478
2,23.200000,2,3,0.312304,3.891859,47.266033,56.267418,55.189129
3,23.400000,4,3,0.000000,3.891860,56.471832,55.752621,54.256699
1,23.400000,1,2,1.449170,0.312305,55.941727,54.058502,54.698662
0,23.400000,1,0,1.449170,0.000041,55.393456,55.976791,55.407478
2,23.400000,2,3,0.312305,3.891860,50.697361,56.724285,55.189129
3,23.600000,4,3,0.000000,3.891860,57.490124,54.364323,54.256699
1,23.600000,1,2,1.313647,0.202998,55.118969,53.867344,54.652184
0,23.600000,1,0,1.313647,0.000042,54.122375,56.286491,55.629799
2,23.600000,2,3,0.202998,3.891860,56.833633,56.936970,55.002693
3,23.800000,4,3,0.000000,4.035160,52.973644,53.660915,54.517590
1,23.800000,1,2,1.313647,0.202998,52.193340,53.991024,54.652184
0,23.800000,1,0,1.313647,0.000042,60.356125,56.136520,55.629799
2,23.800000,2,3,0.202998,4.035160,64.020584,56.217163,54.753326
3,24.000000,4,3,0.000000,4.035161,49.258404,54.433422,54.517593
1,24.000000,1,2,1.313647,0.299042,58.066929,53.623783,54.480179
0,24.000000,1,0,1.313647,0.000043,56.582291,55.495304,55.629799
2,24.000000,2,3,0.299042,4.035161,51.140461,56.485409,54.921089
3,24.200000,4,3,0.000000,4.035161,54.716728,54.533501,54.517593
1,24.200000,1,2,1.313648,0.442099,44.891315,54.448586,54.218819
0,24.200000,1,0,1.313648,0.000043,51.933777,55.267269,55.629799
2,24.200000,2,3,0.442099,4.035161,51.821949,56.496151,55.166260
3,24.400000,4,3,0.000000,4.035161,56.548199,56.019848,54.517593
1,24.400000,1,2,1.313648,0.442099,52.328114,54.069313,54.218819
0,24.400000,1,0,1.313648,0.000043,55.875397,55.972450,55.629799
2,24.400000,2,3,0.442099,4.035161,49.895164,56.142448,55.166260
3,24.600000,4,3,0.000000,4.035161,53.734989,53.463772,54.517593
1,24.600000,1,2,1.313648,0.442100,53.239658,54.305798,54.218819
0,24.600000,1,0,1.313648,0.000044,53.131508,56.000832,55.629799
2,24.600000,2,3,0.442100,4.035161,55.749393,56.415604,55.166260
3,24.800000,4,3,0.000000,3.931379,53.115032,54.442814,54.329277
1,24.800000,1,2,1.313649,0.442100,59.514805,54.196190,54.218819
0,24.800000,1,0,1.313649,0.000044,55.216480,55.601135,55.629799
2,24.800000,2,3,0.442100,3.931379,56.831703,56.466667,55.340729
3,25.000000,4,3,0.000000,3.931379,56.034016,55.243618,54.329277
1,25.000000,1,2,1.436970,0.442100,58.979343,54.371178,54.444496
0,25.000000,1,0,1.436970,0.000044,58.716541,55.374966,55.427681
2,25.000000,2,3,0.442100,3.931379,53.866463,56.185432,55.340729
3,25.200000,4,3,0.000000,4.067461,57.323006,54.111004,54.575542
1,25.200000,1,2,1.436971,0.442101,50.180878,54.471634,54.444496
0,25.200000,1,0,1.436971,0.000045,59.090809,55.594006,55.427681
2,25.200000,2,3,0.442101,4.067461,53.137920,55.942204,55.111389
3,25.400000,4,3,0.000000,4.067461,55.457741,55.711159,54.575542
1,25.400000,1,2,1.436971,0.442101,54.907101,54.560806,54.444496
0,25.400000,1,0,1.436971,0.000045,55.614174,55.372204,55.427681
2,25.400000,2,3,0.442101,4.067461,52.727997,55.552898,55.111389
3,25.600000,4,3,0.000000,4.067462,50.793819,54.914841,54.575542
1,25.600000,1,2,1.537918,0.671390,62.072479,55.336678,54.209526
0,25.600000,1,0,1.537918,0.000045,57.687561,55.552628,55.259388
2,25.600000,2,3,0.671390,4.067462,56.733601,55.760975,55.495056
3,25.800000,4,3,0.000000,4.067462,52.119827,54.397659,54.575546
1,25.80000