1,0.200000,1,2,0.000000,0.000000,51.108585,NaN,52.474251
0,0.200000,1,0,0.000000,0.000000,55.893120,NaN,57.577248
2,0.200000,3,2,0.000000,0.000000,55.063385,NaN,60.000000
3,0.200000,3,4,0.000000,0.000000,45.792728,42.086456,42.529121
1,0.400000,1,2,0.000001,-0.202133,49.392792,NaN,52.904537
0,0.400000,1,0,0.000001,0.000001,56.455948,NaN,57.577248
2,0.400000,3,2,0.300001,-0.202133,67.867874,NaN,59.440651
3,0.400000,3,4,0.300001,0.000000,44.598495,43.272243,44.045746
1,0.600000,1,2,0.000001,-0.202132,49.074203,52.806465,52.904537
0,0.600000,1,0,0.000001,0.000001,57.704464,59.622261,57.577248
2,0.600000,3,2,0.562239,-0.202132,62.020386,65.383919,59.136662
3,0.600000,3,4,0.562239,0.000000,48.297798,46.435867,45.217545
1,0.800000,1,2,0.000001,-0.202132,55.846138,53.401516,52.904537
0,0.800000,1,0,0.000001,0.000001,53.578846,58.368282,57.577248
2,0.800000,3,2,0.862239,-0.202132,60.638702,64.456818,58.778130
3,0.800000,3,4,0.862239,0.000000,44.556885,46.105392,46.419296
1,1.000000,1,2,0.300002,-0.202132,54.168335,50.289284,53.513275
0,1.000000,1,0,0.300002,0.000002,56.464592,58.477730,57.162270
2,1.000000,3,2,1.099839,-0.202132,57.578762,61.708298,58.485519
3,1.000000,3,4,1.099839,0.000000,43.541622,47.937374,47.284882
1,1.200000,1,2,0.300002,-0.333568,56.777199,51.103626,53.769592
0,1.200000,1,0,0.300002,0.000002,56.845135,56.870468,57.162270
2,1.200000,3,2,1.346326,-0.333568,58.366917,60.858978,58.003223
3,1.200000,3,4,1.346326,0.000000,50.703285,47.620850,48.115410
1,1.400000,1,2,0.418627,-0.500543,54.162952,50.915752,54.306519
0,1.400000,1,0,0.418627,0.000002,61.225002,56.231010,56.993698
2,1.400000,3,2,1.559704,-0.500543,49.615356,59.887207,57.495174
3,1.400000,3,4,1.559704,0.000000,53.119324,49.871426,48.786411
1,1.600000,1,2,0.418628,-0.500543,52.753532,52.830509,54.306519
0,1.600000,1,0,0.418628,0.000003,53.661537,55.889908,56.993698
2,1.600000,3,2,1.559704,-0.500543,55.272953,57.495255,57.495174
3,1.600000,3,4,1.559704,0.000000,46.932640,50.652996,48.786411
1,1.800000,1,2,0.418628,-0.625751,54.776558,53.923267,54.533791
0,1.800000,1,0,0.418628,0.000003,57.903690,56.904156,56.993698
2,1.800000,3,2,1.559705,-0.625751,55.719162,57.442787,57.322594
3,1.800000,3,4,1.559705,0.000000,50.008858,50.172009,48.786415
1,2.000000,1,2,0.418628,-0.625750,54.409306,53.663979,54.533791
0,2.000000,1,0,0.418628,0.000004,51.443554,56.465149,56.993698
2,2.000000,3,2,1.559705,-0.625750,65.034500,57.423222,57.322594
3,2.000000,3,4,1.559705,0.000000,49.462784,49.216747,48.786415
1,2.200000,1,2,0.418629,-0.625750,53.333973,53.933800,54.533791
0,2.200000,1,0,0.418629,0.000004,59.480461,56.339401,56.993698
2,2.200000,3,2,1.710882,-0.625750,59.705322,57.914268,57.110489
3,2.200000,3,4,1.710882,0.000000,49.686497,49.167629,49.237907
1,2.400000,1,2,0.418629,-0.625750,55.318424,53.128834,54.533791
0,2.400000,1,0,0.418629,0.000004,61.090492,55.447792,56.993698
2,2.400000,3,2,1.710883,-0.625750,63.935387,57.952553,57.110489
3,2.400000,3,4,1.710883,0.000000,48.788525,48.783848,49.237911
1,2.600000,1,2,0.418630,-0.802565,57.239441,54.215237,54.846848
0,2.600000,1,0,0.418630,0.000005,55.557713,55.557987,56.993698
2,2.600000,3,2,1.961202,-0.802565,55.469280,56.939228,56.487816
3,2.600000,3,4,1.961202,0.000000,52.689407,48.782597,49.946533
1,2.800000,1,2,0.418630,-0.802565,48.726028,55.321526,54.846848
0,2.800000,1,0,0.418630,0.000005,57.701107,55.742241,56.993698
2,2.800000,3,2,2.179112,-0.802565,55.166946,56.019943,56.155834
3,2.800000,3,4,2.179112,0.000000,49.181091,50.133747,50.527870
1,3.000000,1,2,0.562513,-0.681774,50.662235,55.276817,54.887070
0,3.000000,1,0,0.562513,0.000005,62.196362,56.036549,56.785660
2,3.000000,3,2,2.286554,-0.681774,51.009937,55.842159,56.176464
3,3.000000,3,4,2.286554,0.000000,54.167099,51.641914,50.803440
1,3.200000,1,2,0.562514,-0.823787,54.922287,55.263657,55.131233
0,3.200000,1,0,0.562514,0.000006,60.551781,55.628677,56.785660
2,3.200000,3,2,2.474047,-0.823787,53.218922,55.242329,55.655380
3,3.200000,3,4,2.474047,0.000000,55.649879,50.218266,51.268188
1,3.400000,1,2,0.562514,-0.938393,54.738754,55.240486,55.324348
0,3.400000,1,0,0.562514,0.000006,58.612839,56.045994,56.785660
2,3.400000,3,2,2.474047,-0.938393,57.685680,54.097012,55.468117
3,3.400000,3,4,2.474047,0.000000,53.740879,51.582573,51.268188
1,3.600000,1,2,0.725164,-0.938393,57.925251,54.853283,55.592651
0,3.600000,1,0,0.725164,0.000006,55.925896,56.113487,56.545589
2,3.600000,3,2,2.474047,-0.938393,50.546391,54.486473,55.468117
3,3.600000,3,4,2.474047,0.000000,48.597252,52.566795,51.268188
1,3.800000,1,2,0.725165,-0.938392,55.483860,54.342888,55.592651
0,3.800000,1,0,0.725165,0.000007,51.136639,55.956898,56.545589
2,3.800000,3,2,2.603093,-0.938392,53.514370,54.849300,55.253319
3,3.800000,3,4,2.603093,0.000000,49.026493,51.474476,51.576881
1,4.000000,1,2,0.725165,-0.816407,55.643143,54.475266,55.392052
0,4.000000,1,0,0.725165,0.000007,57.023876,55.469334,56.545589
2,4.000000,3,2,2.603093,-0.816407,57.574192,55.035164,55.456474
3,4.000000,3,4,2.603093,0.000000,60.262955,51.855453,51.576881
1,4.200000,1,2,0.725165,-0.816407,52.780796,54.611366,55.392052
0,4.200000,1,0,0.725165,0.000007,55.682388,55.937153,56.545589
2,4.200000,3,2,2.603093,-0.816407,51.487976,55.628952,55.456474
3,4.200000,3,4,2.603093,0.000000,48.044537,50.905739,51.576881
1,4.400000,1,2,0.725166,-0.816406,50.033268,54.197556,55.392052
0,4.400000,1,0,0.725166,0.000008,57.196709,55.947010,56.545589
2,4.400000,3,2,2.603094,-0.816406,54.755081,56.155071,55.456474
3,4.400000,3,4,2.603094,0.000000,49.365250,52.810398,51.576881
1,4.600000,1,2,0.725166,-0.816406,62.319942,53.506073,55.392052
0,4.600000,1,0,0.725166,0.000008,55.791988,56.732281,56.545589
2,4.600000,3,2,2.722299,-0.816406,52.262562,56.708988,55.257988
3,4.600000,3,4,2.722299,0.000000,47.778786,51.329975,51.854439
1,4.800000,1,2,0.725166,-0.816405,53.395393,53.685741,55.392052
0,4.800000,1,0,0.725166,0.000008,53.465225,56.732708,56.545589
2,4.800000,3,2,2.722299,-0.816405,58.047817,55.994339,55.257988
3,4.800000,3,4,2.722299,0.000000,55.787613,52.331619,51.854443
1,5.000000,1,2,0.725167,-0.816405,56.454433,54.710087,55.392052
0,5.000000,1,0,0.725167,0.000009,58.127831,56.905064,56.545589
2,5.000000,3,2,2.857135,-0.816405,54.657368,55.832516,55.029018
3,5.000000,3,4,2.857135,0.000000,56.644192,53.356659,52.160076
1,5.200000,1,2,0.725167,-0.816405,53.661480,55.398495,55.392052
0,5.200000,1,0,0.725167,0.000009,52.745625,56.259232,56.545589
2,5.200000,3,2,2.857135,-0.816405,56.806419,55.354919,55.029018
3,5.200000,3,4,2.857135,0.000000,54.562183,51.801086,52.160076
1,5.400000,1,2,0.923945,-0.816404,51.776581,55.754940,55.717060
0,5.400000,1,0,0.923945,0.000010,59.324230,55.996754,56.244797
2,5.400000,3,2,3.050342,-0.816404,54.826164,55.447788,54.692272
3,5.400000,3,4,3.050342,0.000000,51.415012,52.416122,52.583549
1,5.600000,1,2,0.923946,-0.816404,55.321434,55.862202,55.717060
0,5.600000,1,0,0.923946,0.000010,57.722664,55.428543,56.244797
2,5.600000,3,2,3.163858,-0.816404,52.379890,54.776299,54.489441
3,5.600000,3,4,3.163858,0.000000,49.485298,53.600613,52.824863
1,5.800000,1,2,0.923946,-0.721542,56.413631,55.273136,55.563171
0,5.800000,1,0,0.923946,0.000010,57.965736,55.724510,56.244797
2,5.800000,3,2,3.163858,-0.721542,49.008156,54.182518,54.659203
3,5.800000,3,4,3.163858,0.000000,51.356289,52.868889,52.824863
1,6.000000,1,2,0.923946,-0.880370,54.785477,55.134102,55.819611
0,6.000000,1,0,0.923946,0.000011,59.174706,55.650261,56.244797
2,6.000000,3,2,3.163859,-0.880370,54.070366,54.270546,54.373451
3,6.000000,3,4,3.163859,0.000000,50.080402,52.127045,52.824867
1,6.200000,1,2,0.923947,-0.880370,57.581932,54.794056,55.819611
0,6.200000,1,0,0.923947,0.000011,51.260124,56.677544,56.244797
2,6.200000,3,2,3.163859,-0.880370,54.729256,53.586784,54.373451
3,6.200000,3,4,3.163859,0.000000,60.045982,52.336594,52.824867
1,6.400000,1,2,0.923947,-0.880369,56.435852,54.910728,55.819611
0,6.400000,1,0,0.923947,0.000011,51.961525,56.275330,56.244797
2,6.400000,3,2,3.163859,-0.880369,52.918415,53.183186,54.373451
3,6.400000,3,4,3.163859,0.000000,52.005642,53.107990,52.824867
1,6.600000,1,2,0.923948,-0.880369,59.662971,54.952560,55.819611
0,6.600000,1,0,0.923948,0.000012,58.273582,56.325478,56.244797
2,6.600000,3,2,3.163860,-0.880369,56.719173,53.688492,54.373451
3,6.600000,3,4,3.163860,0.000000,49.264118,52.578053,52.824867
1,6.800000,1,2,0.923948,-0.880369,55.998707,55.294014,55.819611
0,6.800000,1,0,0.923948,0.000012,57.051136,56.474072,56.244797
2,6.800000,3,2,3.163860,-0.880369,51.042217,53.824669,54.373451
3,6.800000,3,4,3.163860,0.000000,55.998051,53.754147,52.824867
1,7.000000,1,2,0.923948,-0.880368,60.207375,55.634933,55.819611
0,7.000000,1,0,0.923948,0.000012,59.443352,55.997246,56.244797
2,7.000000,3,2,3.163861,-0.880368,54.568985,53.583900,54.373451
3,7.000000,3,4,3.163861,0.000000,56.441139,53.672405,52.824867
1,7.200000,1,2,0.923949,-0.880368,50.721962,55.128799,55.819611
0,7.200000,1,0,0.923949,0.000013,57.468204,55.899998,56.244797
2,7.200000,3,2,3.008806,-0.880368,53.360825,53.769951,54.652496
3,7.200000,3,4,3.008806,0.000000,50.801769,53.212532,52.493893
1,7.400000,1,2,0.923949,-0.880368,55.280109,55.105019,55.819611
0,7.400000,1,0,0.923949,0.000013,53.074848,56.159164,56.244797
2,7.400000,3,2,3.294044,-0.880368,54.610733,54.227215,54.133492
3,7.400000,3,4,3.294044,0.000000,51.700928,52.160053,53.095169
1,7.600000,1,2,0.923949,-0.880367,55.414650,54.699631,55.819611
0,7.600000,1,0,0.923949,0.000013,60.077023,56.315868,56.244797
2,7.600000,3,2,3.294045,-0.880367,53.101162,52.732285,54.133492
3,7.600000,3,4,3.294045,0.000000,56.251827,52.626259,53.095169
1,7.800000,1,2,0.923950,-0.880367,57.505692,54.565029,55.819611
0,7.800000,1,0,0.923950,0.000014,50.149857,56.542538,56.244797
2,7.800000,3,2,3.294045,-0.880367,51.878429,52.745087,54.133492
3,7.800000,3,4,3.294045,0.000000,50.101505,52.947250,53.095173
1,8.000000,1,2,0.923950,-0.880367,58.840954,54.593491,55.819611
0,8.000000,1,0,0.923950,0.000014,57.553509,56.320278,56.244797
2,8.000000,3,2,3.294045,-0.880367,52.599274,52.790154,54.133492
3,8.000000,3,4,3.294045,0.000000,51.380173,52.608841,53.095173
1,8.200000,1,2,0.923950,-0.880366,52.480412,54.035313,55.819611
0,8.200000,1,0,0.923950,0.000015,56.314232,57.172802,56.244797
2,8.200000,3,2,3.294046,-0.880366,54.136417,52.783772,54.133492
3,8.200000,3,4,3.294046,0.000000,49.771450,53.103893,53.095173
1,8.400000,1,2,0.923951,-0.880366,58.415073,53.866455,55.819611
0,8.400000,1,0,0.923951,0.000015,54.470627,57.174095,56.244797
2,8.400000,3,2,3.294046,-0.880366,55.637974,53.166824,54.133492
3,8.400000,3,4,3.294046,0.000000,56.388577,52.585167,53.095177
1,8.600000,1,2,0.807210,-0.880365,54.721859,53.799911,55.631714
0,8.600000,1,0,0.807210,0.000015,56.560207,57.263786,56.422459
2,8.600000,3,2,3.294047,-0.880365,53.547302,53.088131,54.133492
3,8.600000,3,4,3.294047,0.000000,56.805424,53.700054,53.095177
1,8.800000,1,2,0.807210,-0.983756,51.800205,54.716663,55.798286
0,8.800000,1,0,0.807210,0.000016,56.854763,57.274754,56.422459
2,8.800000,3,2,3.184541,-0.983756,51.916088,53.433823,54.144890
3,8.800000,3,4,3.184541,0.000000,54.698841,52.116524,52.868259
1,9.000000,1,2,0.807210,-0.983755,52.674072,55.037254,55.798286
0,9.000000,1,0,0.807210,0.000016,63.044369,57.357117,56.422459
2,9.000000,3,2,3.184541,-0.983755,58.790066,53.067287,54.144890
3,9.000000,3,4,3.184541,0.000000,54.989624,52.268459,52.868259
1,9.200000,1,2,0.807211,-0.983755,55.740353,55.906403,55.798286
0,9.200000,1,0,0.807211,0.000016,56.366722,57.620159,56.422459
2,9.200000,3,2,3.184541,-0.983755,57.277363,52.854507,54.144890
3,9.200000,3,4,3.184541,0.000000,57.906822,52.942890,52.868259
1,9.400000,1,2,0.807211,-0.983754,57.037434,55.246933,55.798286
0,9.400000,1,0,0.807211,0.000017,58.953312,56.655693,56.422459
2,9.400000,3,2,3.184541,-0.983754,53.300835,53.372410,54.144890
3,9.400000,3,4,3.184541,0.000000,53.874805,54.246700,52.868263
1,9.600000,1,2,0.807211,-0.983754,54.852108,55.030281,55.798286
0,9.600000,1,0,0.807211,0.000017,55.163994,56.971439,56.422459
2,9.600000,3,2,3.184542,-0.983754,51.947258,53.615185,54.144890
3,9.600000,3,4,3.184542,0.000000,49.462406,53.718822,52.868263
1,9.800000,1,2,0.687772,-0.983754,50.384560,54.108948,55.605629
0,9.800000,1,0,0.687772,0.000017,54.744076,56.997021,56.601269
2,9.800000,3,2,3.076163,-0.983754,50.331074,53.995869,54.344810
3,9.800000,3,4,3.076163,0.000000,54.015347,51.789032,52.638912
1,10.000000,1,2,0.687772,-0.825838,54.532131,54.095665,55.345543
0,10.000000,1,0,0.687772,0.000018,57.708065,57.057858,56.601269
2,10.000000,3,2,3.076164,-0.825838,56.162262,54.319317,54.629684
3,10.000000,3,4,3.076164,0.000000,51.768608,52.876663,52.638916
1,10.200000,1,2,0.687773,-0.825838,54.388412,53.579769,55.345543
0,10.200000,1,0,0.687773,0.000018,52.431686,57.140491,56.601269
2,10.200000,3,2,3.076164,-0.825838,50.580551,54.060795,54.629684
3,10.200000,3,4,3.076164,0.000000,55.024170,53.324421,52.638916
1,10.400000,1,2,0.572756,-0.825838,55.719624,53.409866,55.152115
0,10.400000,1,0,0.572756,0.000018,60.308418,57.343254,56.770721
2,10.400000,3,2,3.076164,-0.825838,55.832695,54.720589,54.629684
3,10.400000,3,4,3.076164,0.000000,49.818096,51.781612,52.638916
1,10.600000,1,2,0.572756,-0.825837,56.688198,54.088448,55.152115
0,10.600000,1,0,0.572756,0.000019,47.948074,57.065945,56.770721
2,10.600000,3,2,3.076164,-0.825837,55.288746,54.436958,54.629684
3,10.600000,3,4,3.076164,0.000000,51.966976,52.352425,52.638916
1,10.800000,1,2,0.694469,-0.825837,56.224209,54.655125,55.356697
0,10.800000,1,0,0.694469,0.000019,56.751320,57.218136,56.591324
2,10.800000,3,2,3.246503,-0.825837,56.368084,54.894745,54.322083
3,10.800000,3,4,3.246503,0.000000,53.612320,52.675686,52.997238
1,11.000000,1,2,0.694469,-0.705901,60.457348,54.858494,55.155128
0,11.000000,1,0,0.694469,0.000019,56.195602,57.270161,56.591324
2,11.000000,3,2,3.246504,-0.705901,51.243587,54.191303,54.539566
3,11.000000,3,4,3.246504,0.000000,52.469776,53.514557,52.997238
1,11.200000,1,2,0.694469,-0.593010,55.878365,54.029354,54.961914
0,11.200000,1,0,0.694469,0.000020,54.483093,56.258179,56.591324
2,11.200000,3,2,3.246504,-0.593010,58.568466,53.747761,54.740376
3,11.200000,3,4,3.246504,0.000000,51.708405,52.047817,52.997238
1,11.400000,1,2,0.694470,-0.593009,56.003288,53.491360,54.961914
0,11.400000,1,0,0.694470,0.000020,51.441090,55.926178,56.591324
2,11.400000,3,2,3.246504,-0.593009,53.139023,53.981819,54.740376
3,11.400000,3,4,3.246504,0.000000,50.453575,52.871376,52.997238
1,11.600000,1,2,0.694470,-0.593009,52.478985,54.157455,54.961914
0,11.600000,1,0,0.694470,0.000021,60.551098,56.037624,56.591324
2,11.600000,3,2,3.246505,-0.593009,51.587029,54.425209,54.740376
3,11.600000,3,4,3.246505,0.000000,48.495827,53.479889,52.997242
1,11.800000,1,2,0.694470,-0.593008,49.113068,54.511600,54.961914
0,11.800000,1,0,0.694470,0.000021,57.750694,55.935921,56.591324
2,11.800000,3,2,3.355335,-0.593008,55.902542,54.223145,54.546856
3,11.800000,3,4,3.355335,0.000000,48.448494,54.037842,53.220139
1,12.000000,1,2,0.837023,-0.593008,52.173557,54.681362,55.205326
0,12.000000,1,0,0.837023,0.000021,56.561356,56.226921,56.377373
2,12.000000,3,2,3.355336,-0.593008,49.500774,53.847038,54.546856
3,12.000000,3,4,3.355336,0.000000,56.964790,54.175045,53.220139
1,12.200000,1,2,0.691048,-0.370619,52.403484,54.796604,54.564800
0,12.200000,1,0,0.691048,0.000022,55.559811,55.855350,56.596413
2,12.200000,3,2,3.570328,-0.370619,55.320168,54.543762,54.560120
3,12.200000,3,4,3.570328,0.000000,52.388802,54.918842,53.647453
1,12.400000,1,2,0.691048,-0.370618,54.410572,54.499313,54.564800
0,12.400000,1,0,0.691048,0.000022,59.029987,57.023624,56.596413
2,12.400000,3,2,3.570328,-0.370618,51.995831,54.476662,54.560120
3,12.400000,3,4,3.570328,0.000000,54.407925,54.294544,53.647453
1,12.600000,1,2,0.691048,-0.370618,54.262623,54.894123,54.564800
0,12.600000,1,0,0.691048,0.000022,52.493374,56.961449,56.596413
2,12.600000,3,2,3.672606,-0.370618,48.815327,54.141880,54.375282
3,12.600000,3,4,3.672606,0.000000,56.734344,54.270527,53.844986
1,12.800000,1,2,0.549194,-0.370618,53.062473,54.789780,54.307697
0,12.800000,1,0,0.549194,0.000023,56.441380,57.085636,56.805115
2,12.800000,3,2,3.672606,-0.370618,54.111172,53.832111,54.375282
3,12.800000,3,4,3.672606,0.000000,54.537037,54.059361,53.844986
1,13.000000,1,2,0.549194,-0.509449,53.234665,55.160915,54.559383
0,13.000000,1,0,0.549194,0.000023,59.887665,56.862915,56.805115
2,13.000000,3,2,3.672606,-0.509449,55.311722,53.939198,54.119240
3,13.000000,3,4,3.672606,0.000000,54.724949,53.880493,53.844986
1,13.200000,1,2,0.549194,-0.409396,57.936996,55.308926,54.378586
0,13.200000,1,0,0.549194,0.000023,58.343266,56.970806,56.805115
2,13.200000,3,2,3.672607,-0.409396,50.220634,54.360039,54.304367
3,13.200000,3,4,3.672607,0.000000,53.227421,53.509270,53.844986
1,13.400000,1,2,0.549195,-0.409396,56.770836,55.472054,54.378586
0,13.400000,1,0,0.549195,0.000024,57.889820,56.688858,56.805115
2,13.400000,3,2,3.783748,-0.409396,52.066162,54.487915,54.098526
3,13.400000,3,4,3.783748,0.000000,50.148010,53.693649,54.055637
1,13.600000,1,2,0.549195,-0.409395,53.611271,55.250481,54.378586
0,13.600000,1,0,0.549195,0.000024,53.459198,57.002369,56.805115
2,13.600000,3,2,3.783749,-0.409395,50.119701,54.675854,54.098526
3,13.600000,3,4,3.783749,0.000000,52.242767,52.548626,54.055641
1,13.800000,1,2,0.549195,-0.598557,53.436665,54.528046,54.717911
0,13.800000,1,0,0.549195,0.000024,58.884148,57.131214,56.805115
2,13.800000,3,2,3.882989,-0.598557,51.778065,54.591499,53.545433
3,13.800000,3,4,3.882989,0.000000,58.194820,53.494961,54.240341
1,14.000000,1,2,0.849196,-0.598557,60.505066,55.791733,55.235207
0,14.000000,1,0,0.849196,0.000025,60.647636,56.753849,56.358910
2,14.000000,3,2,3.882990,-0.598557,56.257526,53.953396,53.545433
3,14.000000,3,4,3.882990,0.000000,55.516617,54.045002,54.240341
1,14.200000,1,2,0.849196,-0.598557,50.932209,56.078403,55.235207
0,14.200000,1,0,0.849196,0.000025,58.533768,56.156460,56.358910
2,14.200000,3,2,3.882990,-0.598557,50.434097,53.664829,53.545433
3,14.200000,3,4,3.882990,0.000000,58.342396,55.085384,54.240341
1,14.400000,1,2,0.849196,-0.598556,58.218620,55.796040,55.235207
0,14.400000,1,0,0.849196,0.000026,57.357239,56.470623,56.358910
2,14.400000,3,2,3.882990,-0.598556,48.227089,53.879139,53.545433
3,14.400000,3,4,3.882990,0.000000,54.293087,54.735233,54.240341
1,14.600000,1,2,0.849197,-0.598556,57.875378,55.575005,55.235207
0,14.600000,1,0,0.849197,0.000026,60.755585,56.838264,56.358910
2,14.600000,3,2,3.882991,-0.598556,55.458397,54.495487,53.545433
3,14.600000,3,4,3.882991,0.000000,52.016850,52.372898,54.240345
1,14.800000,1,2,0.849197,-0.598556,59.511730,55.647991,55.235207
0,14.800000,1,0,0.849197,0.000026,56.275723,56.413776,56.358910
2,14.800000,3,2,3.718446,-0.598556,52.837696,54.677555,53.864437
3,14.800000,3,4,3.718446,0.000000,51.296562,53.230625,53.932365
1,15.000000,1,2,0.849198,-0.598555,53.995319,55.976841,55.235207
0,15.000000,1,0,0.849198,0.000027,56.121494,56.566288,56.358910
2,15.000000,3,2,3.822775,-0.598555,50.562492,54.963245,53.663269
3,15.000000,3,4,3.822775,0.000000,54.581184,54.382538,54.128647
1,15.200000,1,2,0.849198,-0.598555,55.844135,56.268234,55.235207
0,15.200000,1,0,0.849198,0.000027,61.092484,56.279800,56.358910
2,15.200000,3,2,3.822775,-0.598555,50.848530,53.368874,53.663269
3,15.200000,3,4,3.822775,0.000000,55.816349,54.256226,54.128647
1,15.400000,1,2,0.849198,-0.598554,54.507179,56.285149,55.235207
0,15.400000,1,0,0.849198,0.000027,56.630535,56.305630,56.358910
2,15.400000,3,2,4.033540,-0.598554,52.271793,53.655170,53.245121
3,15.400000,3,4,4.033540,0.000000,51.379261,54.217930,54.514675
1,15.600000,1,2,0.849199,-0.598554,61.868519,56.414806,55.235207
0,15.600000,1,0,0.849199,0.000028,58.801105,56.025879,56.358910
2,15.600000,3,2,4.033540,-0.598554,60.625957,53.129581,53.245121
3,15.600000,3,4,4.033540,0.000000,48.600021,54.553875,54.514675
1,15.800000,1,2,0.849199,-0.598554,50.137737,55.994629,55.235207
0,15.800000,1,0,0.849199,0.000028,56.464100,56.225826,56.358910
2,15.800000,3,2,4.033541,-0.598554,55.618431,53.504871,53.245121
3,15.800000,3,4,4.033541,0.000000,59.399715,54.921535,54.514675
1,16.000000,1,2,0.849199,-0.598553,56.752724,55.599697,55.235207
0,16.000000,1,0,0.849199,0.000028,56.536846,56.850834,56.358910
2,16.000000,3,2,4.158379,-0.598553,58.548222,53.731159,52.989639
3,16.000000,3,4,4.158379,0.000000,55.840828,54.309792,54.737015
1,16.200000,1,2,0.849200,-0.598553,53.643986,54.642010,55.235207
0,16.200000,1,0,0.849200,0.000029,56.817627,56.721493,56.358910
2,16.200000,3,2,4.056390,-0.598553,53.309864,53.177952,53.198807
3,16.200000,3,4,4.056390,0.000000,55.185566,53.933426,54.555714
1,16.400000,1,2,1.021484,-0.598553,49.959591,54.790154,55.521511
0,16.400000,1,0,1.021484,0.000029,53.800743,56.856792,56.094124
2,16.400000,3,2,4.056390,-0.598553,54.078453,53.476284,53.198807
3,16.400000,3,4,4.056390,0.000000,52.636780,54.771423,54.555714
1,16.600000,1,2,1.262428,-0.598552,54.482277,55.264816,55.909653
0,16.600000,1,0,1.262428,0.000029,57.356468,57.045910,55.712631
2,16.600000,3,2,4.056391,-0.598552,53.966614,54.372986,53.198807
3,16.600000,3,4,4.056391,0.000000,55.329666,55.200817,54.555717
1,16.800000,1,2,1.262428,-0.598552,50.334164,55.261200,55.909653
0,16.800000,1,0,1.262428,0.000030,56.182285,56.499729,55.712631
2,16.800000,3,2,4.056391,-0.598552,53.480331,53.445370,53.198807
3,16.800000,3,4,4.056391,0.000000,51.305489,54.159805,54.555717
1,17.000000,1,2,1.262429,-0.598552,59.495110,55.493484,55.909653
0,17.000000,1,0,1.262429,0.000030,59.000286,56.655212,55.712631
2,17.000000,3,2,4.056391,-0.598552,56.516640,53.297928,53.198807
3,17.000000,3,4,4.056391,0.000000,53.222549,53.626286,54.555717
1,17.200000,1,2,1.262429,-0.598551,60.292004,55.979565,55.909653
0,17.200000,1,0,1.262429,0.000030,51.463173,57.051083,55.712631
2,17.200000,3,2,3.932512,-0.598551,55.022289,53.339825,53.447571
3,17.200000,3,4,3.932512,0.000000,56.830215,53.901131,54.331348
1,17.400000,1,2,1.262429,-0.598551,52.420841,55.182438,55.909653
0,17.400000,1,0,1.262429,0.000031,54.396603,57.135250,55.712631
2,17.400000,3,2,3.932513,-0.598551,57.702045,53.334415,53.447571
3,17.400000,3,4,3.932513,0.000000,57.578896,52.813114,54.331352
1,17.600000,1,2,1.262430,-0.432709,60.065315,54.359158,55.643990
0,17.600000,1,0,1.262430,0.000031,57.865479,56.825272,55.712631
2,17.600000,3,2,3.932513,-0.432709,55.263844,53.559574,53.771919
3,17.600000,3,4,3.932513,0.000000,53.558746,54.656319,54.331352
1,17.800000,1,2,1.374830,-0.432709,56.128452,55.044174,55.824753
0,17.800000,1,0,1.374830,0.000032,53.065372,57.310562,55.529976
2,17.800000,3,2,3.828927,-0.432709,55.924885,54.211098,53.969704
3,17.800000,3,4,3.828927,0.000000,55.535385,54.454048,54.140114
1,18.000000,1,2,1.374831,-0.225356,48.459949,55.138607,55.488907
0,18.000000,1,0,1.374831,0.000032,51.436188,56.288670,55.529976
2,18.000000,3,2,3.672530,-0.225356,48.704994,54.452202,54.637009
3,18.000000,3,4,3.672530,0.000000,55.456627,54.342056,53.844841
1,18.200000,1,2,1.236122,-0.225356,51.191860,54.555271,55.258293
0,18.200000,1,0,1.236122,0.000032,51.246243,56.172752,55.754948
2,18.200000,3,2,3.672530,-0.225356,51.674641,55.415150,54.637009
3,18.200000,3,4,3.672530,0.000000,56.040817,52.769970,53.844841
1,18.400000,1,2,1.236122,-0.086501,53.373783,54.380077,55.022430
0,18.400000,1,0,1.236122,0.000033,60.307152,56.175026,55.754948
2,18.400000,3,2,3.672531,-0.086501,55.918640,54.978432,54.881302
3,18.400000,3,4,3.672531,0.000000,50.031929,55.791245,53.844841
1,18.600000,1,2,1.236122,-0.086500,51.058704,53.846485,55.022430
0,18.600000,1,0,1.236122,0.000033,57.124329,55.961323,55.754948
2,18.600000,3,2,3.541104,-0.086500,56.290432,55.212360,55.107567
3,18.600000,3,4,3.541104,0.000000,54.500607,54.216599,53.590347
1,18.800000,1,2,1.236123,-0.086500,53.103313,54.614388,55.022430
0,18.800000,1,0,1.236123,0.000033,63.249596,56.122871,55.754948
2,18.800000,3,2,3.659973,-0.086500,56.867245,55.415409,54.903130
3,18.800000,3,4,3.659973,0.000000,59.633987,54.428951,53.820778
1,19.000000,1,2,1.236123,-0.086499,56.681435,53.643795,55.022430
0,19.000000,1,0,1.236123,0.000034,54.438911,55.934105,55.754948
2,19.000000,3,2,3.659973,-0.086499,55.087799,54.323360,54.903130
3,19.000000,3,4,3.659973,0.000000,54.701614,53.264839,53.820778
1,19.200000,1,2,1.236123,-0.086499,52.239307,53.761467,55.022430
0,19.200000,1,0,1.236123,0.000034,55.794048,56.056034,55.754948
2,19.200000,3,2,3.659973,-0.086499,52.476231,54.154903,54.903130
3,19.200000,3,4,3.659973,0.000000,52.825043,53.863213,53.820782
1,19.400000,1,2,1.236124,-0.086499,59.581406,53.980595,55.022430
0,19.400000,1,0,1.236124,0.000034,54.874931,55.599228,55.754948
2,19.400000,3,2,3.659974,-0.086499,54.285316,54.595226,54.903130
3,19.400000,3,4,3.659974,0.000000,50.583229,53.699329,53.820782
1,19.600000,1,2,1.236124,-0.086498,54.939693,54.578423,55.022430
0,19.600000,1,0,1.236124,0.000035,59.095222,55.981949,55.754948
2,19.600000,3,2,3.769217,-0.086498,54.725773,54.828865,54.711784
3,19.600000,3,4,3.769217,0.000000,54.907101,54.570953,54.028328
1,19.800000,1,2,1.236125,-0.086498,57.991024,55.311394,55.022430
0,19.800000,1,0,1.236125,0.000035,55.859703,56.282211,55.754948
2,19.800000,3,2,3.769217,-0.086498,55.780247,54.822842,54.711784
3,19.800000,3,4,3.769217,0.000000,58.008984,53.607769,54.028328
1,20.000000,1,2,1.236125,-0.086498,53.615219,54.993614,55.022430
0,20.000000,1,0,1.236125,0.000035,49.954021,55.606091,55.754948
2,20.000000,3,2,3.769217,-0.086498,54.409313,54.625244,54.711784
3,20.000000,3,4,3.769217,0.000000,54.337009,55.202301,54.028328
1,20.200000,1,2,1.236125,-0.086497,57.808315,55.293869,55.022430
0,20.200000,1,0,1.236125,0.000036,54.015324,55.767910,55.754948
2,20.200000,3,2,4.013129,-0.086497,59.376366,53.979477,54.271988
3,20.200000,3,4,4.013129,0.000000,53.988113,53.384586,54.477886
1,20.400000,1,2,1.236126,-0.086497,54.167629,55.165825,55.022430
0,20.400000,1,0,1.236126,0.000036,57.288639,55.551838,55.754948
2,20.400000,3,2,3.821638,-0.086497,54.951923,53.586586,54.618759
3,20.400000,3,4,3.821638,0.000000,53.593472,54.653000,54.126526
1,20.600000,1,2,1.236126,-0.086497,50.014477,55.242542,55.022430
0,20.600000,1,0,1.236126,0.000037,56.843571,56.001690,55.754948
2,20.600000,3,2,3.821638,-0.086497,56.705368,54.118290,54.618759
3,20.600000,3,4,3.821638,0.000000,51.457153,54.791607,54.126526
1,20.800000,1,2,1.236126,0.024482,52.422581,54.756973,54.830162
0,20.800000,1,0,1.236126,0.000037,57.174931,55.278530,55.754948
2,20.800000,3,2,3.821639,0.024482,48.798985,54.308365,54.814774
3,20.800000,3,4,3.821639,0.000000,52.960129,52.720520,54.126526
1,21.000000,1,2,1.236127,0.024483,55.813988,54.074856,54.830162
0,21.000000,1,0,1.236127,0.000037,50.625698,55.099312,55.754948
2,21.000000,3,2,3.700683,0.024483,51.035027,53.709534,55.024452
3,21.000000,3,4,3.700683,0.000000,48.985886,54.324444,53.898590
1,21.200000,1,2,1.236127,0.024483,55.983723,54.052364,54.830162
0,21.200000,1,0,1.236127,0.000038,52.692932,55.419888,55.754948
2,21.200000,3,2,3.829252,0.024483,54.140633,54.196358,54.801437
3,21.200000,3,4,3.829252,0.000000,58.288956,55.387764,54.140717
1,21.400000,1,2,1.350851,0.024483,52.180489,54.572006,55.028862
0,21.400000,1,0,1.350851,0.000038,59.307163,55.482674,55.569214
2,21.400000,3,2,3.829253,0.024483,59.664330,54.435822,54.801437
3,21.400000,3,4,3.829253,0.000000,54.811897,53.198887,54.140717
1,21.600000,1,2,1.244583,0.206098,51.429558,54.776703,54.523201
0,21.600000,1,0,1.244583,0.000038,56.203812,55.870487,55.741364
2,21.600000,3,2,3.829253,0.206098,54.512009,54.194149,55.115143
3,21.600000,3,4,3.829253,0.000000,54.400459,54.465153,54.140720
1,21.800000,1,2,1.244583,0.206098,52.963463,53.835701,54.523201
0,21.800000,1,0,1.244583,0.000039,54.010418,55.820415,55.741364
2,21.800000,3,2,3.829253,0.206098,58.266197,54.636623,55.115143
3,21.800000,3,4,3.829253,0.000000,60.838844,53.690968,54.140720
1,22.000000,1,2,1.244584,0.206098,53.713272,53.287891,54.523201
0,22.000000,1,0,1.244584,0.000039,59.300312,54.911079,55.741364
2,22.000000,3,2,3.829254,0.206098,53.359978,54.463703,55.115143
3,22.000000,3,4,3.829254,0.000000,50.920998,55.200043,54.140720
1,22.200000,1,2,1.244584,0.362634,54.418873,54.090759,54.238033
0,22.200000,1,0,1.244584,0.000039,57.031094,55.523701,55.741364
2,22.200000,3,2,3.694186,0.362634,57.721252,53.773613,55.600616
3,22.200000,3,4,3.694186,0.000000,56.076031,52.437099,53.886208
1,22.400000,1,2,1.244584,0.160314,52.350780,54.256248,54.605213
0,22.400000,1,0,1.244584,0.000040,56.828617,56.432266,55.741364
2,22.400000,3,2,3.694187,0.160314,59.314556,54.485085,55.266106
3,22.400000,3,4,3.694187,0.000000,53.656590,53.516090,53.886208
1,22.600000,1,2,1.244585,0.315682,54.976883,54.576744,54.324356
0,22.600000,1,0,1.244585,0.000040,53.363251,56.285336,55.741364
2,22.600000,3,2,3.694187,0.315682,51.971558,54.968170,55.523903
3,22.600000,3,4,3.694187,0.000000,52.553783,53.686043,53.886208
1,22.800000,1,2,1.244585,0.173205,58.321384,54.076874,54.582184
0,22.800000,1,0,1.244585,0.000040,63.681236,55.645966,55.741364
2,22.800000,3,2,3.694187,0.173205,53.130421,55.311703,55.287727
3,22.800000,3,4,3.694187,0.000000,60.802483,53.408627,53.886208
1,23.000000,1,2,1.363464,0.066063,57.630497,55.024906,54.979034
0,23.000000,1,0,1.363464,0.000041,59.889809,56.237331,55.548599
2,23.000000,3,2,3.694188,0.066063,52.130085,54.812294,55.106682
3,23.000000,3,4,3.694188,0.000000,54.836243,53.509365,53.886211
1,23.200000,1,2,1.363465,0.066064,53.800941,56.244015,54.979034
0,23.200000,1,0,1.363465,0.000041,54.788097,56.093822,55.548599
2,23.200000,3,2,3.694188,0.066064,56.678543,54.738560,55.106682
3,23.200000,3,4,3.694188,0.000000,54.176201,53.932919,53.886211
1,23.400000,1,2,1.363465,0.066064,50.810677,56.064720,54.979034
0,23.400000,1,0,1.363465,0.000041,60.709152,55.807953,55.548599
2,23.400000,3,2,3.694188,0.066064,55.690750,55.211937,55.106682
3,23.400000,3,4,3.694188,0.000000,47.907810,52.931610,53.886211
1,23.600000,1,2,1.488951,-0.039261,57.695786,55.642750,55.369858
0,23.600000,1,0,1.488951,0.000042,57.586723,55.617882,55.341343
2,23.600000,3,2,3.694189,-0.039261,57.286221,55.023926,54.925713
3,23.600000,3,4,3.694189,0.000000,49.401703,52.505188,53.886215
1,23.800000,1,2,1.488952,0.090785,54.241066,55.745426,55.151390
0,23.800000,1,0,1.488952,0.000042,55.407345,55.353394,55.341343
2,23.800000,3,2,3.694189,0.090785,63.049881,54.515186,55.148724
3,23.800000,3,4,3.694189,0.000000,53.728828,52.869610,53.886215
1,24.000000,1,2,1.666418,0.090785,53.677372,55.710167,55.448441
0,24.000000,1,0,1.666418,0.000043,62.563705,55.037655,55.041306
2,24.000000,3,2,3.694190,0.090785,57.461330,55.739811,55.148724
3,24.000000,3,4,3.694190,0.000000,47.525162,54.783966,53.886215
1,24.200000,1,2,1.666418,0.090786,55.293247,56.407135,55.448441
0,24.200000,1,0,1.666418,0.000043,55.686272,54.727703,55.041306
2,24.200000,3,2,3.694190,0.090786,57.273979,55.993195,55.148724
3,24.200000,3,4,3.694190,0.000000,53.512714,52.859459,53.886215
1,24.400000,1,2,1.777159,0.090786,55.030785,56.366180,55.629765
0,24.400000,1,0,1.777159,0.000043,55.460918,54.509769,54.849792
2,24.400000,3,2,3.694190,0.090786,48.763603,56.105152,55.148724
3,24.400000,3,4,3.694190,0.000000,54.266094,52.828644,53.886215
1,24.600000,1,2,1.777159,0.090786,56.136024,56.505711,55.629765
0,24.600000,1,0,1.777159,0.000044,55.488556,54.569809,54.849792
2,24.600000,3,2,3.823058,0.090786,53.478893,56.165329,54.927753
3,24.600000,3,4,3.823058,0.000000,55.579964,54.140087,54.129177
1,24.800000,1,2,1.653035,0.090787,52.648357,56.220238,55.426315
0,24.800000,1,0,1.653035,0.000044,52.607079,54.328217,55.064228
2,24.800000,3,2,3.823059,0.090787,54.000610,55.040405,54.927753
3,24.800000,3,4,3.823059,0.000000,50.634304,53.507977,54.129177
1,25.000000,1,2,1.800526,0.090787,58.953697,57.198372,55.667641
0,25.000000,1,0,1.800526,0.000044,55.317085,54.150249,54.808949
2,25.000000,3,2,3.989557,0.090787,53.318211,54.940449,54.635437
3,25.000000,3,4,3.989557,0.000000,53.140903,54.443592,54.435242
1,25.200000,1,2,1.800527,0.090787,53.355183,57.595428,55.667641
0,25.200000,1,0,1.800527,0.000045,58.411076,54.333668,54.808949
2,25.200000,3,2,3.989558,0.090787,55.498978,54.210011,54.635437
3,25.200000,3,4,3.989558,0.000000,56.508076,52.996731,54.435242
1,25.400000,1,2,1.800527,0.269070,59.929684,57.751083,55.375252
0,25.400000,1,0,1.800527,0.000045,53.891838,54.645767,54.808949
2,25.400000,3,2,3.989558,0.269070,52.692822,54.555241,54.948147
3,25.400000,3,4,3.989558,0.000000,49.129662,55.351177,54.435246
1,25.600000,1,2,1.800527,0.269070,52.796623,55.869438,55.375252
0,25.600000,1,0,1.800527,0.000045,55.805473,55.077736,54.808949
2,25.600000,3,2,3.989558,0.269070,47.605522,55.102802,54.948147
3,25.600000,3,4,3.989558,0.000000,48.327888,53.089317,54.435246
1,25.800000,1,2,1.800528,0