2,0.200000,2,3,0.000000,0.000000,61.347034,NaN,60.000000
1,0.200000,2,1,0.000000,0.000000,47.755058,NaN,52.474251
3,0.200000,4,3,0.000000,0.000000,40.422207,42.914391,42.529121
0,0.200000,0,1,0.000000,0.000000,60.112988,NaN,57.577248
2,0.400000,2,3,-0.150693,0.300001,60.177639,NaN,59.499294
1,0.400000,2,1,-0.150693,0.209633,52.062149,NaN,53.229782
3,0.400000,4,3,0.000000,0.300001,48.394646,44.604401,44.045746
0,0.400000,0,1,0.000001,0.209633,54.021843,NaN,57.288948
2,0.600000,2,3,-0.150693,0.600001,61.553230,57.065365,59.152729
1,0.600000,2,1,-0.150693,0.331947,54.192612,54.672531,53.474743
3,0.600000,4,3,0.000000,0.600001,48.431076,46.370991,45.376335
0,0.600000,0,1,0.000001,0.331947,58.672249,61.652031,57.117126
2,0.800000,2,3,-0.150693,0.870069,61.993702,56.868561,58.830986
1,0.800000,2,1,-0.150693,0.331947,52.731213,54.150059,53.474743
3,0.800000,4,3,0.000000,0.870069,46.002941,46.922634,46.448944
0,0.800000,0,1,0.000001,0.331947,57.929611,59.436951,57.117126
2,1.000000,2,3,-0.248941,1.170070,59.245293,58.509029,58.338432
1,1.000000,2,1,-0.248941,0.331948,54.297520,54.047394,53.667583
3,1.000000,4,3,0.000000,1.170070,45.511314,48.733707,47.528061
0,1.000000,0,1,0.000002,0.331948,60.821461,58.525280,57.117126
2,1.200000,2,3,-0.548940,1.409017,60.633610,58.221214,57.634159
1,1.200000,2,1,-0.548940,0.331948,56.713402,55.475662,54.236073
3,1.200000,4,3,0.000000,1.409017,51.169701,48.692577,48.316891
0,1.200000,0,1,0.000002,0.331948,53.786011,59.143784,57.117126
2,1.400000,2,3,-0.714650,1.514895,57.293930,57.817856,57.261162
1,1.400000,2,1,-0.714650,0.331948,53.841335,55.152534,54.537781
3,1.400000,4,3,0.000000,1.514895,40.896980,49.739689,48.648903
0,1.400000,0,1,0.000002,0.331948,61.862038,58.515873,57.117126
2,1.600000,2,3,-0.714650,1.641745,58.530899,56.520496,57.082458
1,1.600000,2,1,-0.714650,0.331949,52.980076,55.287327,54.537781
3,1.600000,4,3,0.000000,1.641745,49.465218,48.072544,49.033756
0,1.600000,0,1,0.000003,0.331949,59.261787,57.760433,57.117126
2,1.800000,2,3,-0.714649,1.744703,57.397831,57.040096,56.935219
1,1.800000,2,1,-0.714649,0.331949,58.466785,55.253437,54.537781
3,1.800000,4,3,0.000000,1.744703,53.577587,47.595310,49.336395
0,1.800000,0,1,0.000003,0.331949,55.756046,57.381626,57.117126
2,2.000000,2,3,-0.714649,1.907839,57.744762,56.368408,56.697746
1,2.000000,2,1,-0.714649,0.439311,55.823120,55.077934,54.728867
3,2.000000,4,3,0.000000,1.907839,55.386406,49.002846,49.799301
0,2.000000,0,1,0.000004,0.439311,58.219719,57.296608,56.964039
2,2.200000,2,3,-0.605532,2.147128,54.832565,57.628628,56.504463
1,2.200000,2,1,-0.605532,0.545461,52.057568,55.076782,54.723633
3,2.200000,4,3,0.000000,2.147128,49.126308,48.512722,50.444473
0,2.200000,0,1,0.000004,0.545461,59.376637,57.114849,56.810524
2,2.400000,2,3,-0.708680,2.342969,56.838699,56.666641,56.047043
1,2.400000,2,1,-0.708680,0.545461,62.215523,55.725826,54.904194
3,2.400000,4,3,0.000000,2.342969,47.388195,52.221313,50.945381
0,2.400000,0,1,0.000004,0.545461,55.338146,56.835403,56.810524
2,2.600000,2,3,-0.708680,2.342969,53.455318,55.984505,56.047043
1,2.600000,2,1,-0.708680,0.545462,58.537701,56.634274,54.904194
3,2.600000,4,3,0.000000,2.342969,55.186974,50.384190,50.945385
0,2.600000,0,1,0.000005,0.545462,58.521492,57.178165,56.810524
2,2.800000,2,3,-0.708680,2.449658,51.924572,56.015366,55.879040
1,2.800000,2,1,-0.708680,0.688976,57.969620,57.046322,55.150520
3,2.800000,4,3,0.000000,2.449658,52.598156,52.074650,51.208847
0,2.800000,0,1,0.000005,0.688976,57.750072,56.809444,56.599464
2,3.000000,2,3,-0.829966,2.449659,54.838692,55.735859,55.684837
1,3.000000,2,1,-0.829966,0.583971,56.089951,56.517456,55.178116
3,3.000000,4,3,0.000000,2.449659,51.138985,51.373348,51.208847
0,3.000000,0,1,0.000005,0.583971,53.291466,56.063255,56.754292
2,3.200000,2,3,-0.976019,2.449659,58.841408,55.641441,55.446274
1,3.200000,2,1,-0.976019,0.583972,50.932945,55.961441,55.422581
3,3.200000,4,3,0.000000,2.449659,49.084103,52.247910,51.208847
0,3.200000,0,1,0.000006,0.583972,54.211323,56.670750,56.754292
2,3.400000,2,3,-0.976019,2.595989,49.153393,54.823608,55.201881
1,3.400000,2,1,-0.976019,0.699160,60.995056,56.650841,55.611572
3,3.400000,4,3,0.000000,2.595989,49.670547,50.944382,51.560112
0,3.400000,0,1,0.000006,0.699160,51.640171,56.142654,56.584328
2,3.600000,2,3,-0.976019,2.716331,50.806652,55.017124,54.996689
1,3.600000,2,1,-0.976019,0.810930,57.052296,56.790924,55.791862
3,3.600000,4,3,0.000000,2.716331,48.995724,51.529137,51.840714
0,3.600000,0,1,0.000006,0.810930,53.035412,55.306068,56.416824
2,3.800000,2,3,-0.976018,2.885996,53.473206,54.733616,54.700645
1,3.800000,2,1,-0.976018,0.810931,56.731937,56.455456,55.791862
3,3.800000,4,3,0.000000,2.885996,49.279224,51.537418,52.224396
0,3.800000,0,1,0.000007,0.810931,54.853291,54.548489,56.416824
2,4.000000,2,3,-0.976018,2.885997,51.267422,54.265572,54.700645
1,4.000000,2,1,-0.976018,0.810931,54.280018,55.801121,55.791862
3,4.000000,4,3,0.000000,2.885997,52.000244,52.349964,52.224396
0,4.000000,0,1,0.000007,0.810931,57.821617,55.345894,56.416824
2,4.200000,2,3,-1.103127,2.885997,53.935215,54.191849,54.473442
1,4.200000,2,1,-1.103127,0.810931,58.896236,56.194710,55.993324
3,4.200000,4,3,0.000000,2.885997,50.089771,51.890537,52.224396
0,4.200000,0,1,0.000007,0.810931,59.158077,56.000561,56.416824
2,4.400000,2,3,-1.254432,2.885997,54.882969,53.973747,54.196644
1,4.400000,2,1,-1.254432,0.810932,59.233635,57.018021,56.228363
3,4.400000,4,3,0.000000,2.885997,52.348225,51.734695,52.224396
0,4.400000,0,1,0.000008,0.810932,55.234680,56.438244,56.416824
2,4.600000,2,3,-1.143588,2.885998,53.569016,54.762276,54.400112
1,4.600000,2,1,-1.143588,0.810932,48.837612,57.248787,56.056679
3,4.600000,4,3,0.000000,2.885998,44.429691,52.893528,52.224396
0,4.600000,0,1,0.000008,0.810932,60.599079,56.209095,56.416824
2,4.800000,2,3,-1.143587,3.031254,59.922058,54.402420,54.132694
1,4.800000,2,1,-1.143587,0.638491,61.341370,56.602386,55.784069
3,4.800000,4,3,0.000000,3.031254,53.333675,52.823265,52.542439
0,4.800000,0,1,0.000008,0.638491,58.077286,56.645580,56.674187
2,5.000000,2,3,-1.300771,3.031254,51.806644,53.582058,53.835697
1,5.000000,2,1,-1.300771,0.638491,60.107719,56.492188,56.032829
3,5.000000,4,3,0.000000,3.031254,56.088898,52.218925,52.542439
0,5.000000,0,1,0.000009,0.638491,51.809067,58.045471,56.674187
2,5.200000,2,3,-1.113101,3.031254,59.893944,53.317612,54.189369
1,5.200000,2,1,-1.113101,0.638491,56.685860,57.462067,55.735153
3,5.200000,4,3,0.000000,3.031254,53.967175,52.488991,52.542442
0,5.200000,0,1,0.000009,0.638491,54.231285,57.794743,56.674187
2,5.400000,2,3,-0.999838,3.031255,56.618656,53.446754,54.397369
1,5.400000,2,1,-0.999838,0.638492,57.169189,56.486549,55.551468
3,5.400000,4,3,0.000000,3.031255,56.066463,51.403442,52.542442
0,5.400000,0,1,0.000010,0.638492,56.319592,56.895199,56.674187
2,5.600000,2,3,-0.999838,3.031255,53.368076,53.608124,54.397369
1,5.600000,2,1,-0.999838,0.638492,57.252102,55.370979,55.551468
3,5.600000,4,3,0.000000,3.031255,54.656811,52.210049,52.542442
0,5.600000,0,1,0.000010,0.638492,59.293324,56.738823,56.674187
2,5.800000,2,3,-1.226004,3.031255,55.006199,52.801929,53.977982
1,5.800000,2,1,-1.226004,0.638492,52.683502,55.262047,55.915215
3,5.800000,4,3,0.000000,3.031255,56.556881,52.420036,52.542442
0,5.800000,0,1,0.000010,0.638492,59.983753,56.836422,56.674187
2,6.000000,2,3,-1.089993,3.031256,52.499626,53.018970,54.232128
1,6.000000,2,1,-1.089993,0.638493,55.751816,55.817245,55.697933
3,6.000000,4,3,0.000000,3.031256,51.657139,52.640160,52.542442
0,6.000000,0,1,0.000011,0.638493,56.322483,57.525154,56.674187
2,6.200000,2,3,-0.896950,3.031256,58.559273,53.855297,54.582924
1,6.200000,2,1,-0.896950,0.752352,53.287922,55.986908,55.569401
3,6.200000,4,3,0.000000,3.031256,55.156601,52.369801,52.542442
0,6.200000,0,1,0.000011,0.752352,56.346333,57.773148,56.504944
2,6.400000,2,3,-0.896950,3.031256,54.233387,54.100502,54.582924
1,6.400000,2,1,-0.896950,0.752352,58.615597,56.017109,55.569401
3,6.400000,4,3,0.000000,3.031256,52.960480,52.815609,52.542442
0,6.400000,0,1,0.000011,0.752352,51.778259,57.452129,56.504944
2,6.600000,2,3,-0.778066,3.031257,56.169453,55.093998,54.793457
1,6.600000,2,1,-0.778066,0.752352,56.476711,56.131840,55.373524
3,6.600000,4,3,0.000000,3.031257,51.507584,53.151215,52.542442
0,6.600000,0,1,0.000012,0.752352,53.413445,57.656105,56.504944
2,6.800000,2,3,-0.778065,3.031257,47.420162,55.106171,54.793457
1,6.800000,2,1,-0.778065,0.752353,56.468567,55.012920,55.373524
3,6.800000,4,3,0.000000,3.031257,55.799419,51.940876,52.542446
0,6.800000,0,1,0.000012,0.752353,58.290653,57.226807,56.504944
2,7.000000,2,3,-0.949849,3.031258,58.852417,54.203167,54.487915
1,7.000000,2,1,-0.949849,0.979022,52.919941,55.356464,56.016563
3,7.000000,4,3,0.000000,3.031258,51.682674,52.011108,52.542446
0,7.000000,0,1,0.000012,0.979022,58.246616,57.067253,56.159958
2,7.200000,2,3,-0.949849,3.031258,58.898361,53.774471,54.487915
1,7.200000,2,1,-0.949849,0.979023,52.412457,55.695690,56.016563
3,7.200000,4,3,0.000000,3.031258,51.688007,53.220772,52.542450
0,7.200000,0,1,0.000013,0.979023,53.692005,56.389511,56.159958
2,7.400000,2,3,-0.813457,3.031258,52.068371,54.929810,54.731201
1,7.400000,2,1,-0.813457,0.979023,56.043777,55.115761,55.800709
3,7.400000,4,3,0.000000,3.031258,53.554417,52.334064,52.542450
0,7.400000,0,1,0.000013,0.979023,59.551392,55.855202,56.159958
2,7.600000,2,3,-0.813456,2.879632,52.078381,55.031048,54.995419
1,7.600000,2,1,-0.813456,0.979023,53.222340,55.779900,55.800709
3,7.600000,4,3,0.000000,2.879632,54.746788,52.718342,52.210243
0,7.600000,0,1,0.000013,0.979023,59.164291,56.267544,56.159958
2,7.800000,2,3,-0.813456,2.992949,57.981251,55.575447,54.798569
1,7.800000,2,1,-0.813456,0.979024,54.682495,55.664349,55.800709
3,7.800000,4,3,0.000000,2.992949,50.390564,53.997295,52.459469
0,7.800000,0,1,0.000014,0.979024,52.924591,56.593788,56.159958
2,8.000000,2,3,-0.813456,2.992949,49.206135,55.316029,54.798569
1,8.000000,2,1,-0.813456,0.979024,51.764378,55.765472,55.800709
3,8.000000,4,3,0.000000,2.992949,43.904552,51.641777,52.459473
0,8.000000,0,1,0.000014,0.979024,57.711090,56.173466,56.159958
2,8.200000,2,3,-0.813455,2.992950,53.183758,55.849087,54.798569
1,8.200000,2,1,-0.813455,0.979024,58.545406,55.964626,55.800709
3,8.200000,4,3,0.000000,2.992950,55.766552,52.266201,52.459473
0,8.200000,0,1,0.000015,0.979024,58.191925,55.892273,56.159958
2,8.400000,2,3,-0.813455,3.210038,56.654335,55.786789,54.411186
1,8.400000,2,1,-0.813455,0.979025,61.295856,55.981060,55.800709
3,8.400000,4,3,0.000000,3.210038,53.220341,54.039402,52.921520
0,8.400000,0,1,0.000015,0.979025,57.771404,56.306931,56.159958
2,8.600000,2,3,-0.922881,3.086137,56.968884,54.768250,54.437450
1,8.600000,2,1,-0.922881,0.979025,56.712852,56.156258,55.974228
3,8.600000,4,3,0.000000,3.086137,51.233387,52.350689,52.660225
0,8.600000,0,1,0.000015,0.979025,56.768093,57.203232,56.159958
2,8.800000,2,3,-0.811612,3.086137,50.073303,54.532715,54.637253
1,8.800000,2,1,-0.811612,1.116419,61.773590,57.217304,56.015244
3,8.800000,4,3,0.000000,3.086137,52.268917,53.301334,52.660225
0,8.800000,0,1,0.000016,1.116419,55.736599,56.688133,55.945385
2,9.000000,2,3,-0.632444,3.086138,53.228195,55.362324,54.951443
1,9.000000,2,1,-0.632444,1.116419,53.415535,57.692184,55.730766
3,9.000000,4,3,0.000000,3.086138,53.120800,52.270370,52.660225
0,9.000000,0,1,0.000016,1.116419,58.288513,55.998974,55.945385
2,9.200000,2,3,-0.632444,3.086138,57.354870,55.607895,54.951443
1,9.200000,2,1,-0.632444,1.116420,51.449234,57.883602,55.730766
3,9.200000,4,3,0.000000,3.086138,54.599941,53.109577,52.660225
0,9.200000,0,1,0.000016,1.116420,57.791943,55.789753,55.945385
2,9.400000,2,3,-0.632444,3.086138,59.217773,54.784538,54.951443
1,9.400000,2,1,-0.632444,1.116420,56.703232,56.980064,55.730766
3,9.400000,4,3,0.000000,3.086138,56.785980,52.602573,52.660225
0,9.400000,0,1,0.000017,1.116420,52.942020,55.536232,55.945385
2,9.600000,2,3,-0.632443,3.086139,51.826778,54.450348,54.951443
1,9.600000,2,1,-0.632443,1.116420,57.143715,57.784214,55.730766
3,9.600000,4,3,0.000000,3.086139,54.696491,54.156792,52.660225
0,9.600000,0,1,0.000017,1.116420,53.736622,55.499935,55.945385
2,9.800000,2,3,-0.632443,3.266543,51.973137,54.902454,54.635052
1,9.800000,2,1,-0.632443,1.116421,59.064766,57.951454,55.730766
3,9.800000,4,3,0.000000,3.266543,51.540829,53.062553,53.038628
0,9.800000,0,1,0.000017,1.116421,59.529606,56.176353,55.945385
2,10.000000,2,3,-0.632442,3.266543,52.885559,54.144234,54.635052
1,10.000000,2,1,-0.632442,1.116421,58.027653,57.403179,55.730766
3,10.000000,4,3,0.000000,3.266543,52.762203,51.913055,53.038628
0,10.000000,0,1,0.000018,1.116421,53.875015,56.350433,55.945385
2,10.200000,2,3,-0.632442,3.266543,55.072121,54.131985,54.635052
1,10.200000,2,1,-0.632442,1.116421,54.422020,57.230957,55.730766
3,10.200000,4,3,0.000000,3.266543,48.669479,52.974155,53.038628
0,10.200000,0,1,0.000018,1.116421,50.015182,56.562958,55.945385
2,10.400000,2,3,-0.530641,3.365810,52.399021,54.256428,54.639561
1,10.400000,2,1,-0.530641,1.116422,54.841267,56.986992,55.565742
3,10.400000,4,3,0.000000,3.365810,48.785030,54.611881,53.241348
0,10.400000,0,1,0.000018,1.116422,50.957825,56.349689,55.945385
2,10.600000,2,3,-0.386593,3.217943,54.546749,54.056957,55.146805
1,10.600000,2,1,-0.386593,1.116422,53.525642,56.433071,55.327866
3,10.600000,4,3,0.000000,3.217943,59.292137,53.133953,52.937981
0,10.600000,0,1,0.000019,1.116422,53.871075,56.505589,55.945385
2,10.800000,2,3,-0.386592,3.383802,55.236080,55.179455,54.861511
1,10.800000,2,1,-0.386592,1.116422,55.495895,55.092327,55.327866
3,10.800000,4,3,0.000000,3.383802,50.351746,53.604549,53.277695
0,10.800000,0,1,0.000019,1.116422,55.900829,56.838585,55.945385
2,11.000000,2,3,-0.386592,3.383802,53.819134,54.888344,54.861511
1,11.000000,2,1,-0.386592,1.116423,55.602947,55.056355,55.327866
3,11.000000,4,3,0.000000,3.383802,56.027943,53.442371,53.277695
0,11.000000,0,1,0.000019,1.116423,58.135067,56.766357,55.945385
2,11.200000,2,3,-0.386592,3.290661,56.302589,54.372452,55.022644
1,11.200000,2,1,-0.386592,1.116423,54.507538,55.355869,55.327866
3,11.200000,4,3,0.000000,3.290661,48.398754,52.656925,53.088230
0,11.200000,0,1,0.000020,1.116423,54.410553,56.421448,55.945385
2,11.400000,2,3,-0.386591,3.180042,58.193745,54.767769,55.210957
1,11.400000,2,1,-0.386591,1.116423,53.806904,55.414169,55.327866
3,11.400000,4,3,0.000000,3.180042,57.181194,53.118221,52.858833
0,11.400000,0,1,0.000020,1.116423,49.091019,56.984459,55.945385
2,11.600000,2,3,-0.386591,3.180043,53.979813,56.029339,55.210957
1,11.600000,2,1,-0.386591,1.116424,55.581078,55.496052,55.327866
3,11.600000,4,3,0.000000,3.180043,53.786274,51.229092,52.858837
0,11.600000,0,1,0.000021,1.116424,56.214436,56.397587,55.945385
2,11.800000,2,3,-0.386591,3.180043,54.365696,55.670193,55.210957
1,11.800000,2,1,-0.386591,1.116424,52.780453,55.658558,55.327866
3,11.800000,4,3,0.000000,3.180043,51.976566,53.169796,52.858837
0,11.800000,0,1,0.000021,1.116424,54.835419,57.100231,55.945385
2,12.000000,2,3,-0.127274,3.180043,60.428127,56.185104,55.640007
1,12.000000,2,1,-0.127274,1.255228,53.722816,55.504883,55.124775
3,12.000000,4,3,0.000000,3.180043,53.860550,53.810795,52.858837
0,12.000000,0,1,0.000021,1.255228,56.252937,56.843746,55.724216
2,12.200000,2,3,-0.008873,3.180044,60.147324,56.352398,55.830406
1,12.200000,2,1,-0.008873,1.255229,50.588173,55.638657,54.921471
3,12.200000,4,3,0.000000,3.180044,50.956593,54.091572,52.858841
0,12.200000,0,1,0.000022,1.255229,56.860546,55.639114,55.724216
2,12.400000,2,3,-0.008873,3.180044,56.907913,56.263699,55.830406
1,12.400000,2,1,-0.008873,1.109543,55.456650,55.554096,54.665974
3,12.400000,4,3,0.000000,3.180044,54.120522,52.028984,52.858841
0,12.400000,0,1,0.000022,1.109543,54.313007,55.436562,55.956238
2,12.600000,2,3,-0.008873,3.180044,62.235100,56.826180,55.830406
1,12.600000,2,1,-0.008873,1.109543,55.193333,54.689102,54.665974
3,12.600000,4,3,0.000000,3.180044,49.662407,52.790455,52.858841
0,12.600000,0,1,0.000022,1.109543,53.432823,55.449890,55.956238
2,12.800000,2,3,-0.008872,3.339311,54.907978,55.984852,55.573509
1,12.800000,2,1,-0.008872,1.109543,52.020817,53.727272,54.665974
3,12.800000,4,3,0.000000,3.339311,55.926579,53.148643,53.187603
0,12.800000,0,1,0.000023,1.109543,53.903023,55.395668,55.956238
2,13.000000,2,3,-0.008872,3.486009,58.670391,55.202839,55.331383
1,13.000000,2,1,-0.008872,0.943736,59.939014,53.890709,54.367683
3,13.000000,4,3,0.000000,3.486009,55.542446,53.700268,53.481861
0,13.000000,0,1,0.000023,0.943736,53.631496,55.133919,56.214405
2,13.200000,2,3,-0.008871,3.486010,55.998413,54.569664,55.331383
1,13.200000,2,1,-0.008871,0.943737,56.595360,54.045643,54.367683
3,13.200000,4,3,0.000000,3.486010,50.061077,53.345943,53.481865
0,13.200000,0,1,0.000023,0.943737,58.183559,55.438282,56.214405
2,13.400000,2,3,-0.008871,3.634046,54.449375,54.913086,55.081448
1,13.400000,2,1,-0.008871,0.766081,53.427284,54.384285,54.038712
3,13.400000,4,3,0.000000,3.634046,57.065380,53.693752,53.770935
0,13.400000,0,1,0.000024,0.766081,55.355862,56.045841,56.484375
2,13.600000,2,3,-0.008871,3.634046,58.305840,54.257626,55.081448
1,13.600000,2,1,-0.008871,0.766081,54.000130,54.277802,54.038712
3,13.600000,4,3,0.000000,3.634046,55.588314,55.003990,53.770935
0,13.600000,0,1,0.000024,0.766081,55.228275,56.589001,56.484375
2,13.800000,2,3,-0.116099,3.634046,56.056736,53.724678,54.896751
1,13.800000,2,1,-0.116099,0.652454,53.244991,54.259693,54.026672
3,13.800000,4,3,0.000000,3.634046,53.510525,53.340038,53.770935
0,13.800000,0,1,0.000024,0.652454,61.511803,56.248074,56.653595
2,14.000000,2,3,-0.000668,3.634047,58.346584,53.829544,55.095448
1,14.000000,2,1,-0.000668,0.652454,53.926865,54.631569,53.807205
3,14.000000,4,3,0.000000,3.634047,56.053265,52.985405,53.770935
0,14.000000,0,1,0.000025,0.652454,55.577129,57.038536,56.653595
2,14.200000,2,3,-0.000667,3.634047,49.094727,53.459129,55.095448
1,14.200000,2,1,-0.000667,0.652454,51.498280,54.575317,53.807205
3,14.200000,4,3,0.000000,3.634047,53.286480,53.127571,53.770935
0,14.200000,0,1,0.000025,0.652454,57.700813,56.366970,56.653595
2,14.400000,2,3,-0.196559,3.839188,54.155045,53.318176,54.388901
1,14.400000,2,1,-0.196559,0.652455,48.546146,54.926743,54.177067
3,14.400000,4,3,0.000000,3.839188,54.359303,54.916012,54.159206
0,14.400000,0,1,0.000026,0.652455,55.876431,56.278561,56.653595
2,14.600000,2,3,-0.196559,3.839188,58.219837,52.867321,54.388901
1,14.600000,2,1,-0.196559,0.652455,52.549328,54.854908,54.177067
3,14.600000,4,3,0.000000,3.839188,54.771225,53.536694,54.159206
0,14.600000,0,1,0.000026,0.652455,53.877838,55.706764,56.653595
2,14.800000,2,3,-0.351729,4.011392,54.380821,52.240833,53.775970
1,14.800000,2,1,-0.351729,0.652456,50.416439,54.761097,54.461349
3,14.800000,4,3,0.000000,4.011392,54.727776,54.189640,54.474747
0,14.800000,0,1,0.000026,0.652456,60.558849,56.102753,56.653595
2,15.000000,2,3,-0.351729,4.011392,54.023464,52.320820,53.775970
1,15.000000,2,1,-0.351729,0.652456,58.123856,55.377468,54.461349
3,15.000000,4,3,0.000000,4.011392,53.132084,54.684574,54.474747
0,15.000000,0,1,0.000027,0.652456,58.505695,55.937218,56.653595
2,15.200000,2,3,-0.469258,4.011393,61.206970,52.061867,53.547195
1,15.200000,2,1,-0.469258,0.652456,53.951885,54.974045,54.671825
3,15.200000,4,3,0.000000,4.011393,50.948162,54.219887,54.474751
0,15.200000,0,1,0.000027,0.652456,56.095932,55.728050,56.653595
2,15.400000,2,3,-0.331966,3.866582,55.995621,52.552364,54.088417
1,15.400000,2,1,-0.331966,0.652457,49.177662,55.094059,54.425556
3,15.400000,4,3,0.000000,3.866582,55.168339,54.058582,54.210022
0,15.400000,0,1,0.000027,0.652457,54.206573,56.299007,56.653595
2,15.600000,2,3,-0.331965,3.866583,53.418541,53.463745,54.088417
1,15.600000,2,1,-0.331965,0.501952,56.832893,55.060448,54.149006
3,15.600000,4,3,0.000000,3.866583,51.341423,54.691544,54.210022
0,15.600000,0,1,0.000028,0.501952,49.788635,56.235416,56.873745
2,15.800000,2,3,-0.331965,3.728412,55.809620,53.652916,54.343971
1,15.800000,2,1,-0.331965,0.501952,54.374577,55.353928,54.149006
3,15.800000,4,3,0.000000,3.728412,54.196995,53.770901,53.951267
0,15.800000,0,1,0.000028,0.501952,56.408009,56.980873,56.873745
2,16.000000,2,3,-0.181217,3.891944,58.091534,54.476498,54.320580
1,16.000000,2,1,-0.181217,0.625337,47.927654,55.766617,54.097961
3,16.000000,4,3,0.000000,3.891944,48.192215,54.573101,54.256851
0,16.000000,0,1,0.000028,0.625337,60.018047,57.281719,56.693596
2,16.200000,2,3,-0.283132,3.891944,53.431808,53.734333,54.132256
1,16.200000,2,1,-0.283132,0.625337,56.725639,55.132511,54.286873
3,16.200000,4,3,0.000000,3.891944,57.306534,55.034973,54.256855
0,16.200000,0,1,0.000029,0.625337,57.717461,57.305145,56.693596
2,16.400000,2,3,-0.283131,3.891945,53.741516,54.259384,54.132256
1,16.400000,2,1,-0.283131,0.625338,52.848087,55.400150,54.286873
3,16.400000,4,3,0.000000,3.891945,52.706413,53.366653,54.256855
0,16.400000,0,1,0.000029,0.625338,63.266052,56.992672,56.693596
2,16.600000,2,3,-0.283131,4.038646,49.446571,54.870674,53.855312
1,16.600000,2,1,-0.283131,0.625338,56.098755,55.695679,54.286873
3,16.600000,4,3,0.000000,4.038646,52.764500,55.085655,54.523857
0,16.600000,0,1,0.000029,0.625338,56.621902,56.921101,56.693596
2,16.800000,2,3,-0.460155,4.038646,57.040237,54.392712,53.511436
1,16.800000,2,1,-0.460155,0.625338,54.042778,56.233578,54.607395
3,16.800000,4,3,0.000000,4.038646,57.281372,55.128113,54.523857
0,16.800000,0,1,0.000030,0.625338,56.942524,56.364567,56.693596
2,17.000000,2,3,-0.287850,4.038646,56.581173,54.290062,53.846283
1,17.000000,2,1,-0.287850,0.625339,52.206825,56.945480,54.295547
3,17.000000,4,3,0.000000,4.038646,55.650520,54.812412,54.523861
0,17.000000,0,1,0.000030,0.625339,58.113316,56.680897,56.693596
2,17.200000,2,3,-0.121248,4.141794,52.505978,54.812149,53.967041
1,17.200000,2,1,-0.121248,0.625339,52.829632,56.640228,53.985252
3,17.200000,4,3,0.000000,4.141794,53.995918,55.644257,54.707741
0,17.200000,0,1,0.000030,0.625339,57.182716,56.686920,56.693596
2,17.400000,2,3,-0.121248,4.141794,54.108883,54.816212,53.967041
1,17.400000,2,1,-0.121248,0.625340,47.555416,56.062778,53.985252
3,17.400000,4,3,0.000000,4.141794,56.209686,53.954292,54.707741
0,17.400000,0,1,0.000031,0.625340,54.966244,57.118565,56.693596
2,17.600000,2,3,-0.408292,4.042974,58.158714,53.883945,53.604847
1,17.600000,2,1,-0.408292,0.487049,57.015148,55.554028,54.262726
3,17.600000,4,3,0.000000,4.042974,56.823708,54.736847,54.531639
0,17.600000,0,1,0.000031,0.487049,59.201065,57.744251,56.895309
2,17.800000,2,3,-0.222384,3.918959,57.186111,54.510815,54.194954
1,17.800000,2,1,-0.222384,0.487049,53.799446,55.538044,53.914825
3,17.800000,4,3,0.000000,3.918959,57.909431,55.501862,54.306519
0,17.800000,0,1,0.000032,0.487049,54.414711,57.610077,56.895309
2,18.000000,2,3,-0.222384,3.918959,54.327484,55.124844,54.194954
1,18.000000,2,1,-0.222384,0.487050,53.859657,55.023251,53.914825
3,18.000000,4,3,0.000000,3.918959,55.718227,54.398540,54.306519
0,18.000000,0,1,0.000032,0.487050,60.031528,56.987202,56.895309
2,18.200000,2,3,-0.222384,3.918959,54.672356,55.197632,54.194954
1,18.200000,2,1,-0.222384,0.636893,54.667660,55.395061,54.196098
3,18.200000,4,3,0.000000,3.918959,48.955818,55.028370,54.306519
0,18.200000,0,1,0.000032,0.636893,54.723053,56.781303,56.676575
2,18.400000,2,3,-0.222383,3.918960,51.261242,55.542286,54.194954
1,18.400000,2,1,-0.222383,0.636894,58.332870,55.579372,54.196098
3,18.400000,4,3,0.000000,3.918960,51.793091,54.682331,54.306519
0,18.400000,0,1,0.000033,0.636894,59.473358,56.709061,56.676575
2,18.600000,2,3,-0.027087,3.788609,56.188755,55.929878,54.782272
1,18.600000,2,1,-0.027087,0.636894,53.352715,55.542377,53.828045
3,18.600000,4,3,0.000000,3.788609,52.597317,53.760433,54.064758
0,18.600000,0,1,0.000033,0.636894,54.887222,56.364162,56.676575
2,18.800000,2,3,-0.027086,3.788610,53.079224,56.771420,54.782272
1,18.800000,2,1,-0.027086,0.636894,55.391678,54.321938,53.828045
3,18.800000,4,3,0.000000,3.788610,53.688808,55.205254,54.064758
0,18.800000,0,1,0.000033,0.636894,56.386177,56.947933,56.676575
2,19.000000,2,3,-0.027086,3.788610,59.655415,55.782883,54.782272
1,19.000000,2,1,-0.027086,0.636895,54.963490,54.223099,53.828045
3,19.000000,4,3,0.000000,3.788610,52.781689,53.625359,54.064758
0,19.000000,0,1,0.000034,0.636895,57.308609,56.856609,56.676575
2,19.200000,2,3,-0.027086,3.645103,53.032417,55.580711,55.031338
1,19.200000,2,1,-0.027086,0.636895,52.787594,54.454113,53.828045
3,19.200000,4,3,0.000000,3.645103,53.874676,54.363018,53.792221
0,19.200000,0,1,0.000034,0.636895,62.017864,56.714497,56.676575
2,19.400000,2,3,-0.027085,3.645103,54.195992,55.718098,55.031338
1,19.400000,2,1,-0.027085,0.636896,48.590843,54.506756,53.828045
3,19.400000,4,3,0.000000,3.645103,49.667393,52.254017,53.792221
0,19.400000,0,1,0.000034,0.636896,60.961983,55.870098,56.676575
2,19.600000,2,3,-0.027085,3.645104,48.502251,56.011570,55.031338
1,19.600000,2,1,-0.027085,0.636896,58.430828,54.876545,53.828045
3,19.600000,4,3,0.000000,3.645104,58.069862,54.294308,53.792221
0,19.600000,0,1,0.000035,0.636896,56.841015,56.266426,56.676575
2,19.800000,2,3,-0.129686,3.645104,56.604454,56.049210,54.853851
1,19.800000,2,1,-0.129686,0.751153,51.203735,54.660439,54.235985
3,19.800000,4,3,0.000000,3.645104,58.832073,52.894772,53.792221
0,19.800000,0,1,0.000035,0.751153,55.847961,56.502850,56.506775
2,20.000000,2,3,-0.129686,3.645104,59.020615,55.415611,54.853851
1,20.000000,2,1,-0.129686,0.852943,53.303589,54.827808,54.422302
3,20.000000,4,3,0.000000,3.645104,46.910774,53.511395,53.792221
0,20.000000,0,1,0.000035,0.852943,55.638123,56.953175,56.353233
2,20.200000,2,3,-0.129685,3.645105,52.665176,55.531139,54.853851
1,20.200000,2,1,-0.129685,0.990622,54.985260,55.229313,54.669331
3,20.200000,4,3,0.000000,3.645105,55.583603,54.409039,53.792221
0,20.200000,0,1,0.000036,0.990622,55.171169,56.755123,56.142044
2,20.400000,2,3,-0.129685,3.645105,48.584316,55.586315,54.853851
1,20.400000,2,1,-0.129685,0.990622,56.327026,55.610558,54.669331
3,20.400000,4,3,0.000000,3.645105,50.371582,54.743816,53.792225
0,20.400000,0,1,0.000036,0.990622,56.565155,55.722881,56.142044
2,20.600000,2,3,0.031562,3.754989,55.318752,55.912136,54.943066
1,20.600000,2,1,0.031562,1.198672,54.554771,54.981140,54.752045
3,20.600000,4,3,0.000000,3.754989,57.549435,53.340027,54.001518
0,20.600000,0,1,0.000037,1.198672,52.718540,55.798176,55.814903
2,20.800000,2,3,0.031562,3.754989,59.648487,56.257637,54.943066
1,20.800000,2,1,0.031562,1.355735,47.240009,54.185780,55.025093
3,20.800000,4,3,0.000000,3.754989,52.722633,53.500877,54.001518
0,20.800000,0,1,0.000037,1.355735,57.453190,54.433949,55.561234
2,21.000000,2,3,0.031563,3.754990,54.359802,56.643795,54.943066
1,21.000000,2,1,0.031563,1.355736,56.312790,53.701015,55.025093
3,21.000000,4,3,0.000000,3.754990,58.543556,54.711548,54.001522
0,21.000000,0,1,0.000037,1.355736,61.516335,54.099823,55.561234
2,21.200000,2,3,0.031563,3.754990,54.938892,55.499996,54.943066
1,21.200000,2,1,0.031563,1.355736,55.339329,53.519470,55.025093
3,21.200000,4,3,0.000000,3.754990,57.069893,53.931091,54.001522
0,21.200000,0,1,0.000038,1.355736,55.235283,55.089504,55.561234
2,21.400000,2,3,0.166698,3.754990,53.827007,55.819416,55.174343
1,21.400000,2,1,0.166698,1.355736,51.229652,53.306408,54.790581
3,21.400000,4,3,0.000000,3.754990,55.405411,52.552483,54.001522
0,21.400000,0,1,0.000038,1.355736,54.709660,55.701908,55.561234
2,21.600000,2,3,0.166699,3.754991,51.298615,55.564522,55.174343
1,21.600000,2,1,0.166699,1.355737,61.453793,53.922199,54.790581
3,21.600000,4,3,0.000000,3.754991,51.194275,55.488697,54.001522
0,21.600000,0,1,0.000038,1.355737,51.806938,54.843033,55.561234
2,21.800000,2,3,0.166699,3.754991,55.436951,55.418415,55.174343
1,21.800000,2,1,0.166699,1.355737,52.791698,53.280041,54.790581
3,21.800000,4,3,0.000000,3.754991,47.205383,53.851078,54.001526
0,21.800000,0,1,0.000039,1.355737,56.950554,54.780785,55.561234
2,22.000000,2,3,0.166699,3.887049,58.729347,55.405388,54.948387
1,22.000000,2,1,0.166699,1.355738,51.649376,53.029427,54.790581
3,22.000000,4,3,0.000000,3.887049,52.851261,52.862007,54.247829
0,22.000000,0,1,0.000039,1.355738,59.020561,55.223164,55.561234
2,22.200000,2,3,0.166700,3.887049,56.678371,54.832966,54.948387
1,22.200000,2,1,0.166700,1.355738,55.588963,53.347313,54.790581
3,22.200000,4,3,0.000000,3.887049,51.927883,55.322441,54.247833
0,22.200000,0,1,0.000039,1.355738,55.240513,55.387848,55.561234
2,22.400000,2,3,0.166700,3.887050,50.606510,55.366558,54.948387
1,22.400000,2,1,0.166700,1.355738,54.023193,53.887478,54.790581
3,22.400000,4,3,0.000000,3.887050,55.027546,55.602810,54.247833
0,22.400000,0,1,0.000040,1.355738,51.695446,56.368954,55.561234
2,22.600000,2,3,0.017907,3.887050,56.725544,55.668690,54.688026
1,22.600000,2,1,0.017907,1.355739,49.382763,54.410828,55.048515
3,22.600000,4,3,0.000000,3.887050,52.227009,53.600491,54.247833
0,22.600000,0,1,0.000040,1.355739,52.977722,55.958405,55.561234
2,22.800000,2,3,-0.092706,3.887051,55.570648,55.037704,54.490353
1,22.800000,2,1,-0.092706,1.355739,54.512257,54.168190,55.236374
3,22.800000,4,3,0.000000,3.887051,58.693672,54.018333,54.247833
0,22.800000,0,1,0.000040,1.355739,55.446087,55.455311,55.561234
2,23.000000,2,3,0.035896,3.887051,59.011177,54.560623,54.719841
1,23.000000,2,1,0.035896,1.355739,52.165211,54.805500,55.017654
3,23.000000,4,3,0.000000,3.887051,55.436462,54.566105,54.247833
0,23.000000,0,1,0.000041,1.355739,61.511032,55.837784,55.561234
2,23.200000,2,3,0.035897,3.887051,56.309677,54.054882,54.719841
1,23.200000,2,1,0.035897,1.453283,48.512249,53.995888,55.183952
3,23.200000,4,3,0.000000,3.887051,55.728947,55.595337,54.247833
0,23.200000,0,1,0.000041,1.453283,57.126369,56.003998,55.400658
2,23.400000,2,3,0.035897,3.887052,56.377552,54.064884,54.719841
1,23.400000,2,1,0.035897,1.453284,55.164303,54.002403,55.183952
3,23.400000,4,3,0.000000,3.887052,54.282822,52.746250,54.247833
0,23.400000,0,1,0.000041,1.453284,62.203457,55.990143,55.400658
2,23.600000,2,3,-0.228451,3.775510,53.608429,53.742542,54.446609
1,23.600000,2,1,-0.228451,1.650862,58.061420,54.984959,55.938629
3,23.600000,4,3,0.000000,3.775510,56.613476,53.228283,54.040161
0,23.600000,0,1,0.000042,1.650862,59.177277,56.672626,55.067940
2,23.800000,2,3,-0.347374,3.775510,52.702839,53.627850,54.229107
1,23.800000,2,1,-0.347374,1.530411,57.265850,55.956116,55.936214
3,23.800000,4,3,0.000000,3.775510,52.550579,54.967617,54.040161
0,23.800000,0,1,0.000042,1.530411,55.541744,55.579964,55.271988
2,24.000000,2,3,-0.347374,3.923162,52.506508,53.009136,53.952850
1,24.000000,2,1,-0.347374,1.404658,57.994148,55.286320,55.735863
3,24.000000,4,3,0.000000,3.923162,52.375683,54.952858,54.314224
0,24.000000,0,1,0.000043,1.404658,55.423687,55.901711,55.481003
2,24.200000,2,3,-0.347373,3.923162,54.533260,52.442699,53.952850
1,24.200000,2,1,-0.347373,1.404659,59.313210,54.902679,55.735863
3,24.200000,4,3,0.000000,3.923162,56.835155,54.970760,54.314224
0,24.200000,0,1,0.000043,1.404659,55.204735,55.850792,55.481003
2,24.400000,2,3,-0.347373,3.923162,55.163628,52.523132,53.952850
1,24.400000,2,1,-0.347373,1.404659,58.399719,54.913078,55.735863
3,24.400000,4,3,0.000000,3.923162,57.309898,53.524509,54.314224
0,24.400000,0,1,0.000043,1.404659,56.000023,55.631477,55.481003
2,24.600000,2,3,-0.347373,3.923162,56.522377,53.074375,53.952850
1,24.600000,2,1,-0.347373,1.404659,53.768974,55.654854,55.735863
3,24.600000,4,3,0.000000,3.923162,49.195507,53.844139,54.314224
0,24.600000,0,1,0.000044,1.404659,56.610336,56.049500,55.481003
2,24.800000,2,3,-0.235613,3.923163,54.817234,52.914837,54.162598
1,24.800000,2,1,-0.235613,1.404660,59.630325,55.416462,55.554649
3,24.800000,4,3,0.000000,3.923163,47.032112,54.273010,54.314224
0,24.800000,0,1,0.000044,1.404660,54.355808,55.473091,55.481003
2,25.000000,2,3,-0.366639,3.923163,52.477234,52.466064,53.916279
1,25.000000,2,1,-0.366639,1.404660,59.072445,54.751015,55.766800
3,25.000000,4,3,0.000000,3.923163,55.726387,56.579472,54.314224
0,25.000000,0,1,0.000044,1.404660,57.477421,55.493736,55.481003
2,25.200000,2,3,-0.366639,3.923164,57.724075,53.163754,53.916279
1,25.200000,2,1,-0.366639,1.404660,54.550827,54.743000,55.766800
3,25.200000,4,3,0.000000,3.923164,54.807793,55.590065,54.314228
0,25.200000,0,1,0.000045,1.404660,61.551094,55.251621,55.481003
2,25.400000,2,3,-0.366639,3.923164,55.488228,53.415310,53.916279
1,25.400000,2,1,-0.366639,1.404661,52.294903,55.113804,55.766800
3,25.400000,4,3,0.000000,3.923164,56.485600,55.323139,54.314228
0,25.400000,0,1,0.000045,1.404661,48.971375,54.953697,55.481003
2,25.600000,2,3,-0.243994,3.748145,48.466785,54.140923,54.467995
1,25.600000,2,1,-0.243994,1.294665,56.555397,54.213985,55.387218
3,25.600000,4,3,0.000000,3.748145,56.320457,55.413307,53.988602
0,25.600000,0,1,0.000045,1.294665,55.641441,55.465008,55.660583
2,25.8