1,0.200000,2,1,0.000000,0.000000,53.617188,NaN,52.474251
2,0.200000,2,3,0.000000,0.000000,63.832150,NaN,60.000000
3,0.200000,4,3,0.000000,0.000000,43.157581,43.359043,42.529121
0,0.200000,0,1,0.000000,0.000000,57.309311,NaN,57.577248
1,0.400000,2,1,-0.169743,0.000001,51.495411,NaN,52.836723
2,0.400000,2,3,-0.169743,0.256412,61.955433,NaN,59.527161
3,0.400000,4,3,0.000000,0.256412,43.817165,44.140575,43.838112
0,0.400000,0,1,0.000001,0.000001,59.927727,NaN,57.577248
1,0.600000,2,1,-0.293750,0.143410,49.569946,55.317902,53.384304
2,0.600000,2,3,-0.293750,0.528583,65.002113,59.866234,59.068306
3,0.600000,4,3,0.000000,0.528583,45.480728,43.910454,45.074043
0,0.600000,0,1,0.000001,0.143410,54.513218,57.665791,57.380852
1,0.800000,2,1,-0.593750,0.143411,54.339428,54.498173,53.967422
2,0.800000,2,3,-0.593750,0.528584,60.666267,57.547310,58.707470
3,0.800000,4,3,0.000000,0.528584,42.559921,46.081718,45.074043
0,0.800000,0,1,0.000001,0.143411,57.534710,55.856411,57.380852
1,1.000000,2,1,-0.593749,0.276882,53.969116,56.572208,54.217117
2,1.000000,2,3,-0.593749,0.828318,64.112503,57.600761,58.334564
3,1.000000,4,3,0.000000,0.828318,45.104748,45.439571,46.289890
0,1.000000,0,1,0.000002,0.276882,58.490299,56.706928,57.194817
1,1.200000,2,1,-0.593749,0.402770,53.220913,56.736172,54.447479
2,1.200000,2,3,-0.593749,1.128318,53.664726,55.466953,57.948048
3,1.200000,4,3,0.000000,1.128318,48.469254,46.499313,47.384151
0,1.200000,0,1,0.000002,0.402770,60.958282,55.549191,57.016384
1,1.400000,2,1,-0.593749,0.607986,51.947807,56.051392,54.812828
2,1.400000,2,3,-0.593749,1.128318,57.574238,54.644302,57.948048
3,1.400000,4,3,0.000000,1.128318,48.346809,48.197098,47.384151
0,1.400000,0,1,0.000002,0.607986,55.578022,56.264618,56.719074
1,1.600000,2,1,-0.593748,0.709781,52.799713,56.381233,54.989594
2,1.600000,2,3,-0.593748,1.371806,59.531242,54.522907,57.623898
3,1.600000,4,3,0.000000,1.371806,47.680225,47.608509,48.197750
0,1.600000,0,1,0.000003,0.709781,59.950420,57.268013,56.568520
1,1.800000,2,1,-0.593748,0.709782,57.770988,55.800041,54.989594
2,1.800000,2,3,-0.593748,1.576984,57.954983,53.823154,57.343029
3,1.800000,4,3,0.000000,1.576984,44.459419,48.846661,48.838982
0,1.800000,0,1,0.000003,0.709782,56.018745,56.753262,56.568520
1,2.000000,2,1,-0.720329,0.709782,59.011581,56.351318,55.205460
2,2.000000,2,3,-0.720329,1.686532,55.315350,54.193428,57.010536
3,2.000000,4,3,0.000000,1.686532,52.125721,47.543343,49.166443
0,2.000000,0,1,0.000004,0.709782,57.179951,56.389400,56.568520
1,2.200000,2,1,-0.720329,0.839853,60.145138,56.339470,55.422897
2,2.200000,2,3,-0.720329,1.885944,53.326485,53.627953,56.721588
3,2.200000,4,3,0.000000,1.885944,49.715637,50.295364,49.738308
0,2.200000,0,1,0.000004,0.839853,54.066219,56.047180,56.373055
1,2.400000,2,1,-0.720328,1.019989,60.862663,56.653084,55.717010
2,2.400000,2,3,-0.720328,2.022786,58.681519,53.487980,56.518757
3,2.400000,4,3,0.000000,2.022786,53.848503,50.443207,50.114006
0,2.400000,0,1,0.000004,1.019989,59.189411,55.498894,56.096409
1,2.600000,2,1,-0.720328,1.019989,52.969280,56.575825,55.717010
2,2.600000,2,3,-0.720328,2.276586,58.830154,53.707241,56.132236
3,2.600000,4,3,0.000000,2.276586,49.683517,50.430416,50.778168
0,2.600000,0,1,0.000005,1.019989,59.870037,55.783657,56.096409
1,2.800000,2,1,-0.829645,1.164788,57.353138,56.674736,56.118813
2,2.800000,2,3,-0.829645,2.276586,53.407722,53.671112,55.961418
3,2.800000,4,3,0.000000,2.276586,49.255886,51.425308,50.778168
0,2.800000,0,1,0.000005,1.164788,52.706448,55.616859,55.868805
1,3.000000,2,1,-0.829644,1.044848,60.786427,57.681309,55.931015
2,3.000000,2,3,-0.829644,2.480283,49.911167,53.777569,55.635773
3,3.000000,4,3,0.000000,2.480283,53.036572,51.848106,51.283310
0,3.000000,0,1,0.000005,1.044848,58.784267,55.557293,56.057674
1,3.200000,2,1,-0.936880,0.893048,55.452389,57.540615,55.860405
2,3.200000,2,3,-0.936880,2.617297,51.095184,53.317322,55.231956
3,3.200000,4,3,0.000000,2.617297,53.465424,52.736038,51.610329
0,3.200000,0,1,0.000006,0.893048,55.539581,57.120872,56.292091
1,3.400000,2,1,-0.936880,0.893049,55.791794,57.573460,55.860405
2,3.400000,2,3,-0.936880,2.617298,51.186630,53.094952,55.231956
3,3.400000,4,3,0.000000,2.617298,47.248821,52.556133,51.610329
0,3.400000,0,1,0.000006,0.893049,57.334064,57.653446,56.292091
1,3.600000,2,1,-0.936879,1.077475,52.644192,56.617577,56.149693
2,3.600000,2,3,-0.936879,2.783546,55.150921,53.369488,54.948257
3,3.600000,4,3,0.000000,2.783546,51.761642,50.874546,51.994339
0,3.600000,0,1,0.000006,1.077475,55.992599,57.224140,56.006622
1,3.800000,2,1,-0.936879,1.077475,56.253563,56.708920,56.149693
2,3.800000,2,3,-0.936879,2.783546,60.407093,53.563923,54.948257
3,3.800000,4,3,0.000000,2.783546,53.873566,52.950939,51.994339
0,3.800000,0,1,0.000007,1.077475,57.923721,57.036755,56.006622
1,4.000000,2,1,-0.936879,0.927396,51.504658,55.956688,55.914864
2,4.000000,2,3,-0.936879,2.922052,52.763039,54.405746,54.706100
3,4.000000,4,3,0.000000,2.922052,47.930321,51.250652,52.304214
0,4.000000,0,1,0.000007,0.927396,55.972645,56.774628,56.239494
1,4.200000,2,1,-0.936878,1.033427,59.108086,56.468830,56.081295
2,4.200000,2,3,-0.936878,3.144118,56.533596,53.744022,54.306213
3,4.200000,4,3,0.000000,3.144118,54.926270,52.122009,52.783279
0,4.200000,0,1,0.000007,1.033427,54.915260,57.070732,56.075493
1,4.400000,2,1,-0.761167,1.033427,55.752472,56.941475,55.804085
2,4.400000,2,3,-0.761167,3.249589,52.431103,53.515015,54.434303
3,4.400000,4,3,0.000000,3.249589,48.294540,52.191124,53.003624
0,4.400000,0,1,0.000008,1.033427,59.057693,56.650150,56.075493
1,4.600000,2,1,-0.761166,1.033427,54.463898,56.882504,55.804085
2,4.600000,2,3,-0.761166,3.249590,48.278130,53.762115,54.434303
3,4.600000,4,3,0.000000,3.249590,53.352673,52.170441,53.003624
0,4.600000,0,1,0.000008,1.033427,58.993225,56.637768,56.075493
1,4.800000,2,1,-0.761166,1.033428,62.289814,56.407108,55.804085
2,4.800000,2,3,-0.761166,3.249590,52.210762,53.470325,54.434303
3,4.800000,4,3,0.000000,3.249590,54.080189,51.414207,53.003624
0,4.800000,0,1,0.000008,1.033428,59.408604,55.937866,56.075493
1,5.000000,2,1,-0.761165,1.033428,50.442860,56.016884,55.804085
2,5.000000,2,3,-0.761165,3.249590,56.017319,53.068035,54.434303
3,5.000000,4,3,0.000000,3.249590,50.543007,52.077034,53.003624
0,5.000000,0,1,0.000009,1.033428,53.956947,56.514919,56.075493
1,5.200000,2,1,-0.761165,1.033428,58.592602,56.584251,55.804085
2,5.200000,2,3,-0.761165,3.249591,52.951588,52.687241,54.434303
3,5.200000,4,3,0.000000,3.249591,53.785278,52.699280,53.003624
0,5.200000,0,1,0.000009,1.033428,56.315781,56.602802,56.075493
1,5.400000,2,1,-0.654609,1.033429,53.104450,56.371361,55.632469
2,5.400000,2,3,-0.654609,3.141703,53.771042,53.640793,54.816250
3,5.400000,4,3,0.000000,3.141703,59.500343,52.992680,52.778183
0,5.400000,0,1,0.000010,1.033429,53.682152,56.735527,56.075493
1,5.600000,2,1,-0.654609,1.033429,55.907265,56.242970,55.632469
2,5.600000,2,3,-0.654609,3.141703,56.132954,53.540264,54.816250
3,5.600000,4,3,0.000000,3.141703,55.672916,53.695297,52.778183
0,5.600000,0,1,0.000010,1.033429,54.986336,57.076691,56.075493
1,5.800000,2,1,-0.437487,1.033429,55.495995,56.653908,55.274147
2,5.800000,2,3,-0.437487,3.141703,55.551342,54.495853,55.189743
3,5.800000,4,3,0.000000,3.141703,47.533585,53.137684,52.778183
0,5.800000,0,1,0.000010,1.033429,51.803028,56.229507,56.075493
1,6.000000,2,1,-0.437486,1.264878,50.417404,56.339191,55.655701
2,6.000000,2,3,-0.437486,3.308150,54.366589,55.301407,54.904579
3,6.000000,4,3,0.000000,3.308150,52.911678,54.120762,53.124058
0,6.000000,0,1,0.000011,1.264878,56.676498,56.278191,55.708656
1,6.200000,2,1,-0.437486,1.382945,57.085312,56.419258,55.845295
2,6.200000,2,3,-0.437486,3.488626,58.650345,54.544281,54.586670
3,6.200000,4,3,0.000000,3.488626,47.933964,53.227028,53.487038
0,6.200000,0,1,0.000011,1.382945,53.666397,55.607685,55.516636
1,6.400000,2,1,-0.437486,1.382946,50.613991,56.168102,55.845295
2,6.400000,2,3,-0.437486,3.488627,54.321995,54.185669,54.586670
3,6.400000,4,3,0.000000,3.488627,53.965130,54.623783,53.487041
0,6.400000,0,1,0.000011,1.382946,54.525051,55.801540,55.516636
1,6.600000,2,1,-0.329625,1.382946,53.465729,56.026337,55.672222
2,6.600000,2,3,-0.329625,3.488627,55.211765,54.598755,54.777782
3,6.600000,4,3,0.000000,3.488627,56.436962,54.355976,53.487041
0,6.600000,0,1,0.000012,1.382946,53.153488,55.735207,55.516636
1,6.800000,2,1,-0.329624,1.382946,60.884415,55.775887,55.672222
2,6.800000,2,3,-0.329624,3.488628,52.448460,54.358780,54.777782
3,6.800000,4,3,0.000000,3.488628,56.044182,53.469570,53.487041
0,6.800000,0,1,0.000012,1.382946,58.199211,55.670780,55.516636
1,7.000000,2,1,-0.222757,1.495808,56.169220,55.777229,55.681915
2,7.000000,2,3,-0.222757,3.612094,53.205303,54.827545,54.748589
3,7.000000,4,3,0.000000,3.612094,55.191784,54.812107,53.728554
0,7.000000,0,1,0.000012,1.495808,56.018284,55.989159,55.329857
1,7.200000,2,1,-0.383560,1.357694,50.921471,55.126949,55.718517
2,7.200000,2,3,-0.383560,3.723196,49.604794,54.667488,54.258858
3,7.200000,4,3,0.000000,3.723196,57.154034,53.756828,53.941376
0,7.200000,0,1,0.000013,1.357694,56.481239,55.604553,55.557991
1,7.400000,2,1,-0.239920,1.357695,54.615379,55.384178,55.484673
2,7.400000,2,3,-0.239920,3.723196,56.221737,54.307449,54.520321
3,7.400000,4,3,0.000000,3.723196,56.512684,54.207539,53.941376
0,7.400000,0,1,0.000013,1.357695,53.492771,55.671329,55.557991
1,7.600000,2,1,-0.239920,1.357695,57.069649,54.082615,55.484673
2,7.600000,2,3,-0.239920,3.723197,53.444752,54.073154,54.520321
3,7.600000,4,3,0.000000,3.723197,55.878151,52.407196,53.941380
0,7.600000,0,1,0.000013,1.357695,53.933460,55.124550,55.557991
1,7.800000,2,1,-0.239919,1.357695,56.175873,54.918839,55.484673
2,7.800000,2,3,-0.239919,3.723197,56.306400,54.260624,54.520321
3,7.800000,4,3,0.000000,3.723197,56.456486,53.970150,53.941380
0,7.800000,0,1,0.000014,1.357695,56.442760,55.012836,55.557991
1,8.000000,2,1,-0.239919,1.357696,53.344616,55.267429,55.484673
2,8.000000,2,3,-0.239919,3.723197,54.977589,54.102947,54.520321
3,8.000000,4,3,0.000000,3.723197,55.003479,55.362770,53.941380
0,8.000000,0,1,0.000014,1.357696,57.544468,55.303970,55.557991
1,8.200000,2,1,-0.239918,1.357696,53.162571,55.405460,55.484673
2,8.200000,2,3,-0.239918,3.586647,52.551769,54.152111,54.763172
3,8.200000,4,3,0.000000,3.586647,54.808441,54.891159,53.679214
0,8.200000,0,1,0.000015,1.357696,56.772163,55.820328,55.557991
1,8.400000,2,1,-0.239918,1.357697,56.515961,55.409695,55.484673
2,8.400000,2,3,-0.239918,3.586647,56.488380,54.002216,54.763172
3,8.400000,4,3,0.000000,3.586647,54.870804,53.840481,53.679214
0,8.400000,0,1,0.000015,1.357697,57.183529,55.446507,55.557991
1,8.600000,2,1,0.009921,1.357697,55.388435,55.884693,55.065540
2,8.600000,2,3,0.009921,3.586648,56.241558,54.743561,55.193909
3,8.600000,4,3,0.000000,3.586648,56.910156,53.935837,53.679214
0,8.600000,0,1,0.000015,1.357697,57.441769,55.650528,55.557991
1,8.800000,2,1,0.232884,1.357697,53.131271,55.301029,54.677322
2,8.800000,2,3,0.232884,3.586648,50.033878,55.268642,55.564392
3,8.800000,4,3,0.000000,3.586648,63.459339,52.585442,53.679214
0,8.800000,0,1,0.000016,1.357697,59.019238,55.823963,55.557991
1,9.000000,2,1,0.232884,1.504268,54.862019,54.478947,54.934086
2,9.000000,2,3,0.232884,3.586648,61.675064,54.551357,55.564392
3,9.000000,4,3,0.000000,3.586648,60.350372,53.995766,53.679214
0,9.000000,0,1,0.000016,1.504268,57.491894,55.955635,55.315727
1,9.200000,2,1,0.232884,1.504269,56.423634,54.954273,54.934086
2,9.200000,2,3,0.232884,3.586649,54.899864,55.071941,55.564392
3,9.200000,4,3,0.000000,3.586649,53.492081,54.151829,53.679214
0,9.200000,0,1,0.000016,1.504269,54.470291,55.539417,55.315727
1,9.400000,2,1,0.232885,1.368210,52.660004,54.434036,54.695938
2,9.400000,2,3,0.232885,3.586649,50.720818,55.206154,55.564392
3,9.400000,4,3,0.000000,3.586649,55.416603,54.816074,53.679214
0,9.400000,0,1,0.000017,1.368210,57.073296,55.515430,55.540794
1,9.600000,2,1,0.232885,1.368210,51.270348,54.540443,54.695938
2,9.600000,2,3,0.232885,3.586649,54.231892,54.622280,55.564392
3,9.600000,4,3,0.000000,3.586649,57.556950,52.074757,53.679214
0,9.600000,0,1,0.000017,1.368210,57.138901,56.214390,55.540794
1,9.800000,2,1,0.232885,1.368210,54.773346,55.318493,54.695938
2,9.800000,2,3,0.232885,3.586650,56.566780,54.885872,55.564392
3,9.800000,4,3,0.000000,3.586650,57.657036,54.371616,53.679218
0,9.800000,0,1,0.000017,1.368210,52.050934,55.932373,55.540794
1,10.000000,2,1,0.232886,1.368211,56.732445,55.343681,54.695938
2,10.000000,2,3,0.232886,3.586650,55.081207,55.123623,55.564392
3,10.000000,4,3,0.000000,3.586650,56.817020,53.046268,53.679218
0,10.000000,0,1,0.000018,1.368211,57.746555,56.440754,55.540794
1,10.200000,2,1,0.079011,1.368211,52.440769,54.576225,54.964886
2,10.200000,2,3,0.079011,3.586650,55.798290,55.357918,55.310066
3,10.200000,4,3,0.000000,3.586650,50.879971,53.361835,53.679218
0,10.200000,0,1,0.000018,1.368211,49.998859,56.172993,55.540794
1,10.400000,2,1,-0.036061,1.368211,53.657215,54.877987,55.161743
2,10.400000,2,3,-0.036061,3.586651,53.609161,55.075207,55.115902
3,10.400000,4,3,0.000000,3.586651,53.056129,53.095425,53.679222
0,10.400000,0,1,0.000018,1.368211,58.747654,56.680458,55.540794
1,10.600000,2,1,0.078587,1.491747,62.600452,55.181694,55.176804
2,10.600000,2,3,0.078587,3.586651,55.398167,54.243992,55.309357
3,10.600000,4,3,0.000000,3.586651,50.074760,53.012005,53.679222
0,10.600000,0,1,0.000019,1.491747,52.206005,56.887562,55.336639
1,10.800000,2,1,0.078587,1.491747,58.475868,54.469189,55.176804
2,10.800000,2,3,0.078587,3.586652,56.860218,54.047592,55.309357
3,10.800000,4,3,0.000000,3.586652,58.306087,52.275551,53.679222
0,10.800000,0,1,0.000019,1.491747,59.707371,56.081215,55.336639
1,11.000000,2,1,0.078588,1.491748,50.699219,54.746284,55.176804
2,11.000000,2,3,0.078588,3.586652,55.842560,53.946396,55.309357
3,11.000000,4,3,0.000000,3.586652,57.616005,52.927357,53.679222
0,11.000000,0,1,0.000019,1.491748,57.286888,56.311924,55.336639
1,11.200000,2,1,0.078588,1.491748,55.048996,54.977730,55.176804
2,11.200000,2,3,0.078588,3.586652,53.187912,53.816204,55.309357
3,11.200000,4,3,0.000000,3.586652,49.924725,53.758408,53.679222
0,11.200000,0,1,0.000020,1.491748,57.642036,56.344082,55.336639
1,11.400000,2,1,0.078588,1.491749,50.422199,55.449635,55.176804
2,11.400000,2,3,0.078588,3.586653,55.485435,54.153358,55.309357
3,11.400000,4,3,0.000000,3.586653,54.477280,52.812130,53.679222
0,11.400000,0,1,0.000020,1.491749,55.044384,56.136913,55.336639
1,11.600000,2,1,0.078589,1.491749,56.188572,55.142254,55.176804
2,11.600000,2,3,0.078589,3.586653,54.955494,54.432400,55.309357
3,11.600000,4,3,0.000000,3.586653,55.926521,55.207748,53.679222
0,11.600000,0,1,0.000021,1.491749,53.589012,56.190533,55.336639
1,11.800000,2,1,0.078589,1.710526,54.029629,54.875996,55.541008
2,11.800000,2,3,0.078589,3.586653,57.309971,54.646805,55.309357
3,11.800000,4,3,0.000000,3.586653,53.923191,53.129555,53.679222
0,11.800000,0,1,0.000021,1.710526,53.631741,56.062626,54.965393
1,12.000000,2,1,-0.080963,1.710527,51.713512,55.318176,55.799126
2,12.000000,2,3,-0.080963,3.586654,54.746319,53.829159,55.039181
3,12.000000,4,3,0.000000,3.586654,55.539509,53.854095,53.679226
0,12.000000,0,1,0.000021,1.710527,55.521656,55.409916,54.965393
1,12.200000,2,1,-0.080963,1.710527,57.875439,56.160381,55.799126
2,12.200000,2,3,-0.080963,3.586654,52.703476,54.011967,55.039181
3,12.200000,4,3,0.000000,3.586654,54.336010,55.259609,53.679226
0,12.200000,0,1,0.000022,1.710527,51.098103,55.210484,54.965393
1,12.400000,2,1,-0.080962,1.710528,53.306892,55.675545,55.799126
2,12.400000,2,3,-0.080962,3.586654,52.408485,54.445736,55.039181
3,12.400000,4,3,0.000000,3.586654,51.856205,53.792690,53.679230
0,12.400000,0,1,0.000022,1.710528,49.685303,55.104057,54.965393
1,12.600000,2,1,-0.080962,1.710528,54.177254,55.381855,55.799126
2,12.600000,2,3,-0.080962,3.462464,56.236443,54.397945,55.250053
3,12.600000,4,3,0.000000,3.462464,55.948772,52.817669,53.435165
0,12.600000,0,1,0.000022,1.710528,57.660339,55.239456,54.965393
1,12.800000,2,1,-0.080962,1.832501,52.602982,55.656517,55.992390
2,12.800000,2,3,-0.080962,3.462464,52.277290,55.276211,55.250053
3,12.800000,4,3,0.000000,3.462464,55.894623,53.571133,53.435165
0,12.800000,0,1,0.000023,1.832501,56.899918,54.360573,54.752769
1,13.000000,2,1,-0.080961,1.832501,55.367626,55.706955,55.992390
2,13.000000,2,3,-0.080961,3.462464,58.116489,54.653095,55.250053
3,13.000000,4,3,0.000000,3.462464,53.739487,54.517120,53.435165
0,13.000000,0,1,0.000023,1.832501,51.811020,53.927471,54.752769
1,13.200000,2,1,-0.080961,1.832501,55.318657,55.640800,55.992390
2,13.200000,2,3,-0.080961,3.462465,53.214550,54.973415,55.250053
3,13.200000,4,3,0.000000,3.462465,51.436211,53.764435,53.435169
0,13.200000,0,1,0.000023,1.832501,56.181385,53.521019,54.752769
1,13.400000,2,1,-0.258714,1.832502,53.277752,55.090645,56.268021
2,13.400000,2,3,-0.258714,3.676691,53.957455,55.149124,54.570045
3,13.400000,4,3,0.000000,3.676691,59.077507,54.962875,53.852798
0,13.400000,0,1,0.000024,1.832502,54.628090,52.723312,54.752769
1,13.600000,2,1,-0.258714,1.832502,51.689499,55.733799,56.268021
2,13.600000,2,3,-0.258714,3.676692,56.117416,54.750511,54.570045
3,13.600000,4,3,0.000000,3.676692,56.741615,54.808868,53.852798
0,13.600000,0,1,0.000024,1.832502,55.721027,52.157578,54.752769
1,13.800000,2,1,-0.258714,1.696488,54.765388,56.049911,56.057743
2,13.800000,2,3,-0.258714,3.676692,54.286545,54.715832,54.570045
3,13.800000,4,3,0.000000,3.676692,52.536339,54.512112,53.852802
0,13.800000,0,1,0.000024,1.696488,57.491150,52.429951,54.989609
1,14.000000,2,1,-0.038223,1.893811,56.555367,55.958218,56.021515
2,14.000000,2,3,-0.038223,3.781922,50.471050,54.747677,54.774456
3,14.000000,4,3,0.000000,3.781922,48.759956,52.269897,54.052208
0,14.000000,0,1,0.000025,1.893811,55.679207,52.941425,54.644302
1,14.200000,2,1,-0.038223,2.024849,54.615002,55.520920,56.224838
2,14.200000,2,3,-0.038223,3.781923,58.243790,54.260201,54.774456
3,14.200000,4,3,0.000000,3.781923,56.510967,53.469757,54.052208
0,14.200000,0,1,0.000025,2.024849,50.898659,52.689682,54.408768
1,14.400000,2,1,-0.038223,1.920558,56.431545,55.270077,56.063332
2,14.400000,2,3,-0.038223,3.781923,51.629223,54.682888,54.774456
3,14.400000,4,3,0.000000,3.781923,52.638088,53.411915,54.052212
0,14.400000,0,1,0.000026,1.920558,53.410835,52.325119,54.596642
1,14.600000,2,1,-0.038222,1.920558,55.534859,54.444138,56.063332
2,14.600000,2,3,-0.038222,3.781923,58.299927,54.742123,54.774456
3,14.600000,4,3,0.000000,3.781923,53.950317,53.334145,54.052212
0,14.600000,0,1,0.000026,1.920558,55.783463,53.703175,54.596642
1,14.800000,2,1,-0.038222,1.920559,56.880936,54.676182,56.063332
2,14.800000,2,3,-0.038222,4.001659,53.318470,54.948727,54.381374
3,14.800000,4,3,0.000000,4.001659,54.390465,55.659126,54.457157
0,14.800000,0,1,0.000026,1.920559,60.198994,54.293644,54.596642
1,15.000000,2,1,-0.038222,2.035038,55.860832,55.169682,56.240490
2,15.000000,2,3,-0.038222,4.001659,54.047264,54.249054,54.381374
3,15.000000,4,3,0.000000,4.001659,49.764580,53.881561,54.457157
0,15.000000,0,1,0.000027,2.035038,56.219242,54.504513,54.390240
1,15.200000,2,1,-0.038221,2.035039,54.862762,55.914455,56.240490
2,15.200000,2,3,-0.038221,4.001659,49.872952,54.191486,54.381374
3,15.200000,4,3,0.000000,4.001659,56.769241,54.065426,54.457157
0,15.200000,0,1,0.000027,2.035039,53.943268,54.280045,54.390240
1,15.400000,2,1,-0.038221,2.035039,57.764336,56.003166,56.240490
2,15.400000,2,3,-0.038221,4.001660,51.469551,53.886467,54.381374
3,15.400000,4,3,0.000000,4.001660,54.098488,54.527462,54.457161
0,15.400000,0,1,0.000027,2.035039,58.783531,53.828514,54.390240
1,15.600000,2,1,-0.038221,2.035039,56.579689,55.840199,56.240490
2,15.600000,2,3,-0.038221,4.001660,51.608810,54.049656,54.381374
3,15.600000,4,3,0.000000,4.001660,56.837669,55.090145,54.457161
0,15.600000,0,1,0.000028,2.035039,55.916874,53.900497,54.390240
1,15.800000,2,1,-0.038220,2.149033,49.045143,56.410667,56.414074
2,15.800000,2,3,-0.038220,4.001660,54.255180,53.937843,54.381374
3,15.800000,4,3,0.000000,4.001660,57.913479,55.780193,54.457161
0,15.800000,0,1,0.000028,2.149033,51.808453,54.249180,54.180740
1,16.000000,2,1,-0.038220,2.149034,55.309109,56.555473,56.414074
2,16.000000,2,3,-0.038220,4.121618,54.061924,53.912586,54.160622
3,16.000000,4,3,0.000000,4.121618,57.259880,54.533218,54.672016
0,16.000000,0,1,0.000028,2.149034,54.062263,53.958351,54.180740
1,16.200000,2,1,-0.038219,2.149034,52.224468,56.675278,56.414074
2,16.200000,2,3,-0.038219,4.121618,52.817104,53.406250,54.160622
3,16.200000,4,3,0.000000,4.121618,54.312233,54.699471,54.672016
0,16.200000,0,1,0.000029,2.149034,50.731934,53.489513,54.180740
1,16.400000,2,1,-0.038219,2.149034,58.493042,56.627399,56.414074
2,16.400000,2,3,-0.038219,4.121619,56.825306,53.277336,54.160622
3,16.400000,4,3,0.000000,4.121619,58.100052,54.845539,54.672020
0,16.400000,0,1,0.000029,2.149034,51.983952,53.415039,54.180740
1,16.600000,2,1,-0.038219,2.006392,57.338791,56.502716,56.196426
2,16.600000,2,3,-0.038219,3.959540,52.826786,53.565994,54.457836
3,16.600000,4,3,0.000000,3.959540,53.791630,54.182114,54.380699
0,16.600000,0,1,0.000029,2.006392,57.331329,53.443958,54.442261
1,16.800000,2,1,-0.038218,2.006392,52.198593,55.865139,56.196426
2,16.800000,2,3,-0.038218,3.959540,56.800133,54.701180,54.457836
3,16.800000,4,3,0.000000,3.959540,55.923973,53.247517,54.380699
0,16.800000,0,1,0.000030,2.006392,57.936058,54.153652,54.442261
1,17.000000,2,1,-0.038218,2.006393,56.510468,56.318787,56.196426
2,17.000000,2,3,-0.038218,3.829093,58.851307,54.385807,54.691273
3,17.000000,4,3,0.000000,3.829093,49.385986,53.449516,54.140423
0,17.000000,0,1,0.000030,2.006393,58.984512,54.168831,54.442261
1,17.200000,2,1,-0.038218,2.006393,60.259148,57.017750,56.196426
2,17.200000,2,3,-0.038218,3.829094,49.995281,55.391109,54.691273
3,17.200000,4,3,0.000000,3.829094,56.346565,55.190586,54.140423
0,17.200000,0,1,0.000030,2.006393,54.215939,54.119007,54.442261
1,17.400000,2,1,-0.038217,2.006393,61.819733,56.728516,56.196426
2,17.400000,2,3,-0.038217,3.829094,51.604744,55.085274,54.691273
3,17.400000,4,3,0.000000,3.829094,54.941879,53.716141,54.140423
0,17.400000,0,1,0.000031,2.006393,57.504795,54.460693,54.442261
1,17.600000,2,1,-0.038217,2.006394,56.464077,56.487373,56.196426
2,17.600000,2,3,-0.038217,3.829094,57.307358,54.500053,54.691273
3,17.600000,4,3,0.000000,3.829094,54.391743,54.668118,54.140427
0,17.600000,0,1,0.000031,2.006394,51.569653,54.539066,54.442261
1,17.800000,2,1,-0.038217,2.006394,53.869785,56.448921,56.196426
2,17.800000,2,3,-0.038217,3.829095,56.764698,54.730274,54.691273
3,17.800000,4,3,0.000000,3.829095,53.715599,54.829437,54.140427
0,17.800000,0,1,0.000032,2.006394,56.278111,54.479111,54.442261
1,18.000000,2,1,-0.038216,1.901031,53.195080,56.595493,56.032806
2,18.000000,2,3,-0.038216,3.829095,52.664261,54.667183,54.691273
3,18.000000,4,3,0.000000,3.829095,56.811676,55.144127,54.140427
0,18.000000,0,1,0.000032,1.901031,58.831676,54.938683,54.631470
1,18.200000,2,1,0.165053,1.901031,55.169830,56.284344,55.710014
2,18.200000,2,3,0.165053,3.829096,54.875824,55.283329,55.045307
3,18.200000,4,3,0.000000,3.829096,59.402451,53.724365,54.140427
0,18.200000,0,1,0.000032,1.901031,49.340187,54.814407,54.631470
1,18.400000,2,1,0.290509,1.735761,60.745522,55.485737,55.230995
2,18.400000,2,3,0.290509,3.719784,50.167423,55.187279,55.440331
3,18.400000,4,3,0.000000,3.719784,51.930984,54.589912,53.934902
0,18.400000,0,1,0.000033,1.735761,55.580288,55.015976,54.921764
1,18.600000,2,1,0.474477,1.735761,59.619076,54.457211,54.916588
2,18.600000,2,3,0.474477,3.829997,61.677170,56.147976,55.561523
3,18.600000,4,3,0.000000,3.829997,53.778606,55.835686,54.142105
0,18.600000,0,1,0.000033,1.735761,55.872677,56.024281,54.921764
1,18.800000,2,1,0.474477,1.735761,55.262650,54.082550,54.916588
2,18.800000,2,3,0.474477,3.829997,54.248505,56.168652,55.561523
3,18.800000,4,3,0.000000,3.829997,55.808014,54.116821,54.142105
0,18.800000,0,1,0.000033,1.735761,58.055759,56.003090,54.921764
1,19.000000,2,1,0.474477,1.916624,59.091854,54.205528,55.225769
2,19.000000,2,3,0.474477,3.829998,58.722824,55.784016,55.561523
3,19.000000,4,3,0.000000,3.829998,56.924957,54.088642,54.142105
0,19.000000,0,1,0.000034,1.916624,51.863220,56.118477,54.603676
1,19.200000,2,1,0.474478,1.916625,56.480724,54.905754,55.225769
2,19.200000,2,3,0.474478,3.829998,62.873562,55.670959,55.561523
3,19.200000,4,3,0.000000,3.829998,49.707050,53.979092,54.142105
0,19.200000,0,1,0.000034,1.916625,54.685204,54.691551,54.603676
1,19.400000,2,1,0.278989,1.809777,55.204006,54.685982,55.374138
2,19.400000,2,3,0.278989,3.829998,58.303894,55.967560,55.237293
3,19.400000,4,3,0.000000,3.829998,54.201550,54.306625,54.142109
0,19.400000,0,1,0.000034,1.809777,54.072773,54.528862,54.792717
1,19.600000,2,1,0.278989,1.809778,61.920326,55.696964,55.374138
2,19.600000,2,3,0.278989,3.829999,53.649254,56.158550,55.237293
3,19.600000,4,3,0.000000,3.829999,56.284607,54.517426,54.142109
0,19.600000,0,1,0.000035,1.809778,58.641293,54.684597,54.792717
1,19.800000,2,1,0.278989,1.809778,54.591084,55.223694,55.374138
2,19.800000,2,3,0.278989,3.829999,59.506771,55.799156,55.237293
3,19.800000,4,3,0.000000,3.829999,56.293938,54.547760,54.142109
0,19.800000,0,1,0.000035,1.809778,55.691444,54.476017,54.792717
1,20.000000,2,1,-0.021010,1.938373,52.949280,56.020348,56.064270
2,20.000000,2,3,-0.021010,3.829999,53.477036,55.777119,54.720097
3,20.000000,4,3,0.000000,3.829999,48.126236,55.584129,54.142109
0,20.000000,0,1,0.000035,1.938373,48.947186,54.262650,54.564793
1,20.200000,2,1,-0.021010,1.938374,55.391376,56.832783,56.064270
2,20.200000,2,3,-0.021010,3.945390,53.386459,54.615410,54.514412
3,20.200000,4,3,0.000000,3.945390,60.583530,54.843433,54.354889
0,20.200000,0,1,0.000036,1.938374,57.907925,53.916752,54.564793
1,20.400000,2,1,-0.021010,1.938374,54.555477,56.343628,56.064270
2,20.400000,2,3,-0.021010,3.945390,53.621159,54.388451,54.514412
3,20.400000,4,3,0.000000,3.945390,57.861877,55.025963,54.354889
0,20.400000,0,1,0.000036,1.938374,57.064735,54.133640,54.564793
1,20.600000,2,1,-0.021009,2.185285,58.638428,56.757256,56.442799
2,20.600000,2,3,-0.021009,3.945390,55.382759,55.167320,54.514412
3,20.600000,4,3,0.000000,3.945390,52.580223,55.149345,54.354889
0,20.600000,0,1,0.000037,2.185285,53.005478,53.620544,54.113281
1,20.800000,2,1,-0.021009,2.185285,52.905365,57.125656,56.442799
2,20.800000,2,3,-0.021009,3.945391,53.428101,55.605301,54.514412
3,20.800000,4,3,0.000000,3.945391,50.215748,53.837158,54.354889
0,20.800000,0,1,0.000037,2.185285,55.948696,52.863838,54.113281
1,21.000000,2,1,-0.021008,2.185286,57.468456,56.465118,56.442799
2,21.000000,2,3,-0.021008,3.836531,58.873569,55.299976,54.708557
3,21.000000,4,3,0.000000,3.836531,53.525486,55.440708,54.154266
0,21.000000,0,1,0.000037,2.185286,56.608982,52.633514,54.113281
1,21.200000,2,1,-0.021008,2.185286,55.688469,56.640923,56.442799
2,21.200000,2,3,-0.021008,3.836531,52.354889,55.213890,54.708557
3,21.200000,4,3,0.000000,3.836531,57.704964,54.479427,54.154266
0,21.200000,0,1,0.000038,2.185286,49.255672,52.889946,54.113281
1,21.400000,2,1,-0.021008,2.056237,55.448338,56.870388,56.246605
2,21.400000,2,3,-0.021008,3.702738,54.713608,55.489529,54.942513
3,21.400000,4,3,0.000000,3.702738,56.438454,53.677921,53.902500
0,21.400000,0,1,0.000038,2.056237,54.954014,53.473602,54.351608
1,21.600000,2,1,-0.021007,2.215012,50.869564,57.575474,56.487495
2,21.600000,2,3,-0.021007,3.812095,51.963875,55.611473,54.751667
3,21.600000,4,3,0.000000,3.812095,53.424606,53.659782,54.108719
0,21.600000,0,1,0.000038,2.215012,54.376862,53.854012,54.057632
1,21.800000,2,1,-0.021007,2.215013,58.742378,57.953995,56.487495
2,21.800000,2,3,-0.021007,3.951294,55.446152,55.396538,54.503788
3,21.800000,4,3,0.000000,3.951294,57.326691,54.795280,54.365669
0,21.800000,0,1,0.000039,2.215013,50.242146,52.861282,54.057632
1,22.000000,2,1,-0.021007,2.215013,55.198414,57.844517,56.487495
2,22.000000,2,3,-0.021007,4.065726,55.485268,54.974083,54.295685
3,22.000000,4,3,0.000000,4.065726,54.947643,54.368382,54.572437
0,22.000000,0,1,0.000039,2.215013,51.697403,53.380463,54.057632
1,22.200000,2,1,-0.021006,2.215014,57.580147,57.393826,56.487495
2,22.200000,2,3,-0.021006,3.891364,54.191509,54.649288,54.611206
3,22.200000,4,3,0.000000,3.891364,49.137402,54.194275,54.255783
0,22.200000,0,1,0.000039,2.215014,52.448391,54.058891,54.057632
1,22.400000,2,1,-0.021006,2.215014,53.074505,57.141365,56.487495
2,22.400000,2,3,-0.021006,3.891364,52.152161,55.508690,54.611206
3,22.400000,4,3,0.000000,3.891364,50.021362,54.304237,54.255783
0,22.400000,0,1,0.000040,2.215014,54.745636,53.193562,54.057632
1,22.600000,2,1,-0.021006,2.215014,56.627548,57.130608,56.487495
2,22.600000,2,3,-0.021006,3.891364,54.067486,55.140705,54.611206
3,22.600000,4,3,0.000000,3.891364,54.137241,53.224995,54.255783
0,22.600000,0,1,0.000040,2.215014,57.154312,53.864674,54.057632
1,22.800000,2,1,-0.021005,2.215014,53.502785,57.164879,56.487495
2,22.800000,2,3,-0.021005,3.891365,57.891937,54.952290,54.611206
3,22.800000,4,3,0.000000,3.891365,53.781216,54.081814,54.255783
0,22.800000,0,1,0.000040,2.215014,50.600067,53.715015,54.057632
1,23.000000,2,1,-0.021005,2.074292,55.383858,57.421585,56.274261
2,23.000000,2,3,-0.021005,3.891365,54.154575,54.328552,54.611206
3,23.000000,4,3,0.000000,3.891365,58.423172,53.632988,54.255787
0,23.000000,0,1,0.000041,2.074292,58.932755,53.195984,54.318581
1,23.200000,2,1,-0.021005,2.074292,58.366463,56.566757,56.274261
2,23.200000,2,3,-0.021005,3.762874,54.257431,54.254520,54.837990
3,23.200000,4,3,0.000000,3.762874,56.089016,56.034962,54.016384
0,23.200000,0,1,0.000041,2.074292,61.137154,54.096798,54.318581
1,23.400000,2,1,-0.021004,2.074293,55.440178,56.986172,56.274261
2,23.400000,2,3,-0.021004,3.762874,53.591980,55.222141,54.837990
3,23.400000,4,3,0.000000,3.762874,47.613716,52.583710,54.016384
0,23.400000,0,1,0.000041,2.074293,52.426392,53.853683,54.318581
1,23.600000,2,1,-0.177094,2.074293,53.920097,56.630260,56.510529
2,23.600000,2,3,-0.177094,3.873428,51.763405,55.279919,54.361969
3,23.600000,4,3,0.000000,3.873428,57.994740,54.054615,54.222683
0,23.600000,0,1,0.000042,2.074293,50.950317,53.957432,54.318581
1,23.800000,2,1,-0.177093,2.074293,57.181740,57.373634,56.510529
2,23.800000,2,3,-0.177093,3.765919,53.044025,54.022842,54.556419
3,23.800000,4,3,0.000000,3.765919,53.880112,53.796322,54.022118
0,23.800000,0,1,0.000042,2.074293,55.069897,53.334251,54.318581
1,24.000000,2,1,-0.177093,2.074294,63.986225,57.430073,56.510529
2,24.000000,2,3,-0.177093,3.765919,58.163971,54.926052,54.556419
3,24.000000,4,3,0.000000,3.765919,54.507992,53.979927,54.022118
0,24.000000,0,1,0.000043,2.074294,54.453175,53.587605,54.318581
1,24.200000,2,1,-0.177093,2.074294,60.508717,57.292805,56.510529
2,24.200000,2,3,-0.177093,3.765920,51.302326,54.123653,54.556419
3,24.200000,4,3,0.000000,3.765920,54.393436,53.968357,54.022121
0,24.200000,0,1,0.000043,2.074294,50.833302,53.903748,54.318581
1,24.400000,2,1,-0.177092,2.201164,57.055557,57.249050,56.698845
2,24.400000,2,3,-0.177092,3.765920,57.201015,54.263138,54.556419
3,24.400000,4,3,0.000000,3.765920,57.038692,54.855812,54.022121
0,24.400000,0,1,0.000043,2.201164,57.407951,53.753624,54.083603
1,24.600000,2,1,-0.177092,2.201164,52.150558,57.551388,56.698845
2,24.600000,2,3,-0.177092,3.765920,54.168667,53.872307,54.556419
3,24.600000,4,3,0.000000,3.765920,52.503830,54.144234,54.022121
0,24.600000,0,1,0.000044,2.201164,56.289757,53.427860,54.083603
1,24.800000,2,1,-0.177091,2.201164,54.577072,57.280094,56.698845
2,24.800000,2,3,-0.177091,3.888432,56.815357,53.648491,54.334560
3,24.800000,4,3,0.000000,3.888432,54.603626,53.952015,54.250381
0,24.800000,0,1,0.000044,2.201164,55.859562,53.593060,54.083603
1,25.000000,2,1,-0.177091,2.016726,54.083397,57.553997,56.423985
2,25.000000,2,3,-0.177091,3.888432,54.722855,53.672176,54.334560
3,25.000000,4,3,0.000000,3.888432,57.955212,54.089558,54.250381
0,25.000000,0,1,0.000044,2.016726,55.037399,53.601009,54.423553
1,25.200000,2,1,-0.177091,2.016726,57.115784,57.184227,56.423985
2,25.200000,2,3,-0.177091,4.075689,57.683575,53.524986,53.986446
3,25.200000,4,3,0.000000,4.075689,60.462635,53.905659,54.590256
0,25.200000,0,1,0.000045,2.016726,49.962605,54.895714,54.423553
1,25.400000,2,1,-0.177090,2.016726,55.398273,56.995338,56.423985
2,25.400000,2,3,-0.177090,3.928584,56.237724,52.865032,54.260853
3,25.400000,4,3,0.000000,3.928584,55.744865,54.126114,54.324158
0,25.400000,0,1,0.000045,2.016726,51.945702,54.096233,54.423553
1,25.600000,2,1,-0.060139,2.016726,53.525715,57.154606,56.246025
2,25.600000,2,3,-0.060139,3.928584,52.525028,53.470211,54.474167
3,25.600000,4,3,0.000000,3.928584,57.555973,55.967438,54.324158
0,25.600000,0,1,0.000045,2.016726,55.699444,53.907051,54.423553
1,25.800000,2,1,-0.060139,1.