1,0.200000,1,2,0.000000,0.000000,55.067608,NaN,52.474251
0,0.200000,1,0,0.000000,0.000000,55.860310,NaN,57.577248
2,0.200000,2,3,0.000000,0.000000,64.516365,NaN,60.000000
3,0.200000,4,3,0.000000,0.000000,45.920891,42.752022,42.529121
1,0.400000,1,2,0.000001,0.000001,51.208244,NaN,52.474251
0,0.400000,1,0,0.000001,0.000001,57.172489,NaN,57.577248
2,0.400000,2,3,0.000001,0.234379,64.989693,NaN,59.742496
3,0.400000,4,3,0.000000,0.234379,45.777428,43.999908,43.731625
1,0.600000,1,2,0.000001,-0.237007,49.875992,50.431545,52.977081
0,0.600000,1,0,0.000001,0.000001,57.051540,57.548870,57.577248
2,0.600000,2,3,-0.237007,0.534380,62.503468,57.865181,59.128410
3,0.600000,4,3,0.000000,0.534380,44.693226,45.252769,45.098892
1,0.800000,1,2,0.000001,-0.237007,48.026955,51.725296,52.977081
0,0.800000,1,0,0.000001,0.000001,59.140377,57.638748,57.577248
2,0.800000,2,3,-0.237007,0.757661,60.186554,58.297310,58.862495
3,0.800000,4,3,0.000000,0.757661,48.350983,46.507145,46.015293
1,1.000000,1,2,0.128563,-0.237007,48.918354,53.434628,53.240395
0,1.000000,1,0,0.128563,0.000002,56.998058,57.326492,57.401352
2,1.000000,2,3,-0.237007,1.025036,56.945625,59.862099,58.535248
3,1.000000,4,3,0.000000,1.025036,46.491333,46.895924,47.019737
1,1.200000,1,2,0.261999,-0.423239,53.304287,53.794937,53.868713
0,1.200000,1,0,0.261999,0.000002,59.734451,56.283485,57.215721
2,1.200000,2,3,-0.423239,1.258804,61.220867,58.902733,58.000416
3,1.200000,4,3,0.000000,1.258804,47.971134,48.187225,47.827728
1,1.400000,1,2,0.380668,-0.423239,54.168926,53.787033,54.093010
0,1.400000,1,0,0.380668,0.000002,56.898087,55.996109,57.047928
2,1.400000,2,3,-0.423239,1.380919,58.454140,58.843586,57.839840
3,1.400000,4,3,0.000000,1.380919,47.465782,48.196690,48.227051
1,1.600000,1,2,0.380668,-0.423238,54.108894,54.147156,54.093010
0,1.600000,1,0,0.380668,0.000003,54.150818,56.734509,57.047928
2,1.600000,2,3,-0.423238,1.574652,56.516022,59.092670,57.580112
3,1.600000,4,3,0.000000,1.574652,51.099525,48.045605,48.831902
1,1.800000,1,2,0.635864,-0.423238,55.826042,55.234058,54.560204
0,1.800000,1,0,0.635864,0.000003,56.324474,57.305695,56.678047
2,1.800000,2,3,-0.423238,1.741937,59.667534,58.637573,57.350731
3,1.800000,4,3,0.000000,1.741937,50.143585,48.657459,49.328377
1,2.000000,1,2,0.635864,-0.423237,54.621292,54.798679,54.560204
0,2.000000,1,0,0.635864,0.000004,59.767220,56.512321,56.678047
2,2.000000,2,3,-0.423237,1.741938,56.125153,58.260456,57.350731
3,2.000000,4,3,0.000000,1.741938,51.665882,50.118156,49.328377
1,2.200000,1,2,0.742064,-0.641425,57.059364,54.961208,55.126453
0,2.200000,1,0,0.742064,0.000004,54.746368,56.834156,56.520332
2,2.200000,2,3,-0.641425,2.041938,59.805637,57.064079,56.607788
3,2.200000,4,3,0.000000,2.041938,50.434402,50.376236,50.165565
1,2.400000,1,2,0.742065,-0.641425,59.444786,55.652813,55.126453
0,2.400000,1,0,0.742065,0.000004,57.503792,56.199383,56.520332
2,2.400000,2,3,-0.641425,2.041938,55.554806,55.806362,56.607788
3,2.400000,4,3,0.000000,2.041938,49.196762,49.118824,50.165569
1,2.600000,1,2,0.868681,-0.641424,54.548782,55.657299,55.339699
0,2.600000,1,0,0.868681,0.000005,53.130135,55.654644,56.329254
2,2.600000,2,3,-0.641424,2.041939,54.305054,56.530277,56.607788
3,2.600000,4,3,0.000000,2.041939,49.726791,50.703819,50.165569
1,2.800000,1,2,0.868682,-0.457089,58.872780,55.370163,55.027836
0,2.800000,1,0,0.868682,0.000005,51.621128,55.441444,56.329254
2,2.800000,2,3,-0.457089,2.219850,60.651905,56.031288,56.617317
3,2.800000,4,3,0.000000,2.219850,50.956234,50.761711,50.633183
1,3.000000,1,2,0.868682,-0.457088,58.967308,54.431408,55.027836
0,3.000000,1,0,0.868682,0.000005,59.095512,55.447151,56.329254
2,3.000000,2,3,-0.457088,2.219850,59.254314,55.105389,56.617317
3,3.000000,4,3,0.000000,2.219850,48.276337,50.856953,50.633183
1,3.200000,1,2,0.868683,-0.457088,56.949085,54.275654,55.027836
0,3.200000,1,0,0.868683,0.000006,56.177464,55.090641,56.329254
2,3.200000,2,3,-0.457088,2.487001,56.850262,54.590630,56.213829
3,3.200000,4,3,0.000000,2.487001,51.464794,51.258762,51.299576
1,3.400000,1,2,0.868683,-0.457087,57.278015,54.934608,55.027836
0,3.400000,1,0,0.868683,0.000006,59.453732,55.693546,56.329254
2,3.400000,2,3,-0.457087,2.751770,48.756886,53.335590,55.798573
3,3.400000,4,3,0.000000,2.751770,53.764015,52.893597,51.921982
1,3.600000,1,2,0.750360,-0.457087,59.430450,55.222092,54.822826
0,3.600000,1,0,0.750360,0.000006,56.715199,55.867294,56.507919
2,3.600000,2,3,-0.457087,2.907123,51.983475,52.470703,55.547318
3,3.600000,4,3,0.000000,2.907123,50.771294,52.612091,52.271233
1,3.800000,1,2,0.750360,-0.358764,49.475796,55.159359,54.649475
0,3.800000,1,0,0.750360,0.000007,59.069920,56.213791,56.507919
2,3.800000,2,3,-0.358764,2.907124,57.403671,52.711346,55.707008
3,3.800000,4,3,0.000000,2.907124,57.796013,52.637749,52.271233
1,4.000000,1,2,0.648667,-0.238338,51.446789,55.251423,54.247360
0,4.000000,1,0,0.648667,0.000007,53.524200,55.844429,56.659164
2,4.000000,2,3,-0.238338,3.037076,58.971066,53.565441,55.691635
3,4.000000,4,3,0.000000,3.037076,53.304573,52.380703,52.554993
1,4.200000,1,2,0.762429,-0.238338,50.998753,54.574703,54.455170
0,4.200000,1,0,0.762429,0.000007,48.735050,55.835945,56.489830
2,4.200000,2,3,-0.238338,3.037077,53.417221,53.065102,55.691635
3,4.200000,4,3,0.000000,3.037077,57.194981,53.854462,52.554996
1,4.400000,1,2,0.762429,-0.238338,52.485519,54.145157,54.455170
0,4.400000,1,0,0.762429,0.000008,53.491833,55.515331,56.489830
2,4.400000,2,3,-0.238338,3.037077,48.539700,53.239899,55.691635
3,4.400000,4,3,0.000000,3.037077,48.923637,50.841930,52.554996
1,4.600000,1,2,0.972693,-0.238337,57.797829,54.320446,54.829094
0,4.600000,1,0,0.972693,0.000008,55.252464,55.937874,56.169735
2,4.600000,2,3,-0.238337,3.037077,59.005291,53.749733,55.691635
3,4.600000,4,3,0.000000,3.037077,47.229141,51.886406,52.554996
1,4.800000,1,2,0.972693,-0.121987,55.865131,54.460461,54.623772
0,4.800000,1,0,0.972693,0.000008,54.265007,55.667538,56.169735
2,4.800000,2,3,-0.121987,3.276502,54.957275,54.452202,55.491081
3,4.800000,4,3,0.000000,3.276502,57.869205,52.098095,53.059135
1,5.000000,1,2,0.972694,-0.121986,53.661057,54.561153,54.623772
0,5.000000,1,0,0.972694,0.000009,54.100166,55.998257,56.169735
2,5.000000,2,3,-0.121986,3.276503,58.802025,54.445175,55.491081
3,5.000000,4,3,0.000000,3.276503,48.090420,54.256161,53.059139
1,5.200000,1,2,0.972694,-0.121986,54.468815,54.632572,54.623772
0,5.200000,1,0,0.972694,0.000009,63.986412,55.600281,56.169735
2,5.200000,2,3,-0.121986,3.276503,54.892658,54.719662,55.491081
3,5.200000,4,3,0.000000,3.276503,54.317661,53.680645,53.059139
1,5.400000,1,2,0.972695,-0.121986,56.707081,54.315693,54.623772
0,5.400000,1,0,0.972695,0.000010,57.272419,55.988300,56.169735
2,5.400000,2,3,-0.121986,3.276503,52.608219,54.140804,55.491081
3,5.400000,4,3,0.000000,3.276503,51.487083,53.172432,53.059139
1,5.600000,1,2,0.869711,-0.233141,47.324146,54.184151,54.638321
0,5.600000,1,0,0.869711,0.000010,56.986412,56.242004,56.327690
2,5.600000,2,3,-0.233141,3.276504,59.492485,53.384884,55.306709
3,5.600000,4,3,0.000000,3.276504,57.014637,52.359417,53.059143
1,5.800000,1,2,1.035570,-0.233141,51.305431,54.149433,54.929455
0,5.800000,1,0,1.035570,0.000010,55.026775,55.977898,56.072159
2,5.800000,2,3,-0.233141,3.276504,54.984646,54.115082,55.306709
3,5.800000,4,3,0.000000,3.276504,50.373924,54.163685,53.059143
1,6.000000,1,2,1.035570,-0.233140,59.489429,53.983925,54.929455
0,6.000000,1,0,1.035570,0.000011,57.654335,54.664898,56.072159
2,6.000000,2,3,-0.233140,3.276504,50.168510,54.609898,55.306709
3,6.000000,4,3,0.000000,3.276504,52.879932,53.175224,53.059143
1,6.200000,1,2,1.035570,-0.233140,58.002926,53.841881,54.929455
0,6.200000,1,0,1.035570,0.000011,55.144302,55.455093,56.072159
2,6.200000,2,3,-0.233140,3.276505,53.010773,55.429092,55.306709
3,6.200000,4,3,0.000000,3.276505,47.131329,53.152920,53.059143
1,6.400000,1,2,1.035571,-0.233140,58.089165,53.614700,54.929455
0,6.400000,1,0,1.035571,0.000011,58.599522,55.748341,56.072159
2,6.400000,2,3,-0.233140,3.276505,56.139977,55.468235,55.306709
3,6.400000,4,3,0.000000,3.276505,49.687485,53.179539,53.059143
1,6.600000,1,2,1.035571,-0.233139,50.529537,54.146465,54.929455
0,6.600000,1,0,1.035571,0.000012,51.071671,55.306957,56.072159
2,6.600000,2,3,-0.233139,3.276505,51.418709,55.436848,55.306709
3,6.600000,4,3,0.000000,3.276505,52.626854,52.809383,53.059143
1,6.800000,1,2,1.035571,-0.233139,59.195877,54.136433,54.929455
0,6.800000,1,0,1.035571,0.000012,54.004799,55.230404,56.072159
2,6.800000,2,3,-0.233139,3.378681,54.580326,56.402454,55.134430
3,6.800000,4,3,0.000000,3.378681,48.376331,52.559719,53.267361
1,7.000000,1,2,1.035572,-0.233139,58.498596,54.258442,54.929455
0,7.000000,1,0,1.035572,0.000012,56.311695,54.843643,56.072159
2,7.000000,2,3,-0.233139,3.503298,48.881252,56.181129,54.920536
3,7.000000,4,3,0.000000,3.503298,51.619965,55.571262,53.516022
1,7.200000,1,2,0.913538,-0.054164,54.470715,54.530540,54.395180
0,7.200000,1,0,0.913538,0.000013,59.968075,54.871864,56.260757
2,7.200000,2,3,-0.054164,3.503299,65.850510,56.212177,55.226425
3,7.200000,4,3,0.000000,3.503299,53.750595,54.125820,53.516022
1,7.400000,1,2,0.913538,-0.054163,60.361305,53.821770,54.395180
0,7.400000,1,0,0.913538,0.000013,59.959286,55.082146,56.260757
2,7.400000,2,3,-0.054163,3.638196,49.808731,56.409718,54.996674
3,7.400000,4,3,0.000000,3.638196,51.246689,53.346096,53.778931
1,7.600000,1,2,1.054139,-0.157300,53.765560,54.731491,54.829803
0,7.600000,1,0,1.054139,0.000013,55.241062,55.516270,56.043175
2,7.600000,2,3,-0.157300,3.638196,53.426765,55.799286,54.817677
3,7.600000,4,3,0.000000,3.638196,54.947372,53.161434,53.778931
1,7.800000,1,2,1.246768,-0.157300,58.878223,55.249714,55.161400
0,7.800000,1,0,1.246768,0.000014,56.211857,55.003078,55.737816
2,7.800000,2,3,-0.157300,3.638197,58.035889,56.122677,54.817677
3,7.800000,4,3,0.000000,3.638197,49.861164,54.038563,53.778931
1,8.000000,1,2,1.246769,-0.157299,53.930084,55.405430,55.161400
0,8.000000,1,0,1.246769,0.000014,59.449745,54.357220,55.737816
2,8.000000,2,3,-0.157299,3.741242,52.839504,55.961536,54.635841
3,8.000000,4,3,0.000000,3.741242,57.077518,53.318424,53.975555
1,8.200000,1,2,1.378406,0.004544,55.375313,55.689880,55.110069
0,8.200000,1,0,1.378406,0.000015,53.880394,54.268215,55.524086
2,8.200000,2,3,0.004544,3.741243,55.889389,55.895927,54.920082
3,8.200000,4,3,0.000000,3.741243,52.240314,53.625973,53.975555
1,8.400000,1,2,1.378407,0.004544,53.228439,55.864288,55.110069
0,8.400000,1,0,1.378407,0.000015,57.132267,54.294449,55.524086
2,8.400000,2,3,0.004544,3.741243,55.626396,55.971123,54.920082
3,8.400000,4,3,0.000000,3.741243,55.774212,52.898300,53.975559
1,8.600000,1,2,1.260778,0.004544,57.787842,55.193920,54.907822
0,8.600000,1,0,1.260778,0.000015,50.585846,54.113457,55.715271
2,8.600000,2,3,0.004544,3.851637,52.084793,55.686550,54.727009
3,8.600000,4,3,0.000000,3.851637,54.081654,54.906467,54.182327
1,8.800000,1,2,1.260778,0.004545,52.113205,54.674927,54.907822
0,8.800000,1,0,1.260778,0.000016,53.250481,54.429874,55.715271
2,8.800000,2,3,0.004545,3.851637,56.683262,55.627647,54.727009
3,8.800000,4,3,0.000000,3.851637,49.488842,53.369469,54.182327
1,9.000000,1,2,1.260779,0.004545,56.589649,54.811081,54.907822
0,9.000000,1,0,1.260779,0.000016,55.377686,54.611919,55.715271
2,9.000000,2,3,0.004545,3.851638,56.462521,55.632492,54.727009
3,9.000000,4,3,0.000000,3.851638,54.865967,53.266918,54.182327
1,9.200000,1,2,1.260779,0.004545,56.107761,55.150959,54.907822
0,9.200000,1,0,1.260779,0.000016,54.133690,54.373779,55.715271
2,9.200000,2,3,0.004545,3.851638,55.815758,55.747620,54.727009
3,9.200000,4,3,0.000000,3.851638,48.587196,53.770489,54.182331
1,9.400000,1,2,1.260780,0.133766,58.379391,54.432251,54.681221
0,9.400000,1,0,1.260780,0.000017,58.765259,54.813255,55.715271
2,9.400000,2,3,0.133766,3.851639,61.851391,55.129459,54.952667
3,9.400000,4,3,0.000000,3.851639,49.722641,54.738575,54.182331
1,9.600000,1,2,1.260780,0.133766,53.367188,54.608963,54.681221
0,9.600000,1,0,1.260780,0.000017,55.692490,55.395641,55.715271
2,9.600000,2,3,0.133766,3.851639,54.276764,55.018200,54.952667
3,9.600000,4,3,0.000000,3.851639,56.419079,54.946392,54.182331
1,9.800000,1,2,1.260780,0.133767,53.842911,55.327011,54.681221
0,9.800000,1,0,1.260780,0.000017,56.414692,55.074917,55.715271
2,9.800000,2,3,0.133767,4.051676,55.392658,55.377132,54.601322
3,9.800000,4,3,0.000000,4.051676,52.422482,56.109375,54.547260
1,10.000000,1,2,1.260781,0.133767,54.262390,54.853409,54.681221
0,10.000000,1,0,1.260781,0.000018,55.561493,54.982445,55.715271
2,10.000000,2,3,0.133767,4.051677,55.982273,54.734470,54.601322
3,10.000000,4,3,0.000000,4.051677,52.578743,54.131645,54.547260
1,10.200000,1,2,1.260781,0.133767,52.221863,54.733299,54.681221
0,10.200000,1,0,1.260781,0.000018,56.412930,54.887615,55.715271
2,10.200000,2,3,0.133767,4.198017,54.649765,54.884003,54.336891
3,10.200000,4,3,0.000000,4.198017,59.910172,54.669495,54.806671
1,10.400000,1,2,1.260781,0.133768,57.449005,54.473076,54.681221
0,10.400000,1,0,1.260781,0.000018,61.510136,55.319275,55.715271
2,10.400000,2,3,0.133768,4.198018,54.412392,54.655472,54.336891
3,10.400000,4,3,0.000000,4.198018,55.190956,55.773743,54.806671
1,10.600000,1,2,1.260782,0.133768,56.564827,54.097363,54.681221
0,10.600000,1,0,1.260782,0.000019,56.010857,55.167023,55.715271
2,10.600000,2,3,0.133768,4.434453,53.533756,54.617157,53.895569
3,10.600000,4,3,0.000000,4.434453,53.088734,55.471516,55.213116
1,10.800000,1,2,1.260782,0.133768,54.752407,54.660206,54.681221
0,10.800000,1,0,1.260782,0.000019,56.612617,55.787567,55.715271
2,10.800000,2,3,0.133768,4.434453,50.514874,53.737576,53.895569
3,10.800000,4,3,0.000000,4.434453,56.279640,55.308868,55.213120
1,11.000000,1,2,1.260782,0.133769,51.981396,55.375980,54.681221
0,11.000000,1,0,1.260782,0.000019,57.210461,55.838089,55.715271
2,11.000000,2,3,0.133769,4.434453,55.994617,53.460239,53.895569
3,11.000000,4,3,0.000000,4.434453,60.842625,55.383293,55.213120
1,11.200000,1,2,1.260783,0.133769,59.844345,55.504856,54.681221
0,11.200000,1,0,1.260783,0.000020,55.989201,55.180328,55.715271
2,11.200000,2,3,0.133769,4.434453,50.745525,53.619312,53.895569
3,11.200000,4,3,0.000000,4.434453,57.566936,54.688850,55.213120
1,11.400000,1,2,1.260783,0.133769,51.532333,55.535984,54.681221
0,11.400000,1,0,1.260783,0.000020,58.384914,55.678471,55.715271
2,11.400000,2,3,0.133769,4.331303,50.701973,53.609165,54.090317
3,11.400000,4,3,0.000000,4.331303,51.185226,54.202900,55.037666
1,11.600000,1,2,1.260783,0.133770,50.179073,55.993874,54.681221
0,11.600000,1,0,1.260783,0.000021,52.605938,55.631260,55.715271
2,11.600000,2,3,0.133770,4.331304,52.805588,53.858124,54.090317
3,11.600000,4,3,0.000000,4.331304,51.245781,54.831512,55.037666
1,11.800000,1,2,1.374176,0.133770,53.604362,55.588879,54.880322
0,11.800000,1,0,1.374176,0.000021,51.409084,55.777447,55.531033
2,11.800000,2,3,0.133770,4.179114,56.314182,53.148918,54.371414
3,11.800000,4,3,0.000000,4.179114,56.488426,55.041599,54.773510
1,12.000000,1,2,1.374177,0.023331,47.092537,56.131199,55.070789
0,12.000000,1,0,1.374177,0.000021,58.107510,56.236465,55.531033
2,12.000000,2,3,0.023331,4.179115,52.027813,53.792332,54.168159
3,12.000000,4,3,0.000000,4.179115,55.988060,55.583900,54.773510
1,12.200000,1,2,1.374177,0.023331,50.043312,56.003338,55.070789
0,12.200000,1,0,1.374177,0.000022,56.505226,56.325745,55.531033
2,12.200000,2,3,0.023331,4.179115,52.801163,54.233292,54.168159
3,12.200000,4,3,0.000000,4.179115,52.092724,54.651279,54.773510
1,12.400000,1,2,1.374177,0.023331,56.375317,55.303123,55.070789
0,12.400000,1,0,1.374177,0.000022,53.791264,55.891743,55.531033
2,12.400000,2,3,0.023331,4.179115,59.126076,53.628323,54.168159
3,12.400000,4,3,0.000000,4.179115,54.660835,54.438915,54.773514
1,12.600000,1,2,1.374178,0.023332,57.769249,55.547150,55.070789
0,12.600000,1,0,1.374178,0.000022,52.211838,56.586720,55.531033
2,12.600000,2,3,0.023332,4.179116,61.608891,53.682522,54.168159
3,12.600000,4,3,0.000000,4.179116,52.486462,55.898567,54.773514
1,12.800000,1,2,1.374178,0.023332,58.158779,55.460464,55.070789
0,12.800000,1,0,1.374178,0.000023,58.109859,55.916332,55.531033
2,12.800000,2,3,0.023332,4.179116,50.577103,53.469952,54.168159
3,12.800000,4,3,0.000000,4.179116,52.901772,54.872189,54.773514
1,13.000000,1,2,1.374178,0.023333,53.327381,54.974541,55.070789
0,13.000000,1,0,1.374178,0.000023,55.321735,56.391376,55.531033
2,13.000000,2,3,0.023333,4.303424,59.710548,53.749763,53.934727
3,13.000000,4,3,0.000000,4.303424,55.963074,55.039543,54.989754
1,13.200000,1,2,1.374179,-0.225343,53.201645,54.754768,55.487812
0,13.200000,1,0,1.374179,0.000023,48.239597,55.957890,55.531033
2,13.200000,2,3,-0.225343,4.120532,51.714355,52.237514,53.809135
3,13.200000,4,3,0.000000,4.120532,49.298859,53.488201,54.670090
1,13.400000,1,2,1.374179,-0.225343,59.883923,54.944321,55.487812
0,13.400000,1,0,1.374179,0.000024,55.925858,56.118752,55.531033
2,13.400000,2,3,-0.225343,4.120533,55.495499,52.061165,53.809135
3,13.400000,4,3,0.000000,4.120533,56.911602,54.156372,54.670090
1,13.600000,1,2,1.374179,-0.225343,54.256630,54.886307,55.487812
0,13.600000,1,0,1.374179,0.000024,50.554764,55.390884,55.531033
2,13.600000,2,3,-0.225343,4.120533,55.676121,53.081284,53.809135
3,13.600000,4,3,0.000000,4.120533,50.510807,53.817516,54.670090
1,13.800000,1,2,1.225313,-0.225342,53.184273,54.448483,55.240097
0,13.800000,1,0,1.225313,0.000024,55.945953,55.599411,55.772270
2,13.800000,2,3,-0.225342,3.964405,58.748230,53.543659,54.104874
3,13.800000,4,3,0.000000,3.964405,49.440220,54.460320,54.389557
1,14.000000,1,2,1.225313,-0.225342,50.786720,54.494392,55.240097
0,14.000000,1,0,1.225313,0.000025,57.106617,56.209522,55.772270
2,14.000000,2,3,-0.225342,3.964405,52.878998,53.894962,54.104874
3,14.000000,4,3,0.000000,3.964405,56.148399,54.377563,54.389557
1,14.200000,1,2,1.225314,-0.225342,52.941494,54.452816,55.240097
0,14.200000,1,0,1.225314,0.000025,62.170982,56.234287,55.772270
2,14.200000,2,3,-0.225342,3.753927,51.561928,53.914787,54.491230
3,14.200000,4,3,0.000000,3.753927,51.917175,53.245857,53.999519
1,14.400000,1,2,1.225314,-0.225341,53.793163,54.253815,55.240097
0,14.400000,1,0,1.225314,0.000026,55.320801,56.304844,55.772270
2,14.400000,2,3,-0.225341,3.753927,58.386929,55.135620,54.491230
3,14.400000,4,3,0.000000,3.753927,48.982212,53.509205,53.999519
1,14.600000,1,2,1.225314,-0.041200,56.994331,54.568348,54.925652
0,14.600000,1,0,1.225314,0.000026,58.706238,56.409569,55.772270
2,14.600000,2,3,-0.041200,3.753928,54.429874,54.532051,54.818321
3,14.600000,4,3,0.000000,3.753928,50.969040,55.649784,53.999519
1,14.800000,1,2,1.107210,-0.041200,55.169643,53.985439,54.719070
0,14.800000,1,0,1.107210,0.000026,53.094227,56.356392,55.959915
2,14.800000,2,3,-0.041200,3.753928,49.288536,54.106682,54.818321
3,14.800000,4,3,0.000000,3.753928,54.914146,53.876163,53.999519
1,15.000000,1,2,1.107210,0.141349,56.591019,53.501289,54.391830
0,15.000000,1,0,1.107210,0.000027,55.665905,57.233467,55.959915
2,15.000000,2,3,0.141349,3.753928,53.261047,54.079617,55.133141
3,15.000000,4,3,0.000000,3.753928,45.414276,53.654152,53.999519
1,15.200000,1,2,1.107211,0.141350,50.915630,52.803555,54.391830
0,15.200000,1,0,1.107211,0.000027,59.862076,56.952599,55.959915
2,15.200000,2,3,0.141350,3.753929,49.770676,54.323772,55.133141
3,15.200000,4,3,0.000000,3.753929,55.449154,53.306732,53.999519
1,15.400000,1,2,1.107211,0.141350,54.963539,52.861916,54.391830
0,15.400000,1,0,1.107211,0.000027,54.411819,56.533470,55.959915
2,15.400000,2,3,0.141350,3.753929,57.265022,54.314899,55.133141
3,15.400000,4,3,0.000000,3.753929,55.124172,53.613197,53.999519
1,15.600000,1,2,0.955269,0.141350,51.563381,53.559731,54.111725
0,15.600000,1,0,0.955269,0.000028,57.364571,56.642956,56.196655
2,15.600000,2,3,0.141350,3.753930,50.626335,54.396889,55.133141
3,15.600000,4,3,0.000000,3.753930,57.970161,53.012684,53.999519
1,15.800000,1,2,1.054579,0.141351,54.788895,53.306801,54.295616
0,15.800000,1,0,1.054579,0.000028,56.693298,57.089661,56.042507
2,15.800000,2,3,0.141351,3.869148,53.436310,54.234413,54.935501
3,15.800000,4,3,0.000000,3.869148,53.535473,54.085091,54.214767
1,16.000000,1,2,1.054579,0.141351,61.011902,53.847698,54.295616
0,16.000000,1,0,1.054579,0.000028,54.593777,56.584091,56.042507
2,16.000000,2,3,0.141351,3.759238,62.405350,54.350990,55.124115
3,16.000000,4,3,0.000000,3.759238,54.384804,54.072903,54.009529
1,16.200000,1,2,1.179789,-0.062171,56.911053,54.019081,54.883026
0,16.200000,1,0,1.179789,0.000029,54.111355,56.290146,55.844990
2,16.200000,2,3,-0.062171,3.759238,57.390949,53.941856,54.772236
3,16.200000,4,3,0.000000,3.759238,50.706356,54.538429,54.009533
1,16.400000,1,2,1.179790,-0.062170,52.675732,54.728069,54.883026
0,16.400000,1,0,1.179790,0.000029,52.863434,56.886292,55.844990
2,16.400000,2,3,-0.062170,3.759238,54.465260,53.868034,54.772236
3,16.400000,4,3,0.000000,3.759238,58.724617,54.904411,54.009533
1,16.600000,1,2,1.179790,-0.062170,66.986542,54.780693,54.883026
0,16.600000,1,0,1.179790,0.000029,57.258900,56.807644,55.844990
2,16.600000,2,3,-0.062170,3.759239,52.993599,53.484138,54.772236
3,16.600000,4,3,0.000000,3.759239,51.948208,53.505352,54.009533
1,16.800000,1,2,1.179790,-0.062170,58.135612,54.965981,54.883026
0,16.800000,1,0,1.179790,0.000030,53.621681,57.119328,55.844990
2,16.800000,2,3,-0.062170,3.759239,51.371674,53.644043,54.772236
3,16.800000,4,3,0.000000,3.759239,54.579697,54.623608,54.009537
1,17.000000,1,2,1.179791,-0.062169,56.138641,54.796886,54.883026
0,17.000000,1,0,1.179791,0.000030,53.324474,57.240753,55.844990
2,17.000000,2,3,-0.062169,3.759239,52.699928,53.603043,54.772236
3,17.000000,4,3,0.000000,3.759239,53.493206,53.913639,54.009537
1,17.200000,1,2,1.179791,-0.062169,55.499386,55.023106,54.883026
0,17.200000,1,0,1.179791,0.000030,54.203049,57.505222,55.844990
2,17.200000,2,3,-0.062169,3.759240,53.577854,53.558544,54.772236
3,17.200000,4,3,0.000000,3.759240,55.330498,52.367661,54.009537
1,17.400000,1,2,1.179791,-0.062169,61.391533,53.825500,54.883026
0,17.400000,1,0,1.179791,0.000031,55.990433,57.623543,55.844990
2,17.400000,2,3,-0.062169,3.759240,51.097317,53.452652,54.772236
3,17.400000,4,3,0.000000,3.759240,53.486031,54.129066,54.009537
1,17.600000,1,2,1.179792,-0.062168,52.904301,53.842026,54.883026
0,17.600000,1,0,1.179792,0.000031,52.993061,56.965103,55.844990
2,17.600000,2,3,-0.062168,3.597561,51.240631,53.894859,55.052696
3,17.600000,4,3,0.000000,3.597561,54.944378,53.757263,53.700401
1,17.800000,1,2,1.179792,-0.062168,55.634209,53.163128,54.883026
0,17.800000,1,0,1.179792,0.000032,62.391357,57.135704,55.844990
2,17.800000,2,3,-0.062168,3.597561,51.868340,54.532524,55.052696
3,17.800000,4,3,0.000000,3.597561,58.450718,53.493977,53.700401
1,18.000000,1,2,1.294381,0.040171,53.471966,53.421120,54.904312
0,18.000000,1,0,1.294381,0.000032,50.821125,57.515720,55.661022
2,18.000000,2,3,0.040171,3.729192,56.026855,54.813583,55.002419
3,18.000000,4,3,0.000000,3.729192,58.072334,51.975052,53.952744
1,18.200000,1,2,1.445027,0.040171,55.312767,54.285053,55.162735
0,18.200000,1,0,1.445027,0.000032,55.676628,57.351109,55.414326
2,18.200000,2,3,0.040171,3.868749,51.740067,54.701248,54.759628
3,18.200000,4,3,0.000000,3.868749,50.655590,54.438248,54.214031
1,18.400000,1,2,1.445028,0.040171,57.877647,54.178085,55.162735
0,18.400000,1,0,1.445028,0.000033,52.412895,56.698093,55.414326
2,18.400000,2,3,0.040171,3.868749,51.925571,54.120792,54.759628
3,18.400000,4,3,0.000000,3.868749,56.988319,56.173050,54.214031
1,18.600000,1,2,1.445028,0.040172,61.136368,54.689922,55.162735
0,18.600000,1,0,1.445028,0.000033,55.270229,56.546394,55.414326
2,18.600000,2,3,0.040172,3.868750,57.686993,54.109879,54.759628
3,18.600000,4,3,0.000000,3.868750,47.587269,56.051613,54.214031
1,18.800000,1,2,1.320555,0.195746,55.028950,54.939114,54.677315
0,18.800000,1,0,1.320555,0.000033,51.761734,56.178459,55.618561
2,18.800000,2,3,0.195746,3.637105,53.453659,53.989967,55.420349
3,18.800000,4,3,0.000000,3.637105,55.703026,52.905682,53.776825
1,19.000000,1,2,1.320556,0.195746,57.830231,53.560608,54.677315
0,19.000000,1,0,1.320556,0.000034,59.483566,56.527920,55.618561
2,19.000000,2,3,0.195746,3.637105,54.760605,54.246086,55.420349
3,19.000000,4,3,0.000000,3.637105,55.100262,53.856201,53.776829
1,19.200000,1,2,1.451760,0.344069,51.432270,53.570671,54.646927
0,19.200000,1,0,1.451760,0.000034,51.183540,56.260181,55.403172
2,19.200000,2,3,0.344069,3.637106,53.602879,54.332157,55.663147
3,19.200000,4,3,0.000000,3.637106,55.333061,55.436432,53.776829
1,19.400000,1,2,1.451760,0.235004,56.286644,53.267750,54.839096
0,19.400000,1,0,1.451760,0.000034,55.200397,56.260002,55.403172
2,19.400000,2,3,0.235004,3.637106,55.391949,54.811451,55.485138
3,19.400000,4,3,0.000000,3.637106,57.060692,54.197437,53.776833
1,19.600000,1,2,1.568221,0.011610,50.508827,53.768944,55.416985
0,19.600000,1,0,1.568221,0.000035,54.648643,56.046898,55.208336
2,19.600000,2,3,0.011610,3.769355,60.176331,54.549950,54.883537
3,19.600000,4,3,0.000000,3.769355,52.930210,52.593678,54.028587
1,19.800000,1,2,1.568222,-0.136482,56.651432,55.030182,55.659489
0,19.800000,1,0,1.568222,0.000035,58.789593,56.015881,55.208336
2,19.800000,2,3,-0.136482,3.769355,58.037506,53.371368,54.622852
3,19.800000,4,3,0.000000,3.769355,56.425652,53.542160,54.028587
1,20.000000,1,2,1.568222,-0.136481,54.894829,54.863697,55.659489
0,20.000000,1,0,1.568222,0.000035,54.458858,55.664448,55.208336
2,20.000000,2,3,-0.136481,3.769356,51.572632,53.255543,54.622852
3,20.000000,4,3,0.000000,3.769356,54.146496,54.780220,54.028587
1,20.200000,1,2,1.742402,-0.136481,53.697117,55.226490,55.937950
0,20.200000,1,0,1.742402,0.000036,54.379223,55.366508,54.910255
2,20.200000,2,3,-0.136481,3.769356,55.035576,53.261936,54.622852
3,20.200000,4,3,0.000000,3.769356,52.962994,53.080246,54.028587
1,20.400000,1,2,1.742403,-0.136481,53.614140,55.408592,55.937950
0,20.400000,1,0,1.742403,0.000036,56.281399,55.167313,54.910255
2,20.400000,2,3,-0.136481,3.769356,50.468189,53.721699,54.622852
3,20.400000,4,3,0.000000,3.769356,56.624115,55.020325,54.028587
1,20.600000,1,2,1.742403,-0.136480,59.709465,55.610950,55.937950
0,20.600000,1,0,1.742403,0.000037,52.402473,55.392864,54.910255
2,20.600000,2,3,-0.136480,3.769357,55.982071,53.570293,54.622852
3,20.600000,4,3,0.000000,3.769357,55.260235,53.735703,54.028591
1,20.800000,1,2,1.635019,-0.136480,54.168564,55.283752,55.767120
0,20.800000,1,0,1.635019,0.000037,57.269890,55.048233,55.094990
2,20.800000,2,3,-0.136480,3.883258,52.471748,54.332638,54.418007
3,20.800000,4,3,0.000000,3.883258,51.835743,54.194508,54.240837
1,21.000000,1,2,1.532937,-0.035595,52.416973,56.166920,55.436707
0,21.000000,1,0,1.532937,0.000037,55.098118,55.363163,55.267738
2,21.000000,2,3,-0.035595,3.883258,55.245232,54.080101,54.599636
3,21.000000,4,3,0.000000,3.883258,55.416538,54.832069,54.240837
1,21.200000,1,2,1.532937,-0.035595,56.604485,55.505493,55.436707
0,21.200000,1,0,1.532937,0.000038,56.081154,55.327770,55.267738
2,21.200000,2,3,-0.035595,4.012203,57.652454,54.007774,54.366940
3,21.200000,4,3,0.000000,4.012203,56.840153,54.662975,54.476215
1,21.400000,1,2,1.532937,-0.035595,59.124752,55.789837,55.436707
0,21.400000,1,0,1.532937,0.000038,55.168640,56.122593,55.267738
2,21.400000,2,3,-0.035595,4.012204,53.388226,53.509346,54.366940
3,21.400000,4,3,0.000000,4.012204,53.357834,54.871323,54.476215
1,21.600000,1,2,1.532938,-0.035594,56.087292,55.129490,55.436707
0,21.600000,1,0,1.532938,0.000038,50.941502,56.209946,55.267738
2,21.600000,2,3,-0.035594,4.012204,50.970142,54.093342,54.366940
3,21.600000,4,3,0.000000,4.012204,55.153881,54.859585,54.476215
1,21.800000,1,2,1.532938,0.222126,52.560589,55.829578,55.002129
0,21.800000,1,0,1.532938,0.000039,59.371689,56.181591,55.267738
2,21.800000,2,3,0.222126,4.012204,54.564430,53.699345,54.827156
3,21.800000,4,3,0.000000,4.012204,55.542641,54.853313,54.476219
1,22.000000,1,2,1.832938,0.222126,57.452511,55.567360,55.506371
0,22.000000,1,0,1.832938,0.000039,53.014931,55.478542,54.752026
2,22.000000,2,3,0.222126,4.012205,54.674500,53.194996,54.827156
3,22.000000,4,3,0.000000,4.012205,53.084675,55.327217,54.476219
1,22.200000,1,2,1.994798,0.222127,56.831806,55.742241,55.768997
0,22.200000,1,0,1.994798,0.000039,54.395672,55.203396,54.463264
2,22.200000,2,3,0.222127,4.012205,48.960743,53.530807,54.827156
3,22.200000,4,3,0.000000,4.012205,54.866772,54.405121,54.476219
1,22.400000,1,2,1.875971,0.222127,55.458900,56.476990,55.576813
0,22.400000,1,0,1.875971,0.000040,55.842308,54.256889,54.676003
2,22.400000,2,3,0.222127,4.012206,51.180984,53.200226,54.827156
3,22.400000,4,3,0.000000,4.012206,51.211067,53.939072,54.476219
1,22.600000,1,2,1.875972,0.222128,60.355091,55.549622,55.576813
0,22.600000,1,0,1.875972,0.000040,54.355637,54.853962,54.676003
2,22.600000,2,3,0.222128,4.012206,59.035656,53.320572,54.827156
3,22.600000,4,3,0.000000,4.012206,51.126915,53.857121,54.476219
1,22.800000,1,2,1.773390,0.378598,53.895760,54.551090,55.145660
0,22.800000,1,0,1.773390,0.000040,56.876568,55.288254,54.856361
2,22.800000,2,3,0.378598,4.012206,57.507233,53.689056,55.097336
3,22.800000,4,3,0.000000,4.012206,54.070126,54.618431,54.476219
1,23.000000,1,2,1.773390,0.378599,53.394363,53.783234,55.145660
0,23.000000,1,0,1.773390,0.000041,54.818520,54.763828,54.856361
2,23.000000,2,3,0.378599,4.012207,55.739384,54.211952,55.097336
3,23.000000,4,3,0.000000,4.012207,55.232243,54.480225,54.476219
1,23.200000,1,2,1.773391,0.378599,58.413124,53.898926,55.145660
0,23.200000,1,0,1.773391,0.000041,52.660896,54.882301,54.856361
2,23.200000,2,3,0.378599,4.012207,57.988693,54.524101,55.097336
3,23.200000,4,3,0.000000,4.012207,57.501709,55.368004,54.476219
1,23.400000,1,2,1.609888,0.378599,48.096817,53.465073,54.864449
0,23.400000,1,0,1.609888,0.000041,57.669174,54.734512,55.137783
2,23.400000,2,3,0.378599,4.012207,52.754501,54.645004,55.097336
3,23.400000,4,3,0.000000,4.012207,60.243343,54.736038,54.476219
1,23.600000,1,2,1.494331,0.378600,57.222000,53.428646,54.661209
0,23.600000,1,0,1.494331,0.000042,53.217163,54.643208,55.332367
2,23.600000,2,3,0.378600,3.843548,56.825203,54.720554,55.381226
3,23.600000,4,3,0.000000,3.843548,54.696339,54.350231,54.167313
1,23.800000,1,2,1.494331,0.378600,49.312965,53.713791,54.661209
0,23.800000,1,0,1.494331,0.000042,54.729740,55.071609,55.332367
2,23.800000,2,3,0.378600,3.843549,56.667774,55.579967,55.381226
3,23.800000,4,3,0.000000,3.843549,52.514687,54.404613,54.167313
1,24.000000,1,2,1.494332,0.378600,54.375782,53.728592,54.661209
0,24.000000,1,0,1.494332,0.000043,54.212467,55.041161,55.332367
2,24.000000,2,3,0.378600,3.638223,63.586483,55.730625,55.717106
3,24.000000,4,3,0.000000,3.638223,57.811714,52.351093,53.778980
1,24.200000,1,2,1.494332,0.489833,56.920563,54.332630,54.461922
0,24.200000,1,0,1.494332,0.000043,56.221123,54.875942,55.332367
2,24.200000,2,3,0.489833,3.638223,57.405735,56.052841,55.894814
3,24.200000,4,3,0.000000,3.638223,52.169609,54.261555,53.778980
1,24.400000,1,2,1.730688,0.489834,63.123993,55.417984,54.881104
0,24.400000,1,0,1.730688,0.000043,56.962364,54.732838,54.930573
2,24.400000,2,3,0.489834,3.638223,54.207291,56.087513,55.894814
3,24.400000,4,3,0.000000,3.638223,49.439892,53.894474,53.778984
1,24.600000,1,2,1.730688,0.303911,54.494682,55.599155,55.199829
0,24.600000,1,0,1.730688,0.000044,55.914082,54.380856,54.930573
2,24.600000,2,3,0.303911,3.517116,55.689590,56.174767,55.791618
3,24.600000,4,3,0.000000,3.517116,56.036182,52.121712,53.543243
1,24.800000,1,2,1.581538,0.303911,58.337273,56.021034,54.944885
0,24.800000,1,0,1.581538,0.000044,59.746315,54.222645,55.185848
2,24.800000,2,3,0.303911,3.517116,51.352406,56.151360,55.791618
3,24.800000,4,3,0.000000,3.517116,51.273556,54.050591,53.543243
1,25.000000,1,2,1.581538,0.303912,55.572681,55.289989,54.944885
0,25.000000,1,0,1.581538,0.000044,49.198402,55.495647,55.185848
2,25.000000,2,3,0.303912,3.680384,50.946758,55.828831,55.527233
3,25.000000,4,3,0.000000,3.680384,54.025204,54.660542,53.859863
1,25.200000,1,2,1.430394,0.303912,57.308392,54.974464,54.680283
0,25.200000,1,0,1.430394,0.000045,54.386932,54.978024,55.438557
2,25.200000,2,3,0.303912,3.680385,56.086346,55.128162,55.527233
3,25.200000,4,3,0.000000,3.680385,53.512009,55.006702,53.859863
1,25.400000,1,2,1.430395,0.303912,45.792088,54.409847,54.680283
0,25.400000,1,0,1.430395,0.000045,58.750778,55.104206,55.438557
2,25.400000,2,3,0.303912,3.680385,55.452175,54.824474,55.527233
3,25.400000,4,3,0.000000,3.680385,55.246979,52.913422,53.859863
1,25.600000,1,2,1.430395,0.303913,51.732864,54.860676,54.680283
0,25.600000,1,0,1.430395,0.000045,56.233150,54.432121,55.438557
2,25.600000,2,3,0.303913,3.680385,49.873100,54.839611,55.527233
3,25.600000,4,3,0.000000,3.680385,52.946407,53.837765,53.859863
1,25.800000,1,2,1.430395,0.303913,54.688423,55.192829,54.680283
0,25.800000,1,0,1.430395,0.000046,52