3,0.200000,4,3,0.000000,0.000000,40.742378,41.756073,42.529121
0,0.200000,0,1,0.000000,0.000000,61.051105,NaN,57.577248
1,0.200000,1,2,0.000000,0.000000,49.633167,NaN,52.474251
2,0.200000,3,2,0.000000,0.000000,60.810287,NaN,60.000000
3,0.400000,4,3,0.000000,0.266410,42.562622,44.583275,43.886086
0,0.400000,0,1,0.000001,0.107692,56.290703,NaN,57.430099
1,0.400000,1,2,0.107692,-0.119451,53.945076,NaN,52.956612
2,0.400000,3,2,0.266410,-0.119451,67.780174,NaN,59.572762
3,0.600000,4,3,0.000000,0.454980,44.861275,43.935276,44.753437
0,0.600000,0,1,0.000001,0.210927,56.993896,57.778221,57.287148
1,0.600000,1,2,0.210927,-0.273763,54.707916,55.612663,53.478802
2,0.600000,3,2,0.454980,-0.273763,61.490009,56.933662,59.178467
3,0.800000,4,3,0.000000,0.754980,42.662651,46.037991,46.004738
0,0.800000,0,1,0.000001,0.210927,57.983070,55.362572,57.287148
1,0.800000,1,2,0.210927,-0.422411,57.436138,54.162750,53.769146
2,0.800000,3,2,0.754980,-0.422411,56.380508,57.379551,58.639923
3,1.000000,4,3,0.000000,1.054981,50.850113,48.049759,47.126656
0,1.000000,0,1,0.000002,0.210928,59.939857,56.760433,57.287148
1,1.000000,1,2,0.210928,-0.422411,48.792480,53.134811,53.769146
2,1.000000,3,2,1.054981,-0.422411,57.896984,57.938732,58.264313
3,1.200000,4,3,0.000000,1.354981,50.036888,47.583328,48.143452
0,1.200000,0,1,0.000002,0.210928,56.550804,55.820488,57.287148
1,1.200000,1,2,0.210928,-0.554712,57.000168,53.387722,54.021187
2,1.200000,3,2,1.354981,-0.554712,55.296238,56.704678,57.699127
3,1.400000,4,3,0.000000,1.468253,48.772755,49.184891,48.503891
0,1.400000,0,1,0.000002,0.340445,54.416714,57.152382,57.105091
1,1.400000,1,2,0.340445,-0.554712,51.106323,54.044342,54.262383
2,1.400000,3,2,1.468253,-0.554712,56.431675,55.860340,57.546036
3,1.600000,4,3,0.000000,1.468254,48.853149,48.318932,48.503891
0,1.600000,0,1,0.000003,0.340445,60.068653,57.134842,57.105091
1,1.600000,1,2,0.340445,-0.554711,57.999165,53.663342,54.262383
2,1.600000,3,2,1.468254,-0.554711,56.650845,56.334835,57.546036
3,1.800000,4,3,0.000000,1.468254,47.222828,49.101334,48.503895
0,1.800000,0,1,0.000003,0.340446,59.856293,56.359013,57.105091
1,1.800000,1,2,0.340446,-0.554711,51.466549,54.013268,54.262383
2,1.800000,3,2,1.468254,-0.554711,60.824394,57.355850,57.546036
3,2.000000,4,3,0.000000,1.768255,45.718544,47.946587,49.404457
0,2.000000,0,1,0.000004,0.529512,58.436291,55.901173,56.833729
1,2.000000,1,2,0.529512,-0.717737,52.313694,54.743694,54.892220
2,2.000000,3,2,1.768255,-0.717737,55.038536,57.325397,56.896790
3,2.200000,4,3,0.000000,1.768255,45.877361,49.465820,49.404457
0,2.200000,0,1,0.000004,0.683970,54.073967,55.627071,56.606895
1,2.200000,1,2,0.683970,-0.717737,51.833698,55.418453,55.157394
2,2.200000,3,2,1.768255,-0.717737,53.571476,56.037800,56.896790
3,2.400000,4,3,0.000000,1.897459,50.041039,49.090939,49.770428
0,2.400000,0,1,0.000004,0.683971,59.744484,54.533123,56.606895
1,2.400000,1,2,0.683971,-0.717737,58.655300,55.708599,55.157394
2,2.400000,3,2,1.897459,-0.717737,52.898731,56.002071,56.708473
3,2.600000,4,3,0.000000,1.897459,51.120678,50.498848,49.770428
0,2.600000,0,1,0.000005,0.683971,50.899479,55.588436,56.606895
1,2.600000,1,2,0.683971,-0.717736,57.803776,55.076584,55.157394
2,2.600000,3,2,1.897459,-0.717736,60.282425,55.710262,56.708473
3,2.800000,4,3,0.000000,2.008603,51.515591,49.053310,50.075665
0,2.800000,0,1,0.000005,0.683971,53.892075,55.894325,56.606895
1,2.800000,1,2,0.683971,-0.717736,58.611988,55.217663,55.157394
2,2.800000,3,2,2.008603,-0.717736,58.008236,55.674503,56.543823
3,3.000000,4,3,0.000000,2.292764,44.738140,51.795975,50.819157
0,3.000000,0,1,0.000005,0.683972,55.996956,56.058372,56.606895
1,3.000000,1,2,0.683972,-0.717736,54.745583,54.625164,55.157394
2,3.000000,3,2,2.292764,-0.717736,58.010891,55.583405,56.111153
3,3.200000,4,3,0.000000,2.292764,47.467728,51.360981,50.819157
0,3.200000,0,1,0.000006,0.683972,56.478821,55.986435,56.606895
1,3.200000,1,2,0.683972,-0.717735,51.851391,54.889149,55.157394
2,3.200000,3,2,2.292764,-0.717735,56.037991,54.830929,56.111153
3,3.400000,4,3,0.000000,2.499346,47.017845,52.496372,51.329403
0,3.400000,0,1,0.000006,0.683972,52.320286,56.872257,56.606895
1,3.400000,1,2,0.683972,-0.717735,49.045937,54.363174,55.157394
2,3.400000,3,2,2.499346,-0.717735,55.600929,54.807255,55.785416
3,3.600000,4,3,0.000000,2.499347,50.663479,50.917271,51.329403
0,3.600000,0,1,0.000006,0.864720,54.217163,57.144112,56.335285
1,3.600000,1,2,0.864720,-0.717735,52.459049,54.789440,55.459698
2,3.600000,3,2,2.499347,-0.717735,53.985264,54.128551,55.785416
3,3.800000,4,3,0.000000,2.499347,52.437317,49.849140,51.329407
0,3.800000,0,1,0.000007,0.713245,58.498856,56.217915,56.563362
1,3.800000,1,2,0.713245,-0.560188,51.354378,55.030987,54.937630
2,3.800000,3,2,2.499347,-0.560188,59.849239,55.066612,56.034714
3,4.000000,4,3,0.000000,2.607902,53.887932,51.798145,51.588219
0,4.000000,0,1,0.000007,0.828035,52.529984,56.054291,56.390965
1,4.000000,1,2,0.828035,-0.560187,49.400433,54.144375,55.134499
2,4.000000,3,2,2.607902,-0.560187,52.143555,55.413021,55.863556
3,4.200000,4,3,0.000000,2.607903,56.142715,51.913795,51.588219
0,4.200000,0,1,0.000007,0.828035,53.425797,56.446457,56.390965
1,4.200000,1,2,0.828035,-0.560187,58.107796,53.655441,55.134499
2,4.200000,3,2,2.607903,-0.560187,55.461636,55.120647,55.863556
3,4.400000,4,3,0.000000,2.607903,50.934517,50.833328,51.588219
0,4.400000,0,1,0.000008,0.953820,58.341621,56.488358,56.198853
1,4.400000,1,2,0.953820,-0.560187,54.789139,54.022690,55.346207
2,4.400000,3,2,2.607903,-0.560187,57.102226,55.164700,55.863556
3,4.600000,4,3,0.000000,2.607903,50.427673,52.020805,51.588219
0,4.600000,0,1,0.000008,0.809553,62.257626,56.322754,56.418907
1,4.600000,1,2,0.809553,-0.560186,56.981430,53.957783,55.103043
2,4.600000,3,2,2.607903,-0.560186,56.958893,55.422653,55.863556
3,4.800000,4,3,0.000000,2.783700,46.719681,51.152142,51.994690
0,4.800000,0,1,0.000008,0.809553,56.945396,56.750786,56.418907
1,4.800000,1,2,0.809553,-0.701974,57.310146,53.756313,55.342072
2,4.800000,3,2,2.783700,-0.701974,46.760777,55.363178,55.346737
3,5.000000,4,3,0.000000,2.783700,56.360302,52.205959,51.994690
0,5.000000,0,1,0.000009,0.941515,57.480976,56.942631,56.217800
1,5.000000,1,2,0.941515,-0.701974,52.570175,54.757877,55.559906
2,5.000000,3,2,2.783700,-0.701974,51.146557,55.209114,55.346737
3,5.200000,4,3,0.000000,2.783700,54.189579,52.727383,51.994690
0,5.200000,0,1,0.000009,0.941516,56.829868,56.306232,56.217800
1,5.200000,1,2,0.941516,-0.701974,52.626884,54.468338,55.559906
2,5.200000,3,2,2.783700,-0.701974,55.480476,55.264603,55.346737
3,5.400000,4,3,0.000000,2.783701,49.690418,50.627792,51.994690
0,5.400000,0,1,0.000010,0.941516,62.306934,56.960464,56.217800
1,5.400000,1,2,0.941516,-0.701973,55.353859,54.177479,55.559906
2,5.400000,3,2,2.783701,-0.701973,57.633797,54.723518,55.346737
3,5.600000,4,3,0.000000,2.783701,52.119236,50.087444,51.994690
0,5.600000,0,1,0.000010,0.810721,56.491631,57.307545,56.417149
1,5.600000,1,2,0.810721,-0.701973,53.642063,53.313881,55.344017
2,5.600000,3,2,2.783701,-0.701973,55.372898,55.121315,55.346737
3,5.800000,4,3,0.000000,2.783701,60.596298,51.927853,51.994690
0,5.800000,0,1,0.000010,0.637891,59.589081,57.173588,56.675072
1,5.800000,1,2,0.637891,-0.701973,61.294022,53.116791,55.051998
2,5.800000,3,2,2.783701,-0.701973,59.999302,54.643230,55.346737
3,6.000000,4,3,0.000000,2.783702,57.346230,49.495102,51.994690
0,6.000000,0,1,0.000011,0.637891,60.085022,57.510967,56.675072
1,6.000000,1,2,0.637891,-0.454138,51.224510,52.963135,54.619049
2,6.000000,3,2,2.783702,-0.454138,58.216545,55.170521,55.752136
3,6.200000,4,3,0.000000,2.903929,59.523994,51.971737,52.264168
0,6.200000,0,1,0.000011,0.637892,65.477203,57.372784,56.675072
1,6.200000,1,2,0.637892,-0.240009,50.231255,52.484615,54.230553
2,6.200000,3,2,2.903929,-0.240009,57.833252,55.759991,55.901871
3,6.400000,4,3,0.000000,3.100528,52.536034,51.321522,52.690895
0,6.400000,0,1,0.000011,0.637892,60.918568,56.811825,56.675072
1,6.400000,1,2,0.637892,-0.240008,51.210907,51.746681,54.230553
2,6.400000,3,2,3.100528,-0.240008,57.211670,55.856651,55.585983
3,6.600000,4,3,0.000000,3.100528,54.703686,51.708752,52.690895
0,6.600000,0,1,0.000012,0.755713,55.124641,57.301682,56.499908
1,6.600000,1,2,0.755713,-0.240008,54.915958,52.932827,54.446037
2,6.600000,3,2,3.100528,-0.240008,57.052361,55.740944,55.585983
3,6.800000,4,3,0.000000,3.208408,54.745998,52.695141,52.918121
0,6.800000,0,1,0.000012,0.755713,60.093300,56.671394,56.499908
1,6.800000,1,2,0.755713,-0.240008,55.503483,53.238850,54.446037
2,6.800000,3,2,3.208408,-0.240008,57.310246,55.695801,55.408661
3,7.000000,4,3,0.000000,3.208409,58.354389,50.895832,52.918121
0,7.000000,0,1,0.000012,0.877033,55.633980,56.933937,56.316544
1,7.000000,1,2,0.877033,-0.125042,56.675423,53.581173,54.457535
2,7.000000,3,2,3.208409,-0.125042,55.356323,55.913021,55.597527
3,7.200000,4,3,0.000000,3.356477,54.516205,54.423717,53.222450
0,7.200000,0,1,0.000013,0.877033,59.950333,56.373196,56.316544
1,7.200000,1,2,0.877033,-0.125042,57.734371,53.163891,54.457535
2,7.200000,3,2,3.356477,-0.125042,50.856392,56.071289,55.353661
3,7.400000,4,3,0.000000,3.356477,50.804352,54.773960,53.222450
0,7.400000,0,1,0.000013,0.877033,57.236691,55.612507,56.316544
1,7.400000,1,2,0.877033,-0.125041,53.689625,53.499474,54.457535
2,7.400000,3,2,3.356477,-0.125041,53.307846,55.939877,55.353661
3,7.600000,4,3,0.000000,3.356478,56.347099,54.079056,53.222454
0,7.600000,0,1,0.000013,0.971722,53.578983,55.410164,56.171242
1,7.600000,1,2,0.971722,-0.125041,54.423233,53.593742,54.627480
2,7.600000,3,2,3.356478,-0.125041,57.724232,55.799526,55.353661
3,7.800000,4,3,0.000000,3.465008,55.559784,53.926487,53.440224
0,7.800000,0,1,0.000014,0.971722,56.984333,55.384995,56.171242
1,7.800000,1,2,0.971722,-0.125041,51.680855,53.790485,54.627480
2,7.800000,3,2,3.465008,-0.125041,61.062595,55.444454,55.171368
3,8.000000,4,3,0.000000,3.465009,54.627640,53.954117,53.440224
0,8.000000,0,1,0.000014,0.971723,58.014774,55.250069,56.171242
1,8.000000,1,2,0.971723,0.020443,48.947697,53.777908,54.365257
2,8.000000,3,2,3.465009,0.020443,60.250320,55.800900,55.415039
3,8.200000,4,3,0.000000,3.465009,47.049160,52.564907,53.440224
0,8.200000,0,1,0.000015,0.971723,53.916897,55.185410,56.171242
1,8.200000,1,2,0.971723,0.020444,54.532249,53.622536,54.365257
2,8.200000,3,2,3.465009,0.020444,50.810780,54.977901,55.415039
3,8.400000,4,3,0.000000,3.465009,47.908154,55.152668,53.440224
0,8.400000,0,1,0.000015,0.971723,56.991310,55.284332,56.171242
1,8.400000,1,2,0.971723,0.020444,53.267773,54.342831,54.365257
2,8.400000,3,2,3.465009,0.020444,56.863636,54.806980,55.415039
3,8.600000,4,3,0.000000,3.465010,54.115696,54.123703,53.440224
0,8.600000,0,1,0.000015,0.971724,53.343788,55.123051,56.171242
1,8.600000,1,2,0.971724,-0.166741,54.100632,54.019352,54.701492
2,8.600000,3,2,3.465010,-0.166741,56.945412,54.268112,55.100502
3,8.800000,4,3,0.000000,3.465010,52.403629,52.920444,53.440224
0,8.800000,0,1,0.000016,0.971724,52.420273,55.321354,56.171242
1,8.800000,1,2,0.971724,-0.166741,51.288670,54.308517,54.701492
2,8.800000,3,2,3.465010,-0.166741,52.767086,54.355549,55.100502
3,9.000000,4,3,0.000000,3.465011,53.056870,53.676342,53.440228
0,9.000000,0,1,0.000016,1.072866,58.437500,55.568520,56.013863
1,9.000000,1,2,1.072866,-0.166740,62.263725,54.549271,54.878929
2,9.000000,3,2,3.465011,-0.166740,54.254784,54.014511,55.100502
3,9.200000,4,3,0.000000,3.465011,49.980072,53.228584,53.440228
0,9.200000,0,1,0.000016,1.072867,53.237843,54.781898,56.013863
1,9.200000,1,2,1.072867,-0.166740,55.459415,54.276058,54.878929
2,9.200000,3,2,3.465011,-0.166740,50.923229,54.337147,55.100502
3,9.400000,4,3,0.000000,3.465011,50.928341,53.046906,53.440228
0,9.400000,0,1,0.000017,1.072867,58.256535,54.613670,56.013863
1,9.400000,1,2,1.072867,-0.166740,52.340805,54.929443,54.878929
2,9.400000,3,2,3.465011,-0.166740,53.478992,54.869263,55.100502
3,9.600000,4,3,0.000000,3.465012,53.828033,53.632065,53.440231
0,9.600000,0,1,0.000017,1.186103,56.320076,55.019981,55.834915
1,9.600000,1,2,1.186103,-0.367590,57.347294,55.174511,55.412151
2,9.600000,3,2,3.465012,-0.367590,54.246902,55.305542,54.752548
3,9.800000,4,3,0.000000,3.465012,53.979347,54.482330,53.440231
0,9.800000,0,1,0.000017,1.353409,55.804642,54.386860,55.565002
1,9.800000,1,2,1.353409,-0.367590,58.895473,55.888020,55.685844
2,9.800000,3,2,3.465012,-0.367590,56.700314,54.150021,54.752548
3,10.000000,4,3,0.000000,3.465012,56.184307,53.551647,53.440231
0,10.000000,0,1,0.000018,1.353410,55.949501,54.818531,55.565002
1,10.000000,1,2,1.353410,-0.367589,54.049477,56.539043,55.685844
2,10.000000,3,2,3.465012,-0.367589,56.725666,54.378307,54.752548
3,10.200000,4,3,0.000000,3.465013,53.341679,53.206413,53.440231
0,10.200000,0,1,0.000018,1.353410,59.026466,55.424198,55.565002
1,10.200000,1,2,1.353410,-0.367589,53.481926,56.695778,55.685844
2,10.200000,3,2,3.465013,-0.367589,55.835220,54.533020,54.752548
3,10.400000,4,3,0.000000,3.465013,56.114742,53.304859,53.440231
0,10.400000,0,1,0.000018,1.235992,55.721680,55.860226,55.755135
1,10.400000,1,2,1.235992,-0.164379,54.744701,56.300423,55.155128
2,10.400000,3,2,3.465013,-0.164379,59.071522,54.314610,55.104523
3,10.600000,4,3,0.000000,3.465014,55.715294,53.527157,53.440231
0,10.600000,0,1,0.000019,1.235992,56.783424,55.927723,55.755135
1,10.600000,1,2,1.235992,-0.164379,52.811108,55.432938,55.155128
2,10.600000,3,2,3.465014,-0.164379,56.876003,54.654739,55.104523
3,10.800000,4,3,0.000000,3.568347,52.530788,52.789722,53.643593
0,10.800000,0,1,0.000019,1.235993,53.680161,55.452053,55.755135
1,10.800000,1,2,1.235993,-0.059074,53.299011,55.639549,54.975006
2,10.800000,3,2,3.568347,-0.059074,55.121044,54.421436,55.107880
3,11.000000,4,3,0.000000,3.568348,50.979038,52.690784,53.643593
0,11.000000,0,1,0.000019,1.235993,55.256828,55.243237,55.755135
1,11.000000,1,2,1.235993,0.046680,53.602631,55.981800,54.791061
2,11.000000,3,2,3.568348,0.046680,51.653793,54.002937,55.286583
3,11.200000,4,3,0.000000,3.568348,53.961338,52.578724,53.643593
0,11.200000,0,1,0.000020,1.235994,53.021393,55.066532,55.755135
1,11.200000,1,2,1.235994,0.161829,52.920597,55.357773,54.587162
2,11.200000,3,2,3.568348,0.161829,55.217079,53.708069,55.477867
3,11.400000,4,3,0.000000,3.568348,58.136269,53.462963,53.643593
0,11.400000,0,1,0.000020,1.235994,57.092312,55.186970,55.755135
1,11.400000,1,2,1.235994,0.264625,56.491932,54.662739,54.401848
2,11.400000,3,2,3.568348,0.264625,56.817379,54.368874,55.645836
3,11.600000,4,3,0.000000,3.688370,49.841797,54.038540,53.875114
0,11.600000,0,1,0.000021,1.235994,53.282864,54.798977,55.755135
1,11.600000,1,2,1.235994,0.264625,54.692379,54.563179,54.401848
2,11.600000,3,2,3.688370,0.264625,53.722691,55.104427,55.449467
3,11.800000,4,3,0.000000,3.810568,54.035931,54.379265,54.105865
0,11.800000,0,1,0.000021,1.366231,59.768066,55.111610,55.544044
1,11.800000,1,2,1.366231,-0.035374,58.741604,55.076035,55.157223
2,11.800000,3,2,3.810568,-0.035374,52.843967,54.584724,54.729038
3,12.000000,4,3,0.000000,3.810568,50.871037,53.649338,54.105865
0,12.000000,0,1,0.000021,1.475778,53.512447,54.740704,55.363251
1,12.000000,1,2,1.475778,-0.156047,53.773254,56.360653,55.540829
2,12.000000,3,2,3.810568,-0.156047,55.568367,53.509521,54.514023
3,12.200000,4,3,0.000000,3.810569,57.257282,53.245262,54.105865
0,12.200000,0,1,0.000022,1.706685,55.093300,54.799442,54.972023
1,12.200000,1,2,1.706685,-0.156047,56.686813,57.296810,55.912426
2,12.200000,3,2,3.810569,-0.156047,55.502743,53.474926,54.514023
3,12.400000,4,3,0.000000,3.810569,53.578796,53.731155,54.105865
0,12.400000,0,1,0.000022,1.706685,56.468582,54.454567,54.972023
1,12.400000,1,2,1.706685,-0.156047,55.793236,57.283951,55.912426
2,12.400000,3,2,3.810569,-0.156047,55.300209,54.051842,54.514023
3,12.600000,4,3,0.000000,3.810570,53.346161,53.715096,54.105865
0,12.600000,0,1,0.000022,1.706686,51.100033,54.349323,54.972023
1,12.600000,1,2,1.706686,-0.156046,53.167828,57.812080,55.912426
2,12.600000,3,2,3.810570,-0.156046,49.989864,53.957386,54.514023
3,12.800000,4,3,0.000000,4.002174,56.954788,53.832855,54.458092
0,12.800000,0,1,0.000023,1.588375,49.000683,54.765484,55.174240
1,12.800000,1,2,1.588375,-0.156046,53.505638,57.040535,55.723618
2,12.800000,3,2,4.002174,-0.156046,51.392300,53.895565,54.163628
3,13.000000,4,3,0.000000,4.002175,55.412460,54.149746,54.458092
0,13.000000,0,1,0.000023,1.739677,51.319370,54.843441,54.914959
1,13.000000,1,2,1.739677,-0.156046,57.012833,57.946918,55.964493
2,13.000000,3,2,4.002175,-0.156046,55.532555,53.077354,54.163628
3,13.200000,4,3,0.000000,4.002175,54.506271,53.434341,54.458092
0,13.200000,0,1,0.000023,1.579326,56.566319,54.547146,55.189552
1,13.200000,1,2,1.579326,-0.156045,57.002411,57.908764,55.709038
2,13.200000,3,2,4.002175,-0.156045,57.186741,53.415234,54.163628
3,13.400000,4,3,0.000000,4.002175,51.255833,55.662041,54.458092
0,13.400000,0,1,0.000024,1.719598,58.497677,54.885002,54.949726
1,13.400000,1,2,1.719598,-0.048630,58.899975,57.831444,55.761871
2,13.400000,3,2,4.002175,-0.048630,55.189522,53.411533,54.361454
3,13.600000,4,3,0.000000,3.806462,55.948891,54.433334,54.098190
0,13.600000,0,1,0.000024,1.719598,49.005405,54.757965,54.949726
1,13.600000,1,2,1.719598,-0.048629,58.295280,56.744225,55.761871
2,13.600000,3,2,3.806462,-0.048629,55.349850,53.858345,54.712887
3,13.800000,4,3,0.000000,3.806462,55.729267,52.550598,54.098190
0,13.800000,0,1,0.000024,1.598424,55.150326,54.592281,55.157211
1,13.800000,1,2,1.598424,-0.048629,56.460609,57.859371,55.565727
2,13.800000,3,2,3.806462,-0.048629,53.857021,54.238098,54.712887
3,14.000000,4,3,0.000000,3.806463,49.939827,53.638790,54.098190
0,14.000000,0,1,0.000025,1.598425,55.628067,55.277107,55.157211
1,14.000000,1,2,1.598425,-0.155443,58.084690,57.047478,55.738815
2,14.000000,3,2,3.806463,-0.155443,50.153461,53.946049,54.522499
3,14.200000,4,3,0.000000,3.806463,50.514671,53.658016,54.098190
0,14.200000,0,1,0.000025,1.476052,53.682442,55.427490,55.362804
1,14.200000,1,2,1.476052,-0.155442,52.960442,56.990528,55.540283
2,14.200000,3,2,3.806463,-0.155442,53.751335,54.167423,54.522499
3,14.400000,4,3,0.000000,3.806463,54.476673,54.503895,54.098190
0,14.400000,0,1,0.000026,1.476052,56.351902,56.468082,55.362804
1,14.400000,1,2,1.476052,-0.155442,55.606392,56.838192,55.540283
2,14.400000,3,2,3.806463,-0.155442,54.280781,54.231434,54.522499
3,14.600000,4,3,0.000000,3.806464,52.118542,53.521187,54.098194
0,14.600000,0,1,0.000026,1.476053,54.797825,56.316509,55.362804
1,14.600000,1,2,1.476053,-0.028772,56.898071,56.463959,55.330891
2,14.600000,3,2,3.806464,-0.028772,55.752796,54.258907,54.747910
3,14.800000,4,3,0.000000,3.681075,59.965370,53.685417,53.861183
0,14.800000,0,1,0.000026,1.476053,53.531509,56.987255,55.362804
1,14.800000,1,2,1.476053,-0.028772,59.481461,55.549057,55.330891
2,14.800000,3,2,3.681075,-0.028772,59.318184,54.895657,54.966530
3,15.000000,4,3,0.000000,3.681076,51.843155,54.480747,53.861183
0,15.000000,0,1,0.000027,1.476053,51.720123,56.886116,55.362804
1,15.000000,1,2,1.476053,0.187789,54.434837,55.963783,54.963272
2,15.000000,3,2,3.681076,0.187789,56.794647,54.734665,55.334042
3,15.200000,4,3,0.000000,3.784192,52.652191,53.868576,54.056473
0,15.200000,0,1,0.000027,1.476054,62.885563,57.738491,55.362804
1,15.200000,1,2,1.476054,0.187789,56.401901,56.162956,54.963272
2,15.200000,3,2,3.784192,0.187789,52.308365,55.065613,55.160599
3,15.400000,4,3,0.000000,3.639680,49.614059,53.648449,53.781784
0,15.400000,0,1,0.000027,1.476054,53.087353,57.531071,55.362804
1,15.400000,1,2,1.476054,0.187789,60.149891,56.169785,54.963272
2,15.400000,3,2,3.639680,0.187789,57.323700,54.537590,55.402897
3,15.600000,4,3,0.000000,3.639681,54.899059,53.127628,53.781788
0,15.600000,0,1,0.000028,1.476054,57.990883,56.374374,55.362804
1,15.600000,1,2,1.476054,0.187790,54.444515,55.747711,54.963272
2,15.600000,3,2,3.639681,0.187790,52.916031,54.824730,55.402897
3,15.800000,4,3,0.000000,3.639681,56.590023,53.990452,53.781788
0,15.800000,0,1,0.000028,1.476055,56.327614,56.836983,55.362804
1,15.800000,1,2,1.476055,0.187790,55.946121,54.650932,54.963272
2,15.800000,3,2,3.639681,0.187790,56.510391,54.653297,55.402897
3,16.000000,4,3,0.000000,3.639682,49.169334,53.706566,53.781788
0,16.000000,0,1,0.000028,1.476055,54.597179,56.304001,55.362804
1,16.000000,1,2,1.476055,0.187791,52.428600,55.080872,54.963272
2,16.000000,3,2,3.639682,0.187791,51.790318,55.092270,55.402897
3,16.200000,4,3,0.000000,3.639682,56.178482,52.444332,53.781792
0,16.200000,0,1,0.000029,1.476055,56.121483,55.871059,55.362804
1,16.200000,1,2,1.476055,0.187791,53.359070,55.046864,54.963272
2,16.200000,3,2,3.639682,0.187791,56.223812,55.593315,55.402897
3,16.400000,4,3,0.000000,3.768841,52.769508,53.699917,54.027618
0,16.400000,0,1,0.000029,1.649587,55.114086,55.240685,55.070099
1,16.400000,1,2,1.649587,0.187791,58.175529,55.418499,55.258827
2,16.400000,3,2,3.768841,0.187791,60.246441,55.518276,55.186600
3,16.600000,4,3,0.000000,3.912474,56.158482,53.636635,54.294617
0,16.600000,0,1,0.000029,1.782528,54.891438,54.592091,54.840397
1,16.600000,1,2,1.782528,0.187792,55.366070,55.488007,55.479935
2,16.600000,3,2,3.912474,0.187792,59.524284,55.457226,54.940895
3,16.800000,4,3,0.000000,3.759162,49.730202,53.350090,54.009392
0,16.800000,0,1,0.000030,1.782529,54.610023,54.212303,54.840397
1,16.800000,1,2,1.782529,0.187792,58.857380,55.778778,55.479935
2,16.800000,3,2,3.759162,0.187792,55.273857,54.759159,55.202961
3,17.000000,4,3,0.000000,3.553528,54.162426,52.416370,53.614662
0,17.000000,0,1,0.000030,1.782529,50.188316,54.024853,54.840397
1,17.000000,1,2,1.782529,0.187792,60.076286,55.653336,55.479935
2,17.000000,3,2,3.553528,0.187792,54.279476,55.158173,55.544819
3,17.200000,4,3,0.000000,3.553529,53.375477,52.293629,53.614662
0,17.200000,0,1,0.000030,1.782529,49.495602,54.141052,54.840397
1,17.200000,1,2,1.782529,0.054241,52.212490,55.710346,55.697617
2,17.200000,3,2,3.553529,0.054241,56.728092,54.952015,55.324020
3,17.400000,4,3,0.000000,3.553529,54.982552,53.886993,53.614662
0,17.400000,0,1,0.000031,1.558859,51.166496,54.475540,55.224121
1,17.400000,1,2,1.558859,0.207968,50.419823,56.027733,55.070866
2,17.400000,3,2,3.553529,0.207968,55.736313,55.482189,55.577789
3,17.600000,4,3,0.000000,3.737782,55.159222,54.534145,53.969009
0,17.600000,0,1,0.000031,1.558859,52.110859,54.950085,55.224121
1,17.600000,1,2,1.558859,0.207969,52.278721,54.702042,55.070866
2,17.600000,3,2,3.737782,0.207969,52.980259,55.249512,55.272919
3,17.800000,4,3,0.000000,3.890692,43.591389,53.305534,54.254547
0,17.800000,0,1,0.000032,1.682793,49.687294,55.075844,55.013184
1,17.800000,1,2,1.682793,0.207969,54.108669,54.794491,55.280701
2,17.800000,3,2,3.890692,0.207969,54.267746,53.880878,55.013248
3,18.000000,4,3,0.000000,3.890692,56.645714,54.455040,54.254547
0,18.000000,0,1,0.000032,1.682793,55.570225,55.227589,55.013184
1,18.000000,1,2,1.682793,0.207970,54.723141,54.277420,55.280701
2,18.000000,3,2,3.890692,0.207970,55.674240,53.125095,55.013248
3,18.200000,4,3,0.000000,3.890692,57.095451,55.251957,54.254547
0,18.200000,0,1,0.000032,1.682793,57.073139,55.126377,55.013184
1,18.200000,1,2,1.682793,0.207970,55.747978,54.565990,55.280701
2,18.200000,3,2,3.890692,0.207970,58.644073,53.158009,55.013248
3,18.400000,4,3,0.000000,3.890693,58.074093,55.275345,54.254547
0,18.400000,0,1,0.000033,1.682794,59.309425,54.699211,55.013184
1,18.400000,1,2,1.682794,0.207970,54.831554,54.688736,55.280701
2,18.400000,3,2,3.890693,0.207970,57.265907,53.458363,55.013248
3,18.600000,4,3,0.000000,3.890693,59.211170,55.002789,54.254547
0,18.600000,0,1,0.000033,1.682794,54.355145,55.227375,55.013184
1,18.600000,1,2,1.682794,0.207971,50.204487,54.583858,55.280701
2,18.600000,3,2,3.890693,0.207971,55.868744,53.753139,55.013248
3,18.800000,4,3,0.000000,3.890693,54.914215,53.215714,54.254547
0,18.800000,0,1,0.000033,1.682794,54.645542,55.907997,55.013184
1,18.800000,1,2,1.682794,0.207971,59.740784,54.533363,55.280701
2,18.800000,3,2,3.890693,0.207971,50.376774,54.062298,55.013248
3,19.000000,4,3,0.000000,3.890694,56.399529,54.933933,54.254551
0,19.000000,0,1,0.000034,1.682795,52.845657,56.160969,55.013184
1,19.000000,1,2,1.682795,0.207971,61.897263,55.211884,55.280701
2,19.000000,3,2,3.890694,0.207971,58.965008,54.480255,55.013248
3,19.200000,4,3,0.000000,3.890694,50.196964,54.891136,54.254551
0,19.200000,0,1,0.000034,1.682795,53.593243,55.519669,55.013184
1,19.200000,1,2,1.682795,0.207972,50.334270,55.181843,55.280701
2,19.200000,3,2,3.890694,0.207972,60.564236,55.025902,55.013248
3,19.400000,4,3,0.000000,3.890695,61.775227,52.969128,54.254551
0,19.400000,0,1,0.000034,1.926394,53.261642,55.171543,54.586227
1,19.400000,1,2,1.926394,0.081875,57.267719,55.208584,55.883572
2,19.400000,3,2,3.890695,0.081875,52.445763,54.506161,54.794334
3,19.600000,4,3,0.000000,3.985969,57.181316,54.454834,54.428738
0,19.600000,0,1,0.000035,1.926394,53.263027,54.670181,54.586227
1,19.600000,1,2,1.926394,0.081876,54.807762,55.659374,55.883572
2,19.600000,3,2,3.985969,0.081876,56.805855,54.925537,54.625957
3,19.800000,4,3,0.000000,3.985969,54.010174,54.579178,54.428741
0,19.800000,0,1,0.000035,1.926394,57.279709,55.600300,54.586227
1,19.800000,1,2,1.926394,0.081876,57.504410,56.198303,55.883572
2,19.800000,3,2,3.985969,0.081876,53.975403,55.369583,54.625957
3,20.000000,4,3,0.000000,4.126699,61.471100,54.249249,54.681023
0,20.000000,0,1,0.000035,1.926395,54.167797,54.956383,54.586227
1,20.000000,1,2,1.926395,0.081876,57.967003,56.002960,55.883572
2,20.000000,3,2,4.126699,0.081876,52.996738,55.503906,54.372368
3,20.200000,4,3,0.000000,4.271957,53.155289,54.097424,54.935421
0,20.200000,0,1,0.000036,1.926395,55.408642,55.388496,54.586227
1,20.200000,1,2,1.926395,0.081877,56.657909,55.858002,55.883572
2,20.200000,3,2,4.271957,0.081877,52.834278,55.053513,54.104252
3,20.400000,4,3,0.000000,4.127456,49.905666,55.607090,54.682365
0,20.400000,0,1,0.000036,1.926395,59.838879,54.675026,54.586227
1,20.400000,1,2,1.926395,0.081877,58.696857,55.790501,55.883572
2,20.400000,3,2,4.127456,0.081877,56.151787,54.796589,54.370987
3,20.600000,4,3,0.000000,4.001697,51.403027,54.561890,54.457226
0,20.600000,0,1,0.000037,1.926396,54.971592,54.501133,54.586227
1,20.600000,1,2,1.926396,0.081877,58.555317,55.737690,55.883572
2,20.600000,3,2,4.001697,0.081877,57.496265,54.916256,54.597912
3,20.800000,4,3,0.000000,4.001697,54.376595,54.047153,54.457226
0,20.800000,0,1,0.000037,1.926396,55.335724,55.029396,54.586227
1,20.800000,1,2,1.926396,-0.024029,56.972004,55.280495,56.050285
2,20.800000,3,2,4.001697,-0.024029,49.901466,55.308655,54.407127
3,21.000000,4,3,0.000000,4.001697,48.395115,52.681328,54.457226
0,21.000000,0,1,0.000037,1.926396,57.465122,55.001972,54.586227
1,21.000000,1,2,1.926396,-0.024029,60.873734,55.861317,56.050285
2,21.000000,3,2,4.001697,-0.024029,54.809422,54.995277,54.407127
3,21.200000,4,3,0.000000,4.001698,58.919983,54.785881,54.457230
0,21.200000,0,1,0.000038,1.926397,58.464703,55.883656,54.586227
1,21.200000,1,2,1.926397,-0.024028,54.883480,55.436165,56.050285
2,21.200000,3,2,4.001698,-0.024028,54.497192,55.165783,54.407127
3,21.400000,4,3,0.000000,4.001698,54.700127,53.562187,54.457230
0,21.400000,0,1,0.000038,1.926397,53.232845,55.656551,54.586227
1,21.400000,1,2,1.926397,-0.024028,52.745449,55.603558,56.050285
2,21.400000,3,2,4.001698,-0.024028,53.854382,55.796238,54.407127
3,21.600000,4,3,0.000000,4.001698,55.120781,54.941547,54.457230
0,21.600000,0,1,0.000038,1.926397,57.496021,55.871002,54.586227
1,21.600000,1,2,1.926397,-0.024028,57.886684,55.719593,56.050285
2,21.600000,3,2,4.001698,-0.024028,51.997143,55.287838,54.407127
3,21.800000,4,3,0.000000,4.161699,55.986347,53.864372,54.742867
0,21.800000,0,1,0.000039,1.926398,56.382339,55.559387,54.586227
1,21.800000,1,2,1.926398,-0.024027,56.061352,55.872894,56.050285
2,21.800000,3,2,4.161699,-0.024027,57.742062,55.549534,54.112389
3,22.000000,4,3,0.000000,4.286238,59.360519,55.066723,54.960114
0,22.000000,0,1,0.000039,1.926398,57.217045,54.995613,54.586227
1,22.000000,1,2,1.926398,-0.024027,53.073788,56.409092,56.050285
2,22.000000,3,2,4.286238,-0.024027,57.914310,55.159050,53.877304
3,22.200000,4,3,0.000000,4.286238,55.359417,55.078339,54.960114
0,22.200000,0,1,0.000039,1.926399,59.965034,55.024147,54.586227
1,22.200000,1,2,1.926399,-0.024027,50.976120,56.432941,56.050285
2,22.200000,3,2,4.286238,-0.024027,50.755726,54.195900,53.877304
3,22.400000,4,3,0.000000,4.182757,48.401493,55.469875,54.779907
0,22.400000,0,1,0.000040,1.926399,48.274742,54.835140,54.586227
1,22.400000,1,2,1.926399,-0.024026,57.936504,56.615612,56.050285
2,22.400000,3,2,4.182757,-0.024026,59.135033,53.771339,54.072998
3,22.600000,4,3,0.000000,3.989494,54.665691,55.010208,54.435127
0,22.600000,0,1,0.000040,1.926399,55.837505,54.880466,54.586227
1,22.600000,1,2,1.926399,-0.024026,55.277599,56.250805,56.050285
2,22.600000,3,2,3.989494,-0.024026,52.664608,53.122196,54.429291
3,22.800000,4,3,0.000000,3.989494,56.732368,54.938049,54.435127
0,22.800000,0,1,0.000040,1.926400,52.034512,54.515434,54.586227
1,22.800000,1,2,1.926400,-0.024025,58.484596,56.474957,56.050285
2,22.800000,3,2,3.989494,-0.024025,55.097713,53.561707,54.429291
3,23.000000,4,3,0.000000,3.793016,57.145462,53.499439,54.073021
0,23.000000,0,1,0.000041,1.786077,55.267918,54.763828,54.834221
1,23.000000,1,2,1.786077,-0.024025,54.977081,56.951366,55.828842
2,23.000000,3,2,3.793016,-0.024025,59.868675,53.955566,54.779907
3,23.200000,4,3,0.000000,3.793017,52.833660,54.670948,54.073021
0,23.200000,0,1,0.000041,1.786077,55.956932,54.681309,54.834221
1,23.200000,1,2,1.786077,0.110366,54.784725,56.319019,55.612442
2,23.200000,3,2,3.793017,0.110366,57.848785,54.645962,55.013374
3,23.400000,4,3,0.000000,3.793017,61.655624,54.978081,54.073021
0,23.400000,0,1,0.000041,1.786078,55.559143,54.628952,54.834221
1,23.400000,1,2,1.786078,0.110366,55.064857,56.241592,55.612442
2,23.400000,3,2,3.793017,0.110366,62.187897,54.508492,55.013374
3,23.600000,4,3,0.000000,3.793017,53.074898,55.368343,54.073021
0,23.600000,0,1,0.000042,1.611864,54.165630,54.936550,55.134422
1,23.600000,1,2,1.611864,0.110366,56.927109,56.138901,55.325333
2,23.600000,3,2,3.793017,0.110366,57.206699,54.186363,55.013374
3,23.800000,4,3,0.000000,3.793018,55.675819,52.958183,54.073025
0,23.800000,0,1,0.000042,1.611864,59.081444,55.052502,55.134422
1,23.800000,1,2,1.611864,0.110367,56.904938,55.879261,55.325333
2,23.800000,3,2,3.793018,0.110367,61.353531,54.210640,55.013374
3,24.000000,4,3,0.000000,3.793018,53.948917,53.286457,54.073025
0,24.000000,0,1,0.000043,1.611865,55.939629,55.243229,55.134422
1,24.000000,1,2,1.611865,0.211262,51.751984,56.051529,55.155521
2,24.000000,3,2,3.793018,0.211262,53.076576,54.550541,55.185406
3,24.200000,4,3,0.000000,3.793018,54.306301,54.847797,54.073025
0,24.200000,0,1,0.000043,1.611865,62.421436,54.315720,55.134422
1,24.200000,1,2,1.611865,0.211263,51.632793,55.229435,55.155521
2,24.200000,3,2,3.793018,0.211263,55.980843,54.927864,55.185406
3,24.400000,4,3,0.000000,3.793019,53.199654,54.972130,54.073025
0,24.400000,0,1,0.000043,1.495690,55.770111,53.866402,55.330101
1,24.400000,1,2,1.495690,0.211263,57.342777,54.823841,54.956642
2,24.400000,3,2,3.793019,0.211263,52.592690,55.721191,55.185406
3,24.600000,4,3,0.000000,3.793019,58.284279,53.900059,54.073025
0,24.600000,0,1,0.000044,1.495690,55.477615,54.127819,55.330101
1,24.600000,1,2,1.495690,0.105867,51.048904,55.303391,55.137222
2,24.600000,3,2,3.793019,0.105867,54.553455,55.020210,55.005634
3,24.800000,4,3,0.000000,3.793020,51.412907,53.504333,54.073029
0,24.800000,0,1,0.000044,1.495691,60.981926,53.702114,55.330101
1,24.800000,1,2,1.495691,0.105868,56.549080,55.301609,55.137222
2,24.800000,3,2,3.793020,0.105868,53.979855,55.470882,55.005634
3,25.000000,4,3,0.000000,3.906694,51.505638,54.263336,54.283997
0,25.000000,0,1,0.000044,1.495691,53.539791,53.781757,55.330101
1,25.000000,1,2,1.495691,0.105868,56.084999,55.807339,55.137222
2,25.000000,3,2,3.906694,0.105868,55.216293,55.373516,54.808346
3,25.200000,4,3,0.000000,3.906694,60.586994,54.389824,54.283997
0,25.200000,0,1,0.000045,1.495691,57.195015,54.009068,55.330101
1,25.200000,1,2,1.495691,0.269259,54.977619,56.017250,54.855980
2,25.200000,3,2,3.906694,0.269259,58.264492,55.547302,55.090805
3,25.400000,4,3,0.000000,3.906694,54.673676,54.689590,54.283997
0,25.400000,0,1,0.000045,1.495692,56.411770,54.178116,55.330101
1,25.400000,1,2,1.495692,0.377522,54.509243,54.842457,54.665535
2,25.400000,3,2,3.906694,0.377522,53.536469,55.712875,55.273994
3,25.600000,4,3,0.000000,3.906695,50.837303,53.617912,54.284000
0,25.600000,0,1,0.000045,1.603444,60.987514,54.219940,55.148731
1,25.600000,1,2,1.603444,0.377523,51.528469,55.175781,54.855091
2,25.600000,3,2,3.906695,0.377523,55.409050,55.395485,55.273994
3,25.800000,4,3,0.000000,3.906695,50.632729,54.725548,54.284000
0,25.800000,