2,0.200000,3,2,0.000000,0.000000,63.446747,NaN,60.000000
3,0.200000,3,4,0.000000,0.000000,40.612888,44.233398,42.529121
0,0.200000,0,1,0.000000,0.000000,58.474129,NaN,57.577248
1,0.200000,1,2,0.000000,0.000000,47.607025,NaN,52.474251
2,0.400000,3,2,0.300001,0.000001,61.783516,NaN,59.669292
3,0.400000,3,4,0.300001,0.000000,44.850105,43.885681,44.045746
0,0.400000,0,1,0.000001,0.000001,54.448006,NaN,57.577248
1,0.400000,1,2,0.000001,0.000001,52.676407,NaN,52.474251
2,0.600000,3,2,0.600001,-0.118270,59.198658,61.048416,59.190720
3,0.600000,3,4,0.600001,0.000000,50.008713,45.388779,45.376335
0,0.600000,0,1,0.000001,0.193952,53.243813,54.858353,57.310783
1,0.600000,1,2,0.193952,-0.118270,55.477287,52.304482,53.131905
2,0.800000,3,2,0.873303,-0.255373,59.663349,57.843372,58.699711
3,0.800000,3,4,0.873303,0.000000,47.274845,45.766724,46.461166
0,0.800000,0,1,0.000001,0.193953,56.295052,57.337833,57.310783
1,0.800000,1,2,0.193953,-0.255373,50.858025,52.015594,53.408569
2,1.000000,3,2,1.038868,-0.255373,53.355160,57.697071,58.495167
3,1.000000,3,4,1.038868,0.000000,45.892380,45.698303,47.069260
0,1.000000,0,1,0.000002,0.193953,54.390968,56.702145,57.310783
1,1.000000,1,2,0.193953,-0.255373,55.018761,51.800468,53.408569
2,1.200000,3,2,1.302971,-0.430754,54.990227,57.885933,57.932747
3,1.200000,3,4,1.302971,0.000000,47.704662,48.110027,47.973854
0,1.200000,0,1,0.000002,0.403929,61.417427,57.607731,57.014729
1,1.200000,1,2,0.403929,-0.430754,56.157578,52.566452,54.150429
2,1.400000,3,2,1.451385,-0.571640,58.989265,57.733246,57.545956
3,1.400000,3,4,1.451385,0.000000,46.647850,48.379749,48.450970
0,1.400000,0,1,0.000002,0.240982,54.018860,57.174484,57.245171
1,1.400000,1,2,0.240982,-0.571640,50.680351,52.017181,54.109299
2,1.600000,3,2,1.636713,-0.732554,58.855358,56.696606,57.064156
3,1.600000,3,4,1.636713,0.000000,49.368580,50.500774,49.018745
0,1.600000,0,1,0.000003,0.240982,53.178352,57.396732,57.245171
1,1.600000,1,2,0.240982,-0.732554,57.680397,52.248013,54.405788
2,1.800000,3,2,1.936713,-0.903733,57.022465,56.087070,56.372147
3,1.800000,3,4,1.936713,0.000000,56.819946,48.662540,49.879215
0,1.800000,0,1,0.000003,0.240983,60.204567,57.509235,57.245171
1,1.800000,1,2,0.240983,-0.903733,55.109467,53.523739,54.712547
2,2.000000,3,2,2.144098,-1.008932,61.166100,55.104183,55.887459
3,2.000000,3,4,2.144098,0.000000,53.066048,49.552631,50.436535
0,2.000000,0,1,0.000004,0.384801,58.537205,57.351097,57.042038
1,2.000000,1,2,0.384801,-1.008932,55.699173,54.522957,55.143860
2,2.200000,3,2,2.144099,-1.008931,54.169701,55.087791,55.887459
3,2.200000,3,4,2.144099,0.000000,52.166866,49.630463,50.436539
0,2.200000,0,1,0.000004,0.384802,59.372932,56.809746,57.042038
1,2.200000,1,2,0.384802,-1.008931,56.643078,54.553005,55.143860
2,2.400000,3,2,2.144099,-0.892991,52.000793,55.508240,56.069771
3,2.400000,3,4,2.144099,0.000000,52.125477,52.181160,50.436539
0,2.400000,0,1,0.000004,0.517556,58.904415,56.096390,56.851093
1,2.400000,1,2,0.517556,-0.892991,55.022251,55.167400,55.172379
2,2.600000,3,2,2.351630,-0.892991,53.334984,55.093662,55.741241
3,2.600000,3,4,2.351630,0.000000,54.518726,51.805916,50.967010
0,2.600000,0,1,0.000005,0.517556,54.218666,56.748508,56.851093
1,2.600000,1,2,0.517556,-0.892991,55.616680,55.214184,55.172379
2,2.800000,3,2,2.497139,-0.892990,55.981995,54.701847,55.504822
3,2.800000,3,4,2.497139,0.000000,53.301987,51.100834,51.324074
0,2.800000,0,1,0.000005,0.517557,60.724014,55.938301,56.851093
1,2.800000,1,2,0.517557,-0.892990,57.781559,55.405006,55.172379
2,3.000000,3,2,2.677097,-0.776851,51.649643,53.599831,55.399483
3,3.000000,3,4,2.677097,0.000000,56.772659,51.113811,51.750027
0,3.000000,0,1,0.000005,0.517557,55.492867,55.920292,56.851093
1,3.000000,1,2,0.517557,-0.776851,59.733719,56.360016,54.973873
2,3.200000,3,2,2.859670,-0.776851,52.734924,53.305695,55.092365
3,3.200000,3,4,2.859670,0.000000,46.273430,52.026234,52.165741
0,3.200000,0,1,0.000006,0.517558,60.824436,56.626072,56.851093
1,3.200000,1,2,0.517558,-0.776851,57.448936,56.256367,54.973873
2,3.400000,3,2,2.859671,-0.878934,51.705967,53.244041,54.916779
3,3.400000,3,4,2.859671,0.000000,47.430958,53.012295,52.165741
0,3.400000,0,1,0.000006,0.406316,57.405315,56.394375,57.011322
1,3.400000,1,2,0.406316,-0.878934,58.504002,55.824448,54.958065
2,3.600000,3,2,2.859671,-1.016632,53.336433,53.797825,54.675343
3,3.600000,3,4,2.859671,0.000000,51.791096,51.356236,52.165741
0,3.600000,0,1,0.000006,0.406317,55.890514,56.949169,57.011322
1,3.600000,1,2,0.406317,-1.016632,49.947624,55.611378,55.193359
2,3.800000,3,2,2.859671,-1.016632,50.598621,53.574078,54.675343
3,3.800000,3,4,2.859671,0.000000,47.506229,50.326561,52.165745
0,3.800000,0,1,0.000007,0.406317,50.010342,57.488762,57.011322
1,3.800000,1,2,0.406317,-1.016632,52.926510,54.902805,55.193359
2,4.000000,3,2,2.859672,-0.868295,52.191223,53.953590,54.935207
3,4.000000,3,4,2.859672,0.000000,54.586342,53.818977,52.165745
0,4.000000,0,1,0.000007,0.406317,54.704906,57.209827,57.011322
1,4.000000,1,2,0.406317,-0.868295,52.742184,54.585697,54.939674
2,4.200000,3,2,2.859672,-0.868295,51.004654,54.687908,54.935207
3,4.200000,3,4,2.859672,0.000000,53.309433,52.907360,52.165745
0,4.200000,0,1,0.000007,0.545661,54.143711,57.518497,56.810242
1,4.200000,1,2,0.545661,-0.868295,57.413960,53.975689,55.178150
2,4.400000,3,2,2.859673,-1.063753,56.363899,55.070160,54.591469
3,4.400000,3,4,2.859673,0.000000,51.873409,51.496719,52.165749
0,4.400000,0,1,0.000008,0.545661,53.668907,56.410389,56.810242
1,4.400000,1,2,0.545661,-1.063753,56.719154,54.300564,55.504074
2,4.600000,3,2,2.999301,-1.063753,54.153454,53.952118,54.339081
3,4.600000,3,4,2.999301,0.000000,50.490917,53.964996,52.473274
0,4.600000,0,1,0.000008,0.692191,54.807896,56.307556,56.594688
1,4.600000,1,2,0.692191,-1.063753,59.071697,55.356197,55.742149
2,4.800000,3,2,2.999301,-0.942732,55.065044,54.217045,54.558170
3,4.800000,3,4,2.999301,0.000000,51.375534,51.600941,52.473274
0,4.800000,0,1,0.000008,0.692192,55.439682,55.813774,56.594688
1,4.800000,1,2,0.692192,-0.942732,56.240341,55.977623,55.545898
2,5.000000,3,2,2.999302,-0.942732,56.845657,54.262520,54.558170
3,5.000000,3,4,2.999302,0.000000,52.287918,53.157066,52.473274
0,5.000000,0,1,0.000009,0.798066,56.570717,55.819809,56.436241
1,5.000000,1,2,0.798066,-0.942732,48.390923,55.710499,55.717781
2,5.200000,3,2,2.999302,-0.942731,58.059418,53.945065,54.558170
3,5.200000,3,4,2.999302,0.000000,59.083370,52.956646,52.473274
0,5.200000,0,1,0.000009,0.798066,55.872402,55.366360,56.436241
1,5.200000,1,2,0.798066,-0.942731,53.874989,55.628235,55.717781
2,5.400000,3,2,3.108344,-0.942731,55.355366,53.859802,54.360962
3,5.400000,3,4,3.108344,0.000000,54.448730,53.387100,52.707520
0,5.400000,0,1,0.000010,0.798066,55.652134,55.454735,56.436241
1,5.400000,1,2,0.798066,-0.942731,56.487568,56.073891,55.717781
2,5.600000,3,2,3.233331,-0.942731,49.384468,53.293915,54.130417
3,5.600000,3,4,3.233331,0.000000,54.796341,51.963360,52.969948
0,5.600000,0,1,0.000010,0.798067,56.326626,55.485020,56.436241
1,5.600000,1,2,0.798067,-0.942731,55.583572,55.965080,55.717781
2,5.800000,3,2,3.233331,-0.942730,53.072666,53.055660,54.130417
3,5.800000,3,4,3.233331,0.000000,44.758919,53.792656,52.969948
0,5.800000,0,1,0.000010,0.798067,52.793091,55.757839,56.436241
1,5.800000,1,2,0.798067,-0.942730,53.479198,55.671864,55.717781
2,6.000000,3,2,3.233332,-0.809456,55.695679,54.310993,54.376076
3,6.000000,3,4,3.233332,0.000000,54.256550,53.383808,52.969948
0,6.000000,0,1,0.000011,0.798068,60.598080,56.208481,56.436241
1,6.000000,1,2,0.798068,-0.809456,53.334560,56.076675,55.500969
2,6.200000,3,2,3.346328,-0.809455,52.537224,54.306652,54.168159
3,6.200000,3,4,3.346328,0.000000,54.289284,53.452763,53.201859
0,6.200000,0,1,0.000011,0.798068,55.616268,55.538422,56.436241
1,6.200000,1,2,0.798068,-0.809455,59.179127,56.499619,55.500969
2,6.400000,3,2,3.212109,-0.809455,56.486115,53.620171,54.414688
3,6.400000,3,4,3.212109,0.000000,52.182419,50.559361,52.925835
0,6.400000,0,1,0.000011,0.798068,57.670353,55.554825,56.436241
1,6.400000,1,2,0.798068,-0.809455,56.675549,56.377327,55.500969
2,6.600000,3,2,3.212109,-0.809455,53.766335,54.730019,54.414688
3,6.600000,3,4,3.212109,0.000000,53.753883,52.280159,52.925835
0,6.600000,0,1,0.000012,0.909926,56.753193,55.993980,56.266289
1,6.600000,1,2,0.909926,-0.809455,62.284664,56.411301,55.683231
2,6.800000,3,2,3.468414,-0.809454,54.078430,54.571098,53.938946
3,6.800000,3,4,3.468414,0.000000,52.825874,53.256401,53.446987
0,6.800000,0,1,0.000012,0.909926,53.346329,56.212654,56.266289
1,6.800000,1,2,0.909926,-0.809454,53.853439,56.026180,55.683231
2,7.000000,3,2,3.468415,-0.809454,49.384583,53.392250,53.938946
3,7.000000,3,4,3.468415,0.000000,55.067268,53.329853,53.446987
0,7.000000,0,1,0.000012,0.909926,57.658264,56.411575,56.266289
1,7.000000,1,2,0.909926,-0.809454,56.294704,56.599052,55.683231
2,7.200000,3,2,3.468415,-0.809454,55.458473,53.344170,53.938946
3,7.200000,3,4,3.468415,0.000000,56.459312,53.879951,53.446987
0,7.200000,0,1,0.000013,0.909927,63.723320,55.920719,56.266289
1,7.200000,1,2,0.909927,-0.809454,52.665279,56.384335,55.683231
2,7.400000,3,2,3.468415,-0.809453,54.833508,53.824093,53.938946
3,7.400000,3,4,3.468415,0.000000,55.012375,53.873718,53.446991
0,7.400000,0,1,0.000013,0.909927,52.011955,55.890331,56.266289
1,7.400000,1,2,0.909927,-0.809453,54.796219,55.969933,55.683231
2,7.600000,3,2,3.468416,-0.611796,55.953186,54.176521,54.307655
3,7.600000,3,4,3.468416,0.000000,50.395687,53.976955,53.446991
0,7.600000,0,1,0.000013,0.909927,59.943825,54.674580,56.266289
1,7.600000,1,2,0.909927,-0.611796,56.737438,55.723404,55.359062
2,7.800000,3,2,3.468416,-0.480750,53.020576,54.989777,54.545380
3,7.800000,3,4,3.468416,0.000000,51.594170,52.916710,53.446991
0,7.800000,0,1,0.000014,0.909928,57.987427,54.807610,56.266289
1,7.800000,1,2,0.909928,-0.480750,57.358883,55.279667,55.138672
2,8.000000,3,2,3.468416,-0.480749,46.828888,55.323429,54.545380
3,8.000000,3,4,3.468416,0.000000,51.126308,52.610428,53.446991
0,8.000000,0,1,0.000014,1.076430,53.255669,54.861496,56.008274
1,8.000000,1,2,1.076430,-0.480749,56.272549,55.171722,55.417927
2,8.200000,3,2,3.468417,-0.607328,57.714359,55.173553,54.315842
3,8.200000,3,4,3.468417,0.000000,57.246178,53.671566,53.446991
0,8.200000,0,1,0.000015,1.076430,58.164059,54.572819,56.008274
1,8.200000,1,2,1.076430,-0.607328,55.048004,55.600117,55.625519
2,8.400000,3,2,3.468417,-0.716557,53.728355,54.376938,54.113792
3,8.400000,3,4,3.468417,0.000000,49.896347,53.569672,53.446991
0,8.400000,0,1,0.000015,1.076430,56.134502,54.444641,56.008274
1,8.400000,1,2,1.076430,-0.716557,49.645313,55.562485,55.801521
2,8.600000,3,2,3.468418,-0.716556,51.403683,54.380413,54.113792
3,8.600000,3,4,3.468418,0.000000,51.319344,52.784462,53.446991
0,8.600000,0,1,0.000015,1.076431,53.408154,54.162243,56.008274
1,8.600000,1,2,1.076431,-0.716556,53.851242,56.080196,55.801521
2,8.800000,3,2,3.468418,-0.716556,62.354248,54.884552,54.113792
3,8.800000,3,4,3.468418,0.000000,49.419594,54.069630,53.446991
0,8.800000,0,1,0.000016,1.275114,62.162930,54.327477,55.692146
1,8.800000,1,2,1.275114,-0.716556,53.940105,56.080872,56.114525
2,9.000000,3,2,3.468418,-0.716556,49.460400,55.218235,54.113792
3,9.000000,3,4,3.468418,0.000000,57.861816,53.500061,53.446995
0,9.000000,0,1,0.000016,1.417107,58.586136,53.642365,55.460449
1,9.000000,1,2,1.417107,-0.716556,57.840816,56.129623,56.332813
2,9.200000,3,2,3.468419,-0.583495,48.871605,55.939178,54.359432
3,9.200000,3,4,3.468419,0.000000,52.014297,53.339008,53.446995
0,9.200000,0,1,0.000016,1.417107,58.657837,53.774662,55.460449
1,9.200000,1,2,1.417107,-0.583495,48.248608,56.387924,56.128384
2,9.400000,3,2,3.339498,-0.583494,49.292641,55.538647,54.592247
3,9.400000,3,4,3.339498,0.000000,58.030373,53.215515,53.187984
0,9.400000,0,1,0.000017,1.417107,54.606319,54.457859,55.460449
1,9.400000,1,2,1.417107,-0.583494,54.328388,56.340099,56.128384
2,9.600000,3,2,3.339498,-0.583494,53.619778,56.207760,54.592247
3,9.600000,3,4,3.339498,0.000000,56.682999,52.864231,53.187984
0,9.600000,0,1,0.000017,1.417108,51.012531,54.160263,55.460449
1,9.600000,1,2,1.417108,-0.583494,54.142731,56.901150,56.128384
2,9.800000,3,2,3.339499,-0.459926,54.777191,56.287903,54.810799
3,9.800000,3,4,3.339499,0.000000,53.805382,52.575405,53.187984
0,9.800000,0,1,0.000017,1.417108,57.540283,53.821323,55.460449
1,9.800000,1,2,1.417108,-0.459926,61.727516,57.589119,55.935028
2,10.000000,3,2,3.339499,-0.459926,57.704582,56.236778,54.810799
3,10.000000,3,4,3.339499,0.000000,50.616039,53.130375,53.187988
0,10.000000,0,1,0.000018,1.417108,58.357979,53.999527,55.460449
1,10.000000,1,2,1.417108,-0.459926,57.319286,57.415272,55.935028
2,10.200000,3,2,3.339499,-0.459926,54.662807,56.015259,54.810799
3,10.200000,3,4,3.339499,0.000000,49.331497,52.646687,53.187988
0,10.200000,0,1,0.000018,1.417109,55.066315,54.570297,55.460449
1,10.200000,1,2,1.417109,-0.459926,55.176064,57.421974,55.935028
2,10.400000,3,2,3.339500,-0.459925,54.277863,55.971527,54.810799
3,10.400000,3,4,3.339500,0.000000,53.742195,53.505329,53.187988
0,10.400000,0,1,0.000018,1.417109,57.210270,54.823544,55.460449
1,10.400000,1,2,1.417109,-0.459925,55.106689,57.771042,55.935028
2,10.600000,3,2,3.339500,-0.314039,58.368065,55.544426,55.063290
3,10.600000,3,4,3.339500,0.000000,54.122555,52.891010,53.187988
0,10.600000,0,1,0.000019,1.417109,57.306190,55.797405,55.460449
1,10.600000,1,2,1.417109,-0.314039,55.370876,57.647514,55.702232
2,10.800000,3,2,3.339500,-0.194466,60.550465,55.629421,55.265949
3,10.800000,3,4,3.339500,0.000000,52.816654,53.385441,53.187988
0,10.800000,0,1,0.000019,1.417110,53.412865,55.750549,55.460449
1,10.800000,1,2,1.417110,-0.194466,55.148384,56.561119,55.507622
2,11.000000,3,2,3.339501,-0.194466,57.742641,55.643467,55.265949
3,11.000000,3,4,3.339501,0.000000,50.541279,52.766457,53.187988
0,11.000000,0,1,0.000019,1.417110,57.568516,55.757275,55.460449
1,11.000000,1,2,1.417110,-0.194466,56.324783,56.377937,55.507622
2,11.200000,3,2,3.339501,-0.194465,55.570488,56.424644,55.265949
3,11.200000,3,4,3.339501,0.000000,59.700317,53.372562,53.187988
0,11.200000,0,1,0.000020,1.538653,54.123676,54.851009,55.258110
1,11.200000,1,2,1.538653,-0.194465,52.463455,56.670925,55.705406
2,11.400000,3,2,3.339501,-0.194465,54.289848,56.094158,55.265949
3,11.400000,3,4,3.339501,0.000000,52.926060,54.145962,53.187988
0,11.400000,0,1,0.000020,1.538653,55.985748,54.744862,55.258110
1,11.400000,1,2,1.538653,-0.194465,50.262508,56.456059,55.705406
2,11.600000,3,2,3.339502,-0.194465,55.265213,55.206482,55.265949
3,11.600000,3,4,3.339502,0.000000,48.795208,53.828667,53.187992
0,11.600000,0,1,0.000021,1.538653,56.218216,54.506165,55.258110
1,11.600000,1,2,1.538653,-0.194465,53.450790,56.180256,55.705406
2,11.800000,3,2,3.339502,-0.194464,57.644096,56.151222,55.265949
3,11.800000,3,4,3.339502,0.000000,52.635422,54.804657,53.187992
0,11.800000,0,1,0.000021,1.375798,56.545399,55.155766,55.528374
1,11.800000,1,2,1.375798,-0.194464,56.376465,56.029747,55.439568
2,12.000000,3,2,3.339503,-0.303602,56.359367,55.907616,55.081127
3,12.000000,3,4,3.339503,0.000000,52.269035,53.555283,53.187992
0,12.000000,0,1,0.000021,1.375798,55.334335,55.639645,55.528374
1,12.000000,1,2,1.375798,-0.303602,55.177673,55.667828,55.618439
2,12.200000,3,2,3.339503,-0.303601,54.675331,55.008907,55.081127
3,12.200000,3,4,3.339503,0.000000,50.588158,53.210186,53.187996
0,12.200000,0,1,0.000022,1.375799,59.071068,55.265915,55.528374
1,12.200000,1,2,1.375799,-0.303601,56.819408,55.527782,55.618439
2,12.400000,3,2,3.473061,-0.303601,50.617718,54.700146,54.850586
3,12.400000,3,4,3.473061,0.000000,50.165775,53.104801,53.456207
0,12.400000,0,1,0.000022,1.375799,57.239933,55.366215,55.528374
1,12.400000,1,2,1.375799,-0.303601,58.505028,55.682659,55.618439
2,12.600000,3,2,3.473062,-0.303600,55.353783,54.966030,54.850586
3,12.600000,3,4,3.473062,0.000000,53.692566,53.622631,53.456207
0,12.600000,0,1,0.000022,1.375799,57.840031,56.088371,55.528374
1,12.600000,1,2,1.375799,-0.303600,58.897144,55.352242,55.618439
2,12.800000,3,2,3.473062,-0.100541,58.931488,55.131981,55.199188
3,12.800000,3,4,3.473062,0.000000,56.861713,52.967613,53.456207
0,12.800000,0,1,0.000023,1.375800,56.841671,56.521889,55.528374
1,12.800000,1,2,1.375800,-0.100541,60.232533,55.366161,55.283241
2,13.000000,3,2,3.376320,-0.271315,48.687229,55.837433,55.073387
3,13.000000,3,4,3.376320,0.000000,52.750607,53.421013,53.262596
0,13.000000,0,1,0.000023,1.513451,51.980701,56.254478,55.300381
1,13.000000,1,2,1.513451,-0.271315,54.887398,55.270660,55.788372
2,13.200000,3,2,3.376321,-0.271315,55.851887,55.609062,55.073387
3,13.200000,3,4,3.376321,0.000000,51.583961,53.066933,53.262596
0,13.200000,0,1,0.000023,1.513451,56.072941,55.632572,55.300381
1,13.200000,1,2,1.513451,-0.271315,56.110668,55.441174,55.788372
2,13.400000,3,2,3.376321,-0.271314,61.232342,55.130753,55.073387
3,13.400000,3,4,3.376321,0.000000,60.073692,53.606361,53.262596
0,13.400000,0,1,0.000024,1.513451,56.879082,56.377319,55.300381
1,13.400000,1,2,1.513451,-0.271314,54.577003,55.810768,55.788372
2,13.600000,3,2,3.376321,-0.395535,55.194683,54.962872,54.858963
3,13.600000,3,4,3.376321,0.000000,55.072819,53.457905,53.262596
0,13.600000,0,1,0.000024,1.513452,57.588581,56.050983,55.300381
1,13.600000,1,2,1.513452,-0.395535,61.013935,56.625309,55.985359
2,13.800000,3,2,3.494035,-0.395535,61.399433,54.458324,54.651794
3,13.800000,3,4,3.494035,0.000000,54.913830,53.803604,53.497734
0,13.800000,0,1,0.000024,1.513452,56.501530,55.971958,55.300381
1,13.800000,1,2,1.513452,-0.395535,57.130634,57.221344,55.985359
2,14.000000,3,2,3.494035,-0.238681,57.837975,53.970985,54.926987
3,14.000000,3,4,3.494035,0.000000,53.383297,52.630127,53.497734
0,14.000000,0,1,0.000025,1.627478,55.864357,55.249546,55.107826
1,14.000000,1,2,1.627478,-0.238681,54.315502,57.003025,55.917847
2,14.200000,3,2,3.628350,-0.134044,54.689533,54.416092,54.875450
3,14.200000,3,4,3.628350,0.000000,52.889900,53.751328,53.759953
0,14.200000,0,1,0.000025,1.499757,59.172127,55.503033,55.323280
1,14.200000,1,2,1.499757,-0.134044,53.194786,55.782623,55.544060
2,14.400000,3,2,3.628350,-0.241008,57.542053,54.030869,54.687649
3,14.400000,3,4,3.628350,0.000000,53.858513,52.875599,53.759953
0,14.400000,0,1,0.000026,1.499757,52.742035,56.176914,55.323280
1,14.400000,1,2,1.499757,-0.241008,54.445160,55.697445,55.717731
2,14.600000,3,2,3.628350,-0.366002,51.476955,53.398075,54.463997
3,14.600000,3,4,3.628350,0.000000,60.137413,53.887009,53.759956
0,14.600000,0,1,0.000026,1.641732,55.638878,55.978275,55.083515
1,14.600000,1,2,1.641732,-0.366002,57.636906,55.802208,56.139442
2,14.800000,3,2,3.628351,-0.366001,52.656731,53.407761,54.463997
3,14.800000,3,4,3.628351,0.000000,52.252121,54.026009,53.759956
0,14.800000,0,1,0.000026,1.478839,53.001759,55.649929,55.358170
1,14.800000,1,2,1.478839,-0.366001,58.023216,55.741886,55.884083
2,15.000000,3,2,3.820360,-0.366001,47.631531,53.467999,54.111202
3,15.000000,3,4,3.820360,0.000000,52.325050,55.134449,54.124146
0,15.000000,0,1,0.000027,1.478839,52.064392,56.313446,55.358170
1,15.000000,1,2,1.478839,-0.366001,54.048054,55.383072,55.884083
2,15.200000,3,2,3.820360,-0.248941,55.924316,53.302238,54.327644
3,15.200000,3,4,3.820360,0.000000,53.719280,55.733757,54.124146
0,15.200000,0,1,0.000027,1.478840,51.211262,55.756264,55.358170
1,15.200000,1,2,1.478840,-0.248941,49.851936,55.600849,55.696796
2,15.400000,3,2,3.820360,-0.248941,52.106064,53.321888,54.327644
3,15.400000,3,4,3.820360,0.000000,50.006481,52.977089,54.124146
0,15.400000,0,1,0.000027,1.358180,58.131283,54.867805,55.557220
1,15.400000,1,2,1.358180,-0.248941,57.576893,55.342468,55.500305
2,15.600000,3,2,3.820361,-0.248941,55.630104,53.623749,54.327644
3,15.600000,3,4,3.820361,0.000000,59.191498,54.832123,54.124146
0,15.600000,0,1,0.000028,1.248403,57.695423,55.180565,55.735207
1,15.600000,1,2,1.248403,-0.248941,60.688293,54.738029,55.318398
2,15.800000,3,2,3.820361,-0.248940,56.880295,54.211380,54.327644
3,15.800000,3,4,3.820361,0.000000,49.533062,54.416096,54.124146
0,15.800000,0,1,0.000028,1.248403,61.486084,55.632206,55.735207
1,15.800000,1,2,1.248403,-0.248940,55.094940,54.840630,55.318398
2,16.000000,3,2,3.820361,-0.399456,54.809769,53.927177,54.048538
3,16.000000,3,4,3.820361,0.000000,53.009060,53.875004,54.124146
0,16.000000,0,1,0.000028,1.358003,57.163887,55.932648,55.557510
1,16.000000,1,2,1.358003,-0.399456,56.638607,55.250107,55.744587
2,16.200000,3,2,3.820362,-0.399456,52.807114,53.525738,54.048538
3,16.200000,3,4,3.820362,0.000000,54.166008,55.261021,54.124146
0,16.200000,0,1,0.000029,1.358004,58.347862,55.871613,55.557510
1,16.200000,1,2,1.358004,-0.399456,55.744106,56.544746,55.744587
2,16.400000,3,2,3.820362,-0.399456,56.309845,53.394928,54.048538
3,16.400000,3,4,3.820362,0.000000,52.089321,53.638409,54.124149
0,16.400000,0,1,0.000029,1.358004,59.069626,56.218727,55.557510
1,16.400000,1,2,1.358004,-0.399456,58.803242,56.179737,55.744587
2,16.600000,3,2,3.935988,-0.399455,47.547916,53.590733,53.829147
3,16.600000,3,4,3.935988,0.000000,50.637020,54.741749,54.337708
0,16.600000,0,1,0.000029,1.358005,61.348190,55.549229,55.557510
1,16.600000,1,2,1.358005,-0.399455,52.997402,55.271805,55.744587
2,16.800000,3,2,3.935988,-0.399455,53.975090,53.449932,53.829147
3,16.800000,3,4,3.935988,0.000000,57.436539,54.759975,54.337708
0,16.800000,0,1,0.000030,1.358005,57.682323,55.516083,55.557510
1,16.800000,1,2,1.358005,-0.399455,49.929150,55.183033,55.744587
2,17.000000,3,2,3.935989,-0.399455,54.616444,52.963539,53.829147
3,17.000000,3,4,3.935989,0.000000,50.862736,54.716507,54.337708
0,17.000000,0,1,0.000030,1.358005,53.000881,55.431087,55.557510
1,17.000000,1,2,1.358005,-0.399455,59.104046,54.919365,55.744587
2,17.200000,3,2,3.935989,-0.399454,49.878796,52.798771,53.829147
3,17.200000,3,4,3.935989,0.000000,54.977001,54.427673,54.337708
0,17.200000,0,1,0.000030,1.358006,60.771412,55.590748,55.557510
1,17.200000,1,2,1.358006,-0.399454,55.998531,54.603519,55.744587
2,17.400000,3,2,3.935989,-0.399454,55.120373,52.706821,53.829147
3,17.400000,3,4,3.935989,0.000000,51.163605,55.503120,54.337711
0,17.400000,0,1,0.000031,1.358006,50.543182,55.512123,55.557510
1,17.400000,1,2,1.358006,-0.399454,50.445278,54.671173,55.744587
2,17.600000,3,2,3.935990,-0.399454,55.835648,52.880383,53.829147
3,17.600000,3,4,3.935990,0.000000,54.848434,54.428307,54.337711
0,17.600000,0,1,0.000031,1.358006,53.851814,55.065441,55.557510
1,17.600000,1,2,1.358006,-0.399454,51.796299,54.640102,55.744587
2,17.800000,3,2,3.935990,-0.399453,55.939445,52.890160,53.829147
3,17.800000,3,4,3.935990,0.000000,49.455334,52.559883,54.337715
0,17.800000,0,1,0.000032,1.156611,62.183296,55.213898,55.881828
1,17.800000,1,2,1.156611,-0.399453,55.410870,55.002995,55.416080
2,18.000000,3,2,3.935991,-0.399453,53.934731,52.463013,53.829147
3,18.000000,3,4,3.935991,0.000000,55.621395,53.315704,54.337715
0,18.000000,0,1,0.000032,1.156612,54.799984,55.801903,55.881828
1,18.000000,1,2,1.156612,-0.399453,53.251060,55.296673,55.416080
2,18.200000,3,2,3.935991,-0.399452,52.855255,53.026085,53.829147
3,18.200000,3,4,3.935991,0.000000,50.559502,52.743149,54.337715
0,18.200000,0,1,0.000032,1.015874,58.885418,55.755589,56.102852
1,18.200000,1,2,1.015874,-0.399452,54.340565,54.669434,55.180466
2,18.400000,3,2,3.935991,-0.399452,54.746578,53.496670,53.829147
3,18.400000,3,4,3.935991,0.000000,52.438576,54.408169,54.337715
0,18.400000,0,1,0.000033,1.166121,57.028015,56.521637,55.866734
1,18.400000,1,2,1.166121,-0.399452,58.699070,54.483887,55.431816
2,18.600000,3,2,3.935992,-0.399452,55.742718,53.906998,53.829147
3,18.600000,3,4,3.935992,0.000000,52.377819,53.476528,54.337715
0,18.600000,0,1,0.000033,1.166121,55.447552,55.424419,55.866734
1,18.600000,1,2,1.166121,-0.399452,46.071266,54.118568,55.431816
2,18.800000,3,2,3.935992,-0.399451,48.980129,54.216015,53.829147
3,18.800000,3,4,3.935992,0.000000,52.310688,55.458740,54.337715
0,18.800000,0,1,0.000033,1.166121,57.101078,55.354668,55.866734
1,18.800000,1,2,1.166121,-0.399451,56.455109,54.600273,55.431816
2,19.000000,3,2,3.935992,-0.302932,53.151344,53.803379,54.012589
3,19.000000,3,4,3.935992,0.000000,51.930504,54.732246,54.337715
0,19.000000,0,1,0.000034,1.166122,51.252239,55.894142,55.866734
1,19.000000,1,2,1.166122,-0.302932,57.490993,54.694832,55.271019
2,19.200000,3,2,3.935993,-0.192438,54.321304,53.806805,54.218857
3,19.200000,3,4,3.935993,0.000000,54.267025,54.202953,54.337715
0,19.200000,0,1,0.000034,1.166122,55.240742,55.838577,55.866734
1,19.200000,1,2,1.166122,-0.192438,55.173828,54.531834,55.083969
2,19.400000,3,2,3.935993,-0.092033,54.964638,54.639061,54.402946
3,19.400000,3,4,3.935993,0.000000,49.436958,53.468994,54.337715
0,19.400000,0,1,0.000034,1.166122,55.415447,55.719803,55.866734
1,19.400000,1,2,1.166122,-0.092033,49.743385,54.652992,54.911156
2,19.600000,3,2,3.935993,0.045095,55.267746,54.909451,54.649433
3,19.600000,3,4,3.935993,0.000000,54.102234,53.951786,54.337715
0,19.600000,0,1,0.000035,1.166123,55.742470,55.271160,55.866734
1,19.600000,1,2,1.166123,0.045095,54.736153,54.508030,54.670609
2,19.800000,3,2,3.935994,-0.098320,58.331192,54.990433,54.391510
3,19.800000,3,4,3.935994,0.000000,55.499428,54.078896,54.337719
0,19.800000,0,1,0.000035,1.166123,50.924534,55.573524,55.866734
1,19.800000,1,2,1.166123,-0.098320,57.130215,54.486877,54.922062
2,20.000000,3,2,3.935994,-0.098320,54.882256,54.875278,54.391510
3,20.000000,3,4,3.935994,0.000000,52.476959,55.013779,54.337719
0,20.000000,0,1,0.000035,1.166123,51.774269,55.288380,55.866734
1,20.000000,1,2,1.166123,-0.098320,51.696278,55.603428,54.922062
2,20.200000,3,2,3.935994,-0.098319,55.210297,54.722374,54.391510
3,20.200000,3,4,3.935994,0.000000,53.968472,53.186333,54.337723
0,20.200000,0,1,0.000036,0.958868,56.320599,56.006401,56.191116
1,20.200000,1,2,0.958868,-0.098319,59.880947,55.678883,54.556774
2,20.400000,3,2,3.935995,-0.098319,56.274048,55.483833,54.391510
3,20.400000,3,4,3.935995,0.000000,49.990536,51.841331,54.337723
0,20.400000,0,1,0.000036,1.121700,59.196369,56.307945,55.937084
1,20.400000,1,2,1.121700,-0.098319,54.919453,55.359402,54.844795
2,20.600000,3,2,3.935995,-0.098319,51.923386,55.697968,54.391510
3,20.600000,3,4,3.935995,0.000000,53.756454,55.297832,54.337723
0,20.600000,0,1,0.000037,1.323063,53.946804,56.155151,55.614491
1,20.600000,1,2,1.323063,-0.098319,53.764832,55.849079,55.190712
2,20.800000,3,2,3.935996,-0.098318,48.207218,55.306591,54.391510
3,20.800000,3,4,3.935996,0.000000,49.974243,55.447510,54.337723
0,20.800000,0,1,0.000037,1.466364,57.383930,56.324581,55.378937
1,20.800000,1,2,1.466364,-0.098318,53.452911,55.464916,55.430344
2,21.000000,3,2,3.935996,0.011677,54.596844,55.276539,54.589874
3,21.000000,3,4,3.935996,0.000000,51.393948,55.184879,54.337723
0,21.000000,0,1,0.000037,1.466365,51.071331,56.671837,55.378937
1,21.000000,1,2,1.466365,0.011677,51.347076,55.851040,55.246880
2,21.200000,3,2,3.935996,0.011677,49.583515,54.776085,54.589874
3,21.200000,3,4,3.935996,0.000000,54.736221,54.758610,54.337723
0,21.200000,0,1,0.000038,1.466365,55.206707,56.147514,55.378937
1,21.200000,1,2,1.466365,0.011677,58.001053,55.326500,55.246880
2,21.400000,3,2,3.743379,-0.121161,54.210678,53.646973,54.696178
3,21.400000,3,4,3.743379,0.000000,57.321026,54.025394,53.979599
0,21.400000,0,1,0.000038,1.466365,53.835880,56.115940,55.378937
1,21.400000,1,2,1.466365,-0.121161,55.500992,54.956055,55.468060
2,21.600000,3,2,3.545743,-0.121161,52.724586,53.277237,55.040401
3,21.600000,3,4,3.545743,0.000000,51.121365,53.242153,53.599434
0,21.600000,0,1,0.000038,1.466366,56.431854,56.403408,55.378937
1,21.600000,1,2,1.466366,-0.121161,53.612984,55.249641,55.468060
2,21.800000,3,2,3.657025,-0.121160,57.684105,54.127262,54.847923
3,21.800000,3,4,3.657025,0.000000,52.261993,54.408974,53.815125
0,21.800000,0,1,0.000039,1.466366,55.912292,56.701550,55.378937
1,21.800000,1,2,1.466366,-0.121160,53.935825,55.764832,55.468060
2,22.000000,3,2,3.657026,-0.121160,54.545822,53.514088,54.847923
3,22.000000,3,4,3.657026,0.000000,54.846653,54.427681,53.815125
0,22.000000,0,1,0.000039,1.466366,53.568806,56.279755,55.378937
1,22.000000,1,2,1.466366,-0.121160,54.294048,55.239811,55.468060
2,22.200000,3,2,3.657026,-0.121160,54.753586,53.864639,54.847923
3,22.200000,3,4,3.657026,0.000000,52.110142,52.033836,53.815125
0,22.200000,0,1,0.000039,1.349979,59.023384,55.960789,55.570641
1,22.200000,1,2,1.349979,-0.121160,56.766705,55.140564,55.274521
2,22.400000,3,2,3.806770,-0.121159,55.567230,53.778172,54.583420
3,22.400000,3,4,3.806770,0.000000,48.863743,54.006416,54.098766
0,22.400000,0,1,0.000040,1.349980,48.481102,56.308872,55.570641
1,22.400000,1,2,1.349980,-0.121159,55.122494,54.536026,55.274521
2,22.600000,3,2,3.915573,0.040467,54.469254,53.354527,54.677464
3,22.600000,3,4,3.915573,0.000000,56.152283,53.973530,54.300308
0,22.600000,0,1,0.000040,1.459637,54.735611,56.196793,55.390114
1,22.600000,1,2,1.459637,0.040467,55.172752,55.664490,55.186974
2,22.800000,3,2,3.915573,0.040467,54.728031,54.043880,54.677464
3,22.800000,3,4,3.915573,0.000000,53.786537,52.856892,54.300308
0,22.800000,0,1,0.000040,1.459637,59.980724,56.129478,55.390114
1,22.800000,1,2,1.459637,0.040467,57.125782,55.140495,55.186974
2,23.000000,3,2,3.915574,0.040467,57.332043,54.164116,54.677464
3,23.000000,3,4,3.915574,0.000000,52.677223,54.097744,54.300308
0,23.000000,0,1,0.000041,1.459638,53.678448,56.119377,55.390114
1,23.000000,1,2,1.459638,0.040467,50.046288,54.500301,55.186974
2,23.200000,3,2,3.915574,0.040468,47.941994,54.123882,54.677464
3,23.200000,3,4,3.915574,0.000000,53.540821,52.771191,54.300308
0,23.200000,0,1,0.000041,1.459638,57.679523,55.213684,55.390114
1,23.200000,1,2,1.459638,0.040468,52.528313,54.712875,55.186974
2,23.400000,3,2,3.915574,-0.111877,54.201630,54.012989,54.403992
3,23.400000,3,4,3.915574,0.000000,52.318848,54.714211,54.300308
0,23.400000,0,1,0.000041,1.459638,56.242870,55.886143,55.390114
1,23.400000,1,2,1.459638,-0.111877,54.640297,54.241627,55.441639
2,23.600000,3,2,3.915575,0.008748,51.996807,53.710754,54.621086
3,23.600000,3,4,3.915575,0.000000,57.005592,54.745754,54.300308
0,23.600000,0,1,0.000042,1.459639,55.035603,55.392609,55.390114
1,23.600000,1,2,1.459639,0.008748,53.542587,55.229851,55.240494
2,23.800000,3,2,3.915575,0.157373,56.935429,53.723248,54.882744
3,23.800000,3,4,3.915575,0.000000,61.254829,53.422653,54.300308
0,23.800000,0,1,0.000042,1.459639,55.607960,55.885002,55.390114
1,23.800000,1,2,1.459639,0.157373,52.961079,55.049374,54.987419
2,24.000000,3,2,3.915576,0.157373,56.712063,54.324718,54.882744
3,24.000000,3,4,3.915576,0.000000,49.079731,55.912025,54.300308
0,24.000000,0,1,0.000043,1.459639,52.618900,56.847507,55.390114
1,24.000000,1,2,1.459639,0.157373,51.134731,54.779770,54.987419
2,24.200000,3,2,3.915576,0.157374,57.206917,54.493584,54.882744
3,24.200000,3,4,3.915576,0.000000,51.684654,54.033203,54.300308
0,24.200000,0,1,0.000043,1.459640,57.888977,56.692059,55.390114
1,24.200000,1,2,1.459640,0.157374,56.630371,54.066013,54.987419
2,24.400000,3,2,3.915576,0.157374,52.191814,54.519749,54.882744
3,24.400000,3,4,3.915576,0.000000,52.267128,55.071758,54.300312
0,24.400000,0,1,0.000043,1.644971,54.588917,56.767929,55.078011
1,24.400000,1,2,1.644971,0.157374,58.206718,54.313629,55.302094
2,24.600000,3,2,3.915576,0.287345,50.832932,54.955006,55.106499
3,24.600000,3,4,3.915576,0.000000,55.223862,53.875340,54.300312
0,24.600000,0,1,0.000044,1.644971,50.487068,56.114304,55.078011
1,24.600000,1,2,1.644971,0.287345,55.003136,53.965496,55.082375
2,24.800000,3,2,4.017606,0.287346,60.799191,55.086075,54.931236
3,24.800000,3,4,4.017606,0.000000,51.887253,53.976418,54.485970
0,24.800000,0,1,0.000044,1.644971,60.529881,56.310551,55.078011
1,24.800000,1,2,1.644971,0.287346,52.354866,53.610134,55.082375
2,25.000000,3,2,4.017607,0.287346,58.198898,54.180405,54.931236
3,25.000000,3,4,4.017607,0.000000,56.246723,53.489189,54.485970
0,25.000000,0,1,0.000044,1.751541,57.435875,56.399685,54.894402
1,25.000000,1,2,1.751541,0.287346,54.303535,53.984753,55.262859
2,25.200000,3,2,4.283621,0.287346,52.725483,54.459366,54.460518
3,25.200000,3,4,4.283621,0.000000,55.796623,54.771454,54.955589
0,25.200000,0,1,0.000045,1.917051,53.331863,55.558777,54.602936
1,25.200000,1,2,1.917051,0.287346,54.867256,54.188763,55.537354
2,25.400000,3,2,4.283621,0.287347,55.165695,53.681610,54.460518
3,25.400000,3,4,4.283621,0.000000,54.747498,55.937721,54.955589
0,25.400000,0,1,0.000045,1.917052,51.653500,54.733059,54.602936
1,25.400000,1,2,1.917052,0.287347,49.741539,55.083527,55.537354
2,25.600000,3,2,4.283622,0.287347,46.905323,53.268127,54.460518
3,25.600000,3,4,4.283622,0.000000,58.874985,54.883320,54.955589
0,25.600000,0,1,0.000045,1.808707,52.014755,54.882786,54.794613
1,25.600000,1,2,1.808707,0.287347,54.623726,54.812950,55.358452
2,25.800000,3,2,