2,0.200000,2,3,0.000000,0.000000,61.479061,NaN,60.000000
1,0.200000,2,1,0.000000,0.000000,59.789238,NaN,52.474251
0,0.200000,0,1,0.000000,0.000000,55.615864,NaN,57.577248
3,0.200000,3,4,0.000000,0.000000,41.832336,42.386650,42.529121
2,0.400000,2,3,-0.127198,0.300001,62.000530,NaN,59.525978
1,0.400000,2,1,-0.127198,0.156863,53.300106,NaN,53.074196
0,0.400000,0,1,0.000001,0.156863,57.414860,NaN,57.362244
3,0.400000,3,4,0.300001,0.000000,46.571102,43.921276,44.045746
2,0.600000,2,3,-0.127198,0.600001,56.827213,60.665897,59.180275
1,0.600000,2,1,-0.127198,0.291033,48.909580,52.270973,53.346436
0,0.600000,0,1,0.000001,0.291033,57.133572,58.871902,57.174904
3,0.600000,3,4,0.600001,0.000000,51.210152,45.704128,45.376335
2,0.800000,2,3,-0.264216,0.813047,56.562771,59.585480,58.762451
1,0.800000,2,1,-0.264216,0.422246,51.370743,54.350544,53.871052
0,0.800000,0,1,0.000001,0.422246,62.220634,57.643589,56.988518
3,0.800000,3,4,0.813047,0.000000,43.166039,45.475471,46.231133
2,1.000000,2,3,-0.264216,0.937307,58.501747,57.029022,58.610188
1,1.000000,2,1,-0.264216,0.589799,58.604179,53.950329,54.186344
0,1.000000,0,1,0.000002,0.589799,54.961872,57.563084,56.745750
3,1.000000,3,4,0.937307,0.000000,44.773212,46.313179,46.700298
2,1.200000,2,3,-0.426878,1.224046,62.373882,57.307590,58.040962
1,1.200000,2,1,-0.426878,0.589799,48.435371,53.855659,54.483917
0,1.200000,0,1,0.000002,0.589799,57.337589,57.446495,56.745750
3,1.200000,3,4,1.224046,0.000000,48.556087,48.322636,47.711327
2,1.400000,2,3,-0.613023,1.397527,54.495522,56.265953,57.562920
1,1.400000,2,1,-0.613023,0.793933,56.069176,54.369427,55.166294
0,1.400000,0,1,0.000002,0.793933,55.978920,57.586315,56.442459
3,1.400000,3,4,1.397527,0.000000,50.111359,49.286797,48.280243
2,1.600000,2,3,-0.613022,1.520696,58.015041,55.988075,57.394238
1,1.600000,2,1,-0.613022,0.793934,55.192425,55.327309,55.166294
0,1.600000,0,1,0.000003,0.793934,58.136402,57.200748,56.442459
3,1.600000,3,4,1.520696,0.000000,45.446537,47.695866,48.666801
2,1.800000,2,3,-0.613022,1.622960,57.797249,55.682373,57.252167
1,1.800000,2,1,-0.613022,0.793934,55.570415,54.936958,55.166294
0,1.800000,0,1,0.000003,0.793934,62.789623,56.587749,56.442459
3,1.800000,3,4,1.622960,0.000000,49.062611,49.869667,48.977615
2,2.000000,2,3,-0.613022,1.844913,57.554432,55.978054,56.937256
1,2.000000,2,1,-0.613022,0.793934,56.073151,54.337624,55.166294
0,2.000000,0,1,0.000004,0.793934,56.112839,56.015648,56.442459
3,2.000000,3,4,1.844913,0.000000,50.106697,48.697598,49.623077
2,2.200000,2,3,-0.613021,1.844914,58.136642,55.238636,56.937256
1,2.200000,2,1,-0.613021,0.793935,51.454414,54.274345,55.166294
0,2.200000,0,1,0.000004,0.793935,60.425838,56.492966,56.442459
3,2.200000,3,4,1.844914,0.000000,47.463577,50.633717,49.623077
2,2.400000,2,3,-0.613021,2.070690,53.853531,56.113953,56.607269
1,2.400000,2,1,-0.613021,0.793935,53.221306,53.846985,55.166294
0,2.400000,0,1,0.000004,0.793935,59.130928,56.283333,56.442459
3,2.400000,3,4,2.070690,0.000000,52.279732,50.631958,50.242516
2,2.600000,2,3,-0.613021,2.197343,50.689301,55.364731,56.417671
1,2.600000,2,1,-0.613021,0.632416,55.333076,53.713387,54.889069
0,2.600000,0,1,0.000005,0.632416,56.126667,56.631130,56.683136
3,2.600000,3,4,2.197343,0.000000,48.699589,50.511829,50.575127
2,2.800000,2,3,-0.613020,2.197344,59.796326,55.371861,56.417671
1,2.800000,2,1,-0.613020,0.632417,54.274097,54.524956,54.889069
0,2.800000,0,1,0.000005,0.632417,58.285004,57.182076,56.683136
3,2.800000,3,4,2.197344,0.000000,52.976727,49.423111,50.575127
2,3.000000,2,3,-0.613020,2.197344,62.645077,55.459549,56.417671
1,3.000000,2,1,-0.613020,0.632417,55.176907,54.833172,54.889069
0,3.000000,0,1,0.000005,0.632417,55.836105,57.167938,56.683136
3,3.000000,3,4,2.197344,0.000000,50.910069,50.080597,50.575130
2,3.200000,2,3,-0.720582,2.197344,54.484543,56.140476,56.254013
1,3.200000,2,1,-0.720582,0.632417,58.431976,54.714085,55.074471
0,3.200000,0,1,0.000006,0.632417,55.027245,57.299946,56.683136
3,3.200000,3,4,2.197344,0.000000,49.694153,51.337418,50.575130
2,3.400000,2,3,-0.848064,2.495444,55.529305,56.515369,55.581135
1,3.400000,2,1,-0.848064,0.632418,58.545986,55.244568,55.290184
0,3.400000,0,1,0.000006,0.632418,59.326351,56.825726,56.683136
3,3.400000,3,4,2.495444,0.000000,52.221844,51.151329,51.319984
2,3.600000,2,3,-0.848063,2.701415,53.986725,55.181805,55.239872
1,3.600000,2,1,-0.848063,0.483984,49.980316,55.229198,55.038605
0,3.600000,0,1,0.000006,0.483984,51.929882,57.181858,56.899704
3,3.600000,3,4,2.701415,0.000000,50.289547,51.765343,51.806324
2,3.800000,2,3,-0.848063,2.701415,52.143818,54.937500,55.239872
1,3.800000,2,1,-0.848063,0.483985,61.496975,55.370209,55.038605
0,3.800000,0,1,0.000007,0.483985,54.499519,56.797211,56.899704
3,3.800000,3,4,2.701415,0.000000,51.483448,51.228912,51.806324
2,4.000000,2,3,-0.974911,2.701416,51.026863,54.784336,55.024235
1,4.000000,2,1,-0.974911,0.618886,52.703583,54.734451,55.478390
0,4.000000,0,1,0.000007,0.618886,58.250160,56.608768,56.703056
3,4.000000,3,4,2.701416,0.000000,50.364510,53.227947,51.806328
2,4.200000,2,3,-0.974911,2.840415,53.828541,54.334835,54.782921
1,4.200000,2,1,-0.974911,0.778027,52.380821,55.376995,55.737320
0,4.200000,0,1,0.000007,0.778027,58.681259,56.345299,56.466408
3,4.200000,3,4,2.840415,0.000000,51.242748,52.135654,52.122639
2,4.400000,2,3,-0.777912,2.998349,55.915260,53.423820,54.851284
1,4.400000,2,1,-0.777912,0.778027,54.123367,55.906082,55.415874
0,4.400000,0,1,0.000008,0.778027,57.943974,55.248177,56.466408
3,4.400000,3,4,2.998349,0.000000,54.598560,51.924755,52.471207
2,4.600000,2,3,-0.777912,2.998349,59.524963,53.568768,54.851284
1,4.600000,2,1,-0.777912,0.778028,60.004601,55.348804,55.415874
0,4.600000,0,1,0.000008,0.778028,52.660912,55.161465,56.466408
3,4.600000,3,4,2.998349,0.000000,54.643276,51.719032,52.471207
2,4.800000,2,3,-0.661265,2.998350,52.572056,54.293758,55.052891
1,4.800000,2,1,-0.661265,0.778028,60.293839,54.599609,55.220955
0,4.800000,0,1,0.000008,0.778028,52.186378,55.117416,56.466408
3,4.800000,3,4,2.998350,0.000000,52.446903,52.372631,52.471207
2,5.000000,2,3,-0.661265,2.998350,52.025391,54.331917,55.052891
1,5.000000,2,1,-0.661265,0.778028,51.692780,53.936237,55.220955
0,5.000000,0,1,0.000009,0.778028,56.592312,55.025585,56.466408
3,5.000000,3,4,2.998350,0.000000,49.338161,51.809845,52.471207
2,5.200000,2,3,-0.552267,3.248284,54.268497,54.975330,54.808826
1,5.200000,2,1,-0.552267,0.778029,57.411144,54.498337,55.035599
0,5.200000,0,1,0.000009,0.778029,59.096207,55.521244,56.466408
3,5.200000,3,4,3.248284,0.000000,52.641426,52.433216,53.000923
2,5.400000,2,3,-0.552267,3.248285,60.232147,54.820560,54.808826
1,5.400000,2,1,-0.552267,0.957890,55.262878,55.089443,55.339787
0,5.400000,0,1,0.000010,0.957890,57.036900,55.607849,56.192585
3,5.400000,3,4,3.248285,0.000000,54.740158,53.117283,53.000923
2,5.600000,2,3,-0.414614,3.248285,61.752735,55.581142,55.047264
1,5.600000,2,1,-0.414614,1.106888,59.441185,55.611870,55.358688
0,5.600000,0,1,0.000010,1.106888,53.035683,55.274956,55.960400
3,5.600000,3,4,3.248285,0.000000,51.868973,52.633030,53.000923
2,5.800000,2,3,-0.414614,3.248286,53.148460,55.415485,55.047264
1,5.800000,2,1,-0.414614,1.106888,57.703957,55.667778,55.358688
0,5.800000,0,1,0.000010,1.106888,62.260174,55.275719,55.960400
3,5.800000,3,4,3.248286,0.000000,48.276672,53.960262,53.000927
2,6.000000,2,3,-0.414613,3.248286,59.504265,55.177643,55.047264
1,6.000000,2,1,-0.414613,1.106889,53.504471,55.396465,55.358688
0,6.000000,0,1,0.000011,1.106889,50.546947,55.242302,55.960400
3,6.000000,3,4,3.248286,0.000000,49.737614,52.314934,53.000927
2,6.200000,2,3,-0.414613,3.248286,56.064457,55.348202,55.047264
1,6.200000,2,1,-0.414613,1.106889,60.294632,55.349926,55.358688
0,6.200000,0,1,0.000011,1.106889,58.755081,54.761559,55.960400
3,6.200000,3,4,3.248286,0.000000,50.730000,54.290085,53.000927
2,6.400000,2,3,-0.414613,3.248286,52.892757,55.543640,55.047264
1,6.400000,2,1,-0.414613,1.106889,54.598820,54.445950,55.358688
0,6.400000,0,1,0.000011,1.106889,56.861164,54.430531,55.960400
3,6.400000,3,4,3.248286,0.000000,53.236343,52.909061,53.000931
2,6.600000,2,3,-0.317129,3.248287,52.449459,55.988846,55.213013
1,6.600000,2,1,-0.317129,1.106890,56.363888,54.194366,55.195168
0,6.600000,0,1,0.000012,1.106890,55.188732,54.114449,55.960400
3,6.600000,3,4,3.248287,0.000000,49.600094,52.677868,53.000931
2,6.800000,2,3,-0.317129,3.105571,54.644222,55.094051,55.451195
1,6.800000,2,1,-0.317129,1.106890,56.012566,53.739105,55.195168
0,6.800000,0,1,0.000012,1.106890,56.264717,54.557072,55.960400
3,6.800000,3,4,3.105571,0.000000,51.954296,52.446697,52.701622
2,7.000000,2,3,-0.317128,3.105571,46.133430,55.850876,55.451195
1,7.000000,2,1,-0.317128,1.261551,50.890541,54.640423,55.453468
0,7.000000,0,1,0.000012,1.261551,57.528515,54.805244,55.714020
3,7.000000,3,4,3.105571,0.000000,48.319977,52.117290,52.701626
2,7.200000,2,3,-0.317128,3.105571,59.418468,55.840675,55.451195
1,7.200000,2,1,-0.317128,1.261551,56.205456,55.172287,55.453468
0,7.200000,0,1,0.000013,1.261551,49.023994,54.854813,55.714020
3,7.200000,3,4,3.105571,0.000000,52.885834,52.614906,52.701626
2,7.400000,2,3,-0.317128,3.105572,56.786823,55.688797,55.451195
1,7.400000,2,1,-0.317128,1.127025,57.068878,54.726173,55.229145
0,7.400000,0,1,0.000013,1.127025,57.956654,54.876041,55.928642
3,7.400000,3,4,3.105572,0.000000,52.068775,52.337925,52.701626
2,7.600000,2,3,-0.317127,3.247250,53.035786,55.122822,55.214764
1,7.600000,2,1,-0.317127,1.270951,53.769627,54.402195,55.468971
0,7.600000,0,1,0.000013,1.270951,58.117054,55.435490,55.698864
3,7.600000,3,4,3.247250,0.000000,51.152561,52.668018,52.998783
2,7.800000,2,3,-0.317127,3.372014,53.332710,55.554653,55.002213
1,7.800000,2,1,-0.317127,1.270952,56.659702,54.720882,55.468971
0,7.800000,0,1,0.000014,1.270952,55.347324,54.514877,55.698864
3,7.800000,3,4,3.372014,0.000000,47.693867,53.022854,53.253899
2,8.000000,2,3,-0.317126,3.372015,51.191570,55.271439,55.002213
1,8.000000,2,1,-0.317126,1.270952,59.024338,53.878212,55.468971
0,8.000000,0,1,0.000014,1.270952,58.390259,54.963020,55.698864
3,8.000000,3,4,3.372015,0.000000,53.528744,53.953255,53.253899
2,8.200000,2,3,-0.317126,3.219060,52.519901,55.793720,55.262222
1,8.200000,2,1,-0.317126,1.270952,49.284332,54.494732,55.468971
0,8.200000,0,1,0.000015,1.270952,52.368530,54.371502,55.698864
3,8.200000,3,4,3.219060,0.000000,56.558990,53.154640,52.940304
2,8.400000,2,3,-0.317126,3.219060,53.754467,55.930183,55.262222
1,8.400000,2,1,-0.317126,1.270953,56.554394,54.370247,55.468971
0,8.400000,0,1,0.000015,1.270953,54.598366,55.002991,55.698864
3,8.400000,3,4,3.219060,0.000000,53.849953,52.655815,52.940304
2,8.600000,2,3,-0.317125,3.219061,60.865410,55.313847,55.262222
1,8.600000,2,1,-0.317125,1.270953,50.685356,55.108677,55.468971
0,8.600000,0,1,0.000015,1.270953,55.322754,55.192787,55.698864
3,8.600000,3,4,3.219061,0.000000,53.544292,54.467171,52.940304
2,8.800000,2,3,-0.317125,3.219061,54.131718,54.643616,55.262222
1,8.800000,2,1,-0.317125,1.270953,53.999981,55.191402,55.468971
0,8.800000,0,1,0.000016,1.270953,54.691700,55.457748,55.698864
3,8.800000,3,4,3.219061,0.000000,52.913795,53.517471,52.940308
2,9.000000,2,3,-0.317125,3.219062,55.836754,55.020039,55.262222
1,9.000000,2,1,-0.317125,1.270954,56.577492,55.342869,55.468971
0,9.000000,0,1,0.000016,1.270954,54.683643,55.881821,55.698864
3,9.000000,3,4,3.219062,0.000000,52.846992,53.707001,52.940308
2,9.200000,2,3,-0.317124,3.219062,52.906578,55.338566,55.262222
1,9.200000,2,1,-0.317124,1.270954,57.508121,55.214191,55.468971
0,9.200000,0,1,0.000016,1.270954,53.545788,56.134602,55.698864
3,9.200000,3,4,3.219062,0.000000,52.883602,52.508530,52.940308
2,9.400000,2,3,-0.317124,3.219062,58.835533,54.776066,55.262222
1,9.400000,2,1,-0.317124,1.380499,53.525120,54.540077,55.648018
0,9.400000,0,1,0.000017,1.380499,57.221325,56.619911,55.520660
3,9.400000,3,4,3.219062,0.000000,53.742599,53.870064,52.940308
2,9.600000,2,3,-0.456853,3.340158,53.769218,54.012356,54.815025
1,9.600000,2,1,-0.456853,1.256235,56.045357,54.744835,55.673058
0,9.600000,0,1,0.000017,1.256235,53.116177,55.415382,55.722588
3,9.600000,3,4,3.340158,0.000000,50.629128,52.388802,53.189323
2,9.800000,2,3,-0.456853,3.340158,55.696709,53.412975,54.815025
1,9.800000,2,1,-0.456853,1.082057,55.317547,54.649464,55.387634
0,9.800000,0,1,0.000017,1.082057,59.211277,55.518467,55.999451
3,9.800000,3,4,3.340158,0.000000,55.863884,53.301529,53.189323
2,10.000000,2,3,-0.456853,3.340159,54.397598,53.905933,54.815025
1,10.000000,2,1,-0.456853,1.082058,59.272972,55.183098,55.387634
0,10.000000,0,1,0.000018,1.082058,56.758980,55.844250,55.999451
3,10.000000,3,4,3.340159,0.000000,53.619682,53.321114,53.189327
2,10.200000,2,3,-0.456852,3.340159,50.643948,53.667542,54.815025
1,10.200000,2,1,-0.456852,1.082058,57.874676,54.581821,55.387634
0,10.200000,0,1,0.000018,1.082058,59.325943,56.652367,55.999451
3,10.200000,3,4,3.340159,0.000000,51.479347,52.662884,53.189327
2,10.400000,2,3,-0.456852,3.340159,56.194935,53.952099,54.815025
1,10.400000,2,1,-0.456852,1.082058,55.439934,55.103100,55.387634
0,10.400000,0,1,0.000018,1.082058,57.664249,56.592930,55.999451
3,10.400000,3,4,3.340159,0.000000,50.946854,51.733269,53.189331
2,10.600000,2,3,-0.456852,3.340160,55.470028,54.226498,54.815025
1,10.600000,2,1,-0.456852,1.082059,53.532307,54.966915,55.387634
0,10.600000,0,1,0.000019,1.082059,57.047688,56.720055,55.999451
3,10.600000,3,4,3.340160,0.000000,48.344875,52.702415,53.189331
2,10.800000,2,3,-0.456851,3.340160,55.815765,54.448895,54.815025
1,10.800000,2,1,-0.456851,1.082059,58.384048,55.623207,55.387634
0,10.800000,0,1,0.000019,1.082059,62.400074,56.706047,55.999451
3,10.800000,3,4,3.340160,0.000000,52.393826,52.838039,53.189331
2,11.000000,2,3,-0.456851,3.340160,50.277111,54.262081,54.815025
1,11.000000,2,1,-0.456851,1.082059,56.229855,55.942333,55.387634
0,11.000000,0,1,0.000019,1.082059,51.889664,56.217712,55.999451
3,11.000000,3,4,3.340160,0.000000,57.321564,53.783867,53.189331
2,11.200000,2,3,-0.456850,3.340161,54.146622,54.779701,54.815025
1,11.200000,2,1,-0.456850,1.082060,50.950230,55.651943,55.387634
0,11.200000,0,1,0.000020,1.082060,62.243706,55.698967,55.999451
3,11.200000,3,4,3.340161,0.000000,52.871544,54.522148,53.189331
2,11.400000,2,3,-0.456850,3.340161,52.055885,54.707645,54.815025
1,11.400000,2,1,-0.456850,1.082060,56.852028,55.301262,55.387634
0,11.400000,0,1,0.000020,1.082060,52.636200,55.064285,55.999451
3,11.400000,3,4,3.340161,0.000000,54.489285,53.822670,53.189331
2,11.600000,2,3,-0.456850,3.440483,57.919498,55.522854,54.637993
1,11.600000,2,1,-0.456850,1.082060,57.808830,56.026955,55.387634
0,11.600000,0,1,0.000021,1.082060,56.185139,54.159466,55.999451
3,11.600000,3,4,3.440483,0.000000,56.177311,53.124714,53.391392
2,11.800000,2,3,-0.456849,3.440483,49.416599,55.609402,54.637993
1,11.800000,2,1,-0.456849,1.082061,58.408882,55.880283,55.387634
0,11.800000,0,1,0.000021,1.082061,55.441433,54.405998,55.999451
3,11.800000,3,4,3.440483,0.000000,52.595837,52.450027,53.391396
2,12.000000,2,3,-0.355183,3.440484,54.881420,55.262070,54.817375
1,12.000000,2,1,-0.355183,1.082061,57.808453,55.764359,55.217499
0,12.000000,0,1,0.000021,1.082061,56.332306,54.991245,55.999451
3,12.000000,3,4,3.440484,0.000000,57.590164,52.480236,53.391396
2,12.200000,2,3,-0.355183,3.440484,49.999981,55.374870,54.817375
1,12.200000,2,1,-0.355183,1.082062,53.504066,54.870872,55.217499
0,12.200000,0,1,0.000022,1.082062,52.593304,55.465088,55.999451
3,12.200000,3,4,3.440484,0.000000,53.070366,53.503971,53.391396
2,12.400000,2,3,-0.355182,3.545461,53.832817,54.872608,54.632103
1,12.400000,2,1,-0.355182,1.341947,56.503124,55.780437,55.647217
0,12.400000,0,1,0.000022,1.341947,53.372551,55.437775,55.583717
3,12.400000,3,4,3.545461,0.000000,56.832581,54.632477,53.598877
2,12.600000,2,3,-0.355182,3.545461,51.469429,54.524605,54.632103
1,12.600000,2,1,-0.355182,1.341947,56.323620,55.930786,55.647217
0,12.600000,0,1,0.000022,1.341947,57.545502,54.723804,55.583717
3,12.600000,3,4,3.545461,0.000000,56.811550,53.952591,53.598881
2,12.800000,2,3,-0.473795,3.545462,47.716763,54.154022,54.418880
1,12.800000,2,1,-0.473795,1.341948,51.253342,56.062099,55.837830
0,12.800000,0,1,0.000023,1.341948,50.594093,54.637455,55.583717
3,12.800000,3,4,3.545462,0.000000,46.611313,53.504757,53.598881
2,13.000000,2,3,-0.473794,3.545462,56.602470,54.708599,54.418880
1,13.000000,2,1,-0.473794,1.510862,54.711720,56.830982,56.103626
0,13.000000,0,1,0.000023,1.510862,60.400463,54.230663,55.304714
3,13.000000,3,4,3.545462,0.000000,57.242908,54.276443,53.598885
2,13.200000,2,3,-0.370053,3.545462,53.315910,54.609398,54.605595
1,13.200000,2,1,-0.370053,1.510862,59.152016,57.116032,55.941154
0,13.200000,0,1,0.000023,1.510862,56.946232,53.300564,55.304714
3,13.200000,3,4,3.545462,0.000000,50.292881,54.963562,53.598885
2,13.400000,2,3,-0.370053,3.545463,54.137924,54.466434,54.605595
1,13.400000,2,1,-0.370053,1.510863,56.269302,56.190186,55.941154
0,13.400000,0,1,0.000024,1.510863,55.156784,53.462749,55.304714
3,13.400000,3,4,3.545463,0.000000,51.414677,53.985981,53.598885
2,13.600000,2,3,-0.370053,3.545463,59.298759,54.478115,54.605595
1,13.600000,2,1,-0.370053,1.510863,52.823410,56.195370,55.941154
0,13.600000,0,1,0.000024,1.510863,57.231960,54.415283,55.304714
3,13.600000,3,4,3.545463,0.000000,54.791714,52.897659,53.598885
2,13.800000,2,3,-0.370052,3.545463,53.370819,53.929192,54.605595
1,13.800000,2,1,-0.370052,1.510864,53.287178,55.910522,55.941154
0,13.800000,0,1,0.000024,1.510864,53.404137,54.356907,55.304714
3,13.800000,3,4,3.545463,0.000000,58.925228,53.799591,53.598885
2,14.000000,2,3,-0.370052,3.545464,51.864384,53.603031,54.605595
1,14.000000,2,1,-0.370052,1.510864,59.357452,55.188534,55.941154
0,14.000000,0,1,0.000025,1.510864,55.223129,54.445854,55.304714
3,14.000000,3,4,3.545464,0.000000,51.268692,54.402771,53.598885
2,14.200000,2,3,-0.370052,3.325115,56.225300,54.312870,54.991840
1,14.200000,2,1,-0.370052,1.510864,56.675808,55.273155,55.941154
0,14.200000,0,1,0.000025,1.510864,55.581863,54.185036,55.304714
3,14.200000,3,4,3.325115,0.000000,57.077579,52.092518,53.158699
2,14.400000,2,3,-0.370051,3.325115,49.571922,54.984753,54.991840
1,14.400000,2,1,-0.370051,1.510865,54.982437,55.784451,55.941154
0,14.400000,0,1,0.000026,1.510865,58.177418,54.583096,55.304714
3,14.400000,3,4,3.325115,0.000000,54.091824,51.845070,53.158699
2,14.600000,2,3,-0.370051,3.210969,54.616631,55.207058,55.186649
1,14.600000,2,1,-0.370051,1.510865,49.328316,56.672340,55.941154
0,14.600000,0,1,0.000026,1.510865,57.365620,55.249634,55.304714
3,14.600000,3,4,3.210969,0.000000,49.817928,52.418640,52.923462
2,14.800000,2,3,-0.370050,3.424814,56.678749,55.838428,54.818779
1,14.800000,2,1,-0.370050,1.510865,54.424343,57.431255,55.941154
0,14.800000,0,1,0.000026,1.510865,50.100292,55.297436,55.304714
3,14.800000,3,4,3.424814,0.000000,53.230358,53.973564,53.360081
2,15.000000,2,3,-0.370050,3.424814,58.324055,55.606186,54.818779
1,15.000000,2,1,-0.370050,1.510866,60.131691,57.118458,55.941154
0,15.000000,0,1,0.000027,1.510866,56.812759,55.407475,55.304714
3,15.000000,3,4,3.424814,0.000000,53.466297,52.727726,53.360081
2,15.200000,2,3,-0.370050,3.589041,54.806557,55.642353,54.527557
1,15.200000,2,1,-0.370050,1.510866,57.265049,56.629379,55.941154
0,15.200000,0,1,0.000027,1.510866,59.382629,55.554913,55.304714
3,15.200000,3,4,3.589041,0.000000,52.004269,54.487156,53.683865
2,15.400000,2,3,-0.465346,3.589041,56.586365,54.590347,54.354916
1,15.400000,2,1,-0.465346,1.370924,53.218388,55.837746,55.870480
0,15.400000,0,1,0.000027,1.370924,55.261436,55.582527,55.536369
3,15.400000,3,4,3.589041,0.000000,54.887978,53.617329,53.683865
2,15.600000,2,3,-0.465345,3.589042,48.353745,54.615143,54.354916
1,15.600000,2,1,-0.465345,1.482485,58.219582,56.381252,56.046230
0,15.600000,0,1,0.000028,1.482485,53.229694,55.497421,55.352097
3,15.600000,3,4,3.589042,0.000000,50.069462,52.795879,53.683865
2,15.800000,2,3,-0.465345,3.589042,58.841129,54.632618,54.354916
1,15.800000,2,1,-0.465345,1.347300,58.431984,56.419178,55.832893
0,15.800000,0,1,0.000028,1.347300,53.577171,55.367428,55.574993
3,15.800000,3,4,3.589042,0.000000,54.971378,53.960182,53.683868
2,16.000000,2,3,-0.465345,3.589042,56.853348,55.067703,54.354916
1,16.000000,2,1,-0.465345,1.347301,53.019188,56.117027,55.832893
0,16.000000,0,1,0.000028,1.347301,55.547825,55.592457,55.574993
3,16.000000,3,4,3.589042,0.000000,52.646503,53.101994,53.683868
2,16.200000,2,3,-0.465344,3.462201,55.592121,55.213478,54.584106
1,16.200000,2,1,-0.465344,1.347301,58.306927,56.249947,55.832893
0,16.200000,0,1,0.000029,1.347301,48.400497,55.357494,55.574993
3,16.200000,3,4,3.462201,0.000000,54.784470,53.874390,53.434647
2,16.400000,2,3,-0.465344,3.462201,53.040981,56.302265,54.584106
1,16.400000,2,1,-0.465344,1.347301,54.656055,56.472439,55.832893
0,16.400000,0,1,0.000029,1.347301,56.323189,54.958385,55.574993
3,16.400000,3,4,3.462201,0.000000,58.426575,53.233482,53.434647
2,16.600000,2,3,-0.465344,3.462202,52.038670,55.609299,54.584106
1,16.600000,2,1,-0.465344,1.347302,54.825356,56.323570,55.832893
0,16.600000,0,1,0.000029,1.347302,57.769321,54.263374,55.574993
3,16.600000,3,4,3.462202,0.000000,53.279495,54.664429,53.434647
2,16.800000,2,3,-0.359937,3.462202,53.123436,55.217438,54.770950
1,16.800000,2,1,-0.359937,1.347302,59.504749,56.429688,55.663597
0,16.800000,0,1,0.000030,1.347302,53.634518,54.441158,55.574993
3,16.800000,3,4,3.462202,0.000000,45.962311,52.599430,53.434647
2,17.000000,2,3,-0.191004,3.462202,55.457481,55.370396,55.063858
1,17.000000,2,1,-0.191004,1.347302,59.882111,56.635662,55.386631
0,17.000000,0,1,0.000030,1.347302,52.983517,53.916889,55.574993
3,17.000000,3,4,3.462202,0.000000,53.437336,54.301971,53.434647
2,17.200000,2,3,-0.191004,3.341322,55.071941,55.593468,55.268703
1,17.200000,2,1,-0.191004,1.483642,62.048172,56.280994,55.610706
0,17.200000,0,1,0.000030,1.483642,58.166397,54.790028,55.350174
3,17.200000,3,4,3.341322,0.000000,52.737000,52.835850,53.191692
2,17.400000,2,3,-0.349724,3.341322,48.809212,56.313789,54.998932
1,17.400000,2,1,-0.349724,1.483643,56.851650,56.527626,55.865868
0,17.400000,0,1,0.000031,1.483643,52.088394,54.603512,55.350174
3,17.400000,3,4,3.341322,0.000000,57.928677,52.860851,53.191692
2,17.600000,2,3,-0.542297,3.341323,55.055119,55.605854,54.662361
1,17.600000,2,1,-0.542297,1.483643,55.971775,57.132240,56.167610
0,17.600000,0,1,0.000031,1.483643,57.787117,54.108532,55.350174
3,17.600000,3,4,3.341323,0.000000,51.670261,54.879135,53.191692
2,17.800000,2,3,-0.419569,3.341323,52.517197,54.871948,54.878063
1,17.800000,2,1,-0.419569,1.483643,53.513515,56.964317,55.976280
0,17.800000,0,1,0.000032,1.483643,52.271969,54.440254,55.350174
3,17.800000,3,4,3.341323,0.000000,53.729065,53.872150,53.191696
2,18.000000,2,3,-0.419568,3.470470,54.255489,55.493950,54.650963
1,18.000000,2,1,-0.419568,1.483644,50.695660,56.441269,55.976280
0,18.000000,0,1,0.000032,1.483644,57.999737,54.710777,55.350174
3,18.000000,3,4,3.470470,0.000000,56.117294,52.824261,53.451065
2,18.200000,2,3,-0.419568,3.470470,59.111572,55.157837,54.650963
1,18.200000,2,1,-0.419568,1.600908,58.158993,56.728111,56.159164
0,18.200000,0,1,0.000032,1.600908,54.380482,54.937019,55.153015
3,18.200000,3,4,3.470470,0.000000,50.874672,54.234219,53.451065
2,18.400000,2,3,-0.320259,3.641918,50.670879,54.699192,54.522011
1,18.400000,2,1,-0.320259,1.719283,57.937508,57.410740,56.188606
0,18.400000,0,1,0.000033,1.719283,51.736847,54.181068,54.950287
3,18.400000,3,4,3.641918,0.000000,51.091423,52.840294,53.786095
2,18.600000,2,3,-0.184479,3.641919,55.089588,54.845325,54.763466
1,18.600000,2,1,-0.184479,1.719283,58.502453,57.383999,55.977142
0,18.600000,0,1,0.000033,1.719283,54.982773,53.895851,54.950287
3,18.600000,3,4,3.641919,0.000000,51.723846,53.612080,53.786095
2,18.800000,2,3,-0.184479,3.641919,53.833080,54.876266,54.763466
1,18.800000,2,1,-0.184479,1.615039,56.502697,56.356102,55.811951
0,18.800000,0,1,0.000033,1.615039,51.872555,54.134548,55.129013
3,18.800000,3,4,3.641919,0.000000,54.388561,54.792965,53.786095
2,19.000000,2,3,-0.184478,3.641920,47.786388,54.839458,54.763466
1,19.000000,2,1,-0.184478,1.821443,58.001373,56.743286,56.136631
0,19.000000,0,1,0.000034,1.821443,55.540928,54.807163,54.772236
3,19.000000,3,4,3.641920,0.000000,55.054821,53.506252,53.786095
2,19.200000,2,3,-0.184478,3.641920,49.141438,54.637260,54.763466
1,19.200000,2,1,-0.184478,1.645097,57.406925,55.811115,55.859840
0,19.200000,0,1,0.000034,1.645097,57.790821,55.056789,55.077782
3,19.200000,3,4,3.641920,0.000000,54.575836,54.028061,53.786095
2,19.400000,2,3,-0.184478,3.641920,56.311161,55.188286,54.763466
1,19.400000,2,1,-0.184478,1.645097,50.885956,54.921684,55.859840
0,19.400000,0,1,0.000034,1.645097,56.755253,54.894638,55.077782
3,19.400000,3,4,3.641920,0.000000,53.234715,54.231636,53.786095
2,19.600000,2,3,-0.184477,3.641921,55.291401,55.513565,54.763466
1,19.600000,2,1,-0.184477,1.645097,57.698780,55.492867,55.859840
0,19.600000,0,1,0.000035,1.645097,53.367584,53.731487,55.077782
3,19.600000,3,4,3.641921,0.000000,53.075153,53.124313,53.786098
2,19.800000,2,3,-0.184477,3.641921,55.974529,55.536350,54.763466
1,19.800000,2,1,-0.184477,1.539150,58.200478,55.916424,55.690090
0,19.800000,0,1,0.000035,1.539150,54.717079,54.366138,55.257301
3,19.800000,3,4,3.641921,0.000000,50.317097,53.785667,53.786098
2,20.000000,2,3,-0.184477,3.641921,54.453438,55.225643,54.763466
1,20.000000,2,1,-0.184477,1.539151,56.505463,55.798836,55.690090
0,20.000000,0,1,0.000035,1.539151,52.879890,54.764095,55.257301
3,20.000000,3,4,3.641921,0.000000,55.030678,54.139427,53.786098
2,20.200000,2,3,-0.184476,3.641922,57.352337,55.619900,54.763466
1,20.200000,2,1,-0.184476,1.539151,54.307678,55.574917,55.690090
0,20.200000,0,1,0.000036,1.539151,56.695629,54.444839,55.257301
3,20.200000,3,4,3.641922,0.000000,56.308510,53.940464,53.786102
2,20.400000,2,3,-0.084642,3.641922,52.886127,55.458725,54.937637
1,20.400000,2,1,-0.084642,1.539151,59.761955,55.887581,55.527672
0,20.400000,0,1,0.000036,1.539151,52.476921,54.618103,55.257301
3,20.400000,3,4,3.641922,0.000000,47.968925,54.987461,53.786102
2,20.600000,2,3,-0.084641,3.641922,47.795128,55.715500,54.937637
1,20.600000,2,1,-0.084641,1.539152,58.240585,56.027065,55.527672
0,20.600000,0,1,0.000037,1.539152,56.423065,54.846664,55.257301
3,20.600000,3,4,3.641922,0.000000,51.967506,53.360226,53.786102
2,20.800000,2,3,-0.084641,3.641923,56.180756,55.400372,54.937637
1,20.800000,2,1,-0.084641,1.539152,57.810680,56.249718,55.527672
0,20.800000,0,1,0.000037,1.539152,57.721279,54.819546,55.257301
3,20.800000,3,4,3.641923,0.000000,52.698029,53.941769,53.786102
2,21.000000,2,3,-0.206019,3.641923,52.162712,55.977436,54.725510
1,21.000000,2,1,-0.206019,1.539153,53.037052,56.225246,55.724823
0,21.000000,0,1,0.000037,1.539153,52.888813,54.220882,55.257301
3,21.000000,3,4,3.641923,0.000000,50.477531,54.091713,53.786102
2,21.200000,2,3,-0.206018,3.641923,48.820984,56.110069,54.725510
1,21.200000,2,1,-0.206018,1.706501,58.301025,56.374752,55.990906
0,21.200000,0,1,0.000038,1.706501,54.042896,54.281929,54.972366
3,21.200000,3,4,3.641923,0.000000,52.465889,54.951763,53.786102
2,21.400000,2,3,-0.206018,3.641924,55.653027,54.889961,54.725510
1,21.400000,2,1,-0.206018,1.706501,54.343697,56.666588,55.990906
0,21.400000,0,1,0.000038,1.706501,56.529583,54.207863,54.972366
3,21.400000,3,4,3.641924,0.000000,53.850910,53.336571,53.786102
2,21.600000,2,3,-0.206018,3.641924,51.504822,54.054825,54.725510
1,21.600000,2,1,-0.206018,1.706501,62.851486,56.606060,55.990906
0,21.600000,0,1,0.000038,1.706501,52.725109,54.076515,54.972366
3,21.600000,3,4,3.641924,0.000000,59.551529,54.996639,53.786102
2,21.800000,2,3,-0.206017,3.641924,56.803371,53.789280,54.725510
1,21.800000,2,1,-0.206017,1.706502,55.262211,56.112270,55.990906
0,21.800000,0,1,0.000039,1.706502,52.234386,54.043480,54.972366
3,21.800000,3,4,3.641924,0.000000,53.600464,54.259300,53.786106
2,22.000000,2,3,-0.206017,3.641925,55.153511,54.475437,54.725510
1,22.000000,2,1,-0.206017,1.706502,58.917778,57.076920,55.990906
0,22.000000,0,1,0.000039,1.706502,51.883080,54.105576,54.972366
3,22.000000,3,4,3.641925,0.000000,54.243061,53.364628,53.786106
2,22.200000,2,3,-0.035482,3.834874,59.072956,54.864498,54.685883
1,22.200000,2,1,-0.035482,1.598780,56.286999,56.053619,55.544815
0,22.200000,0,1,0.000039,1.598780,58.210320,54.013779,55.156635
3,22.200000,3,4,3.834874,0.000000,54.925716,55.474216,54.151184
2,22.400000,2,3,-0.035481,3.834874,46.926659,53.987518,54.685883
1,22.400000,2,1,-0.035481,1.598781,59.275406,55.886967,55.544815
0,22.400000,0,1,0.000040,1.598781,55.106697,53.972858,55.156635
3,22.400000,3,4,3.834874,0.000000,53.657322,54.313030,54.151184
2,22.600000,2,3,0.099566,3.834875,55.132740,53.941025,54.922493
1,22.600000,2,1,0.099566,1.723393,55.310043,56.106571,55.527725
0,22.600000,0,1,0.000040,1.723393,59.505196,54.216316,54.943192
3,22.600000,3,4,3.834875,0.000000,50.558353,54.176140,54.151184
2,22.800000,2,3,0.099566,3.834875,52.443180,54.344368,54.922493
1,22.800000,2,1,0.099566,1.568227,57.236786,55.573990,55.270363
0,22.800000,0,1,0.000040,1.568227,50.797935,53.840580,55.208336
3,22.800000,3,4,3.834875,0.000000,55.928814,54.161366,54.151184
2,23.000000,2,3,0.304597,3.834875,61.508190,54.610760,55.272141
1,23.000000,2,1,0.304597,1.568228,60.106422,56.005173,54.920654
0,23.000000,0,1,0.000041,1.568228,48.224171,54.418995,55.208336
3,23.000000,3,4,3.834875,0.000000,49.823566,54.165882,54.151184
2,23.200000,2,3,0.430611,3.834876,53.871170,54.735523,55.481583
1,23.200000,2,1,0.430611,1.568228,54.367241,56.870247,54.699993
0,23.200000,0,1,0.000041,1.568228,57.724419,54.565479,55.208336
3,23.200000,3,4,3.834876,0.000000,55.921082,54.154003,54.151184
2,23.400000,2,3,0.430611,4.088367,55.359077,54.853062,55.056076
1,23.400000,2,1,0.430611,1.568228,50.044987,56.421364,54.699993
0,23.400000,0,1,0.000041,1.568228,54.001022,55.147755,55.208336
3,23.400000,3,4,4.088367,0.000000,55.186672,54.992188,54.612885
2,23.600000,2,3,0.430612,3.904075,57.310673,54.487709,55.367069
1,23.600000,2,1,0.430612,1.568229,57.131462,56.640030,54.699993
0,23.600000,0,1,0.000042,1.568229,54.763832,54.999832,55.208336
3,23.600000,3,4,3.904075,0.000000,55.461639,54.223755,54.279182
2,23.800000,2,3,0.430612,3.904076,53.859726,55.260860,55.367069
1,23.800000,2,1,0.430612,1.568229,51.643120,55.991695,54.699993
0,23.800000,0,1,0.000042,1.568229,58.758450,54.145042,55.208336
3,23.800000,3,4,3.904076,0.000000,51.265060,55.087936,54.279186
2,24.000000,2,3,0.141505,3.742327,52.866924,55.582333,55.153107
1,24.000000,2,1,0.141505,1.568229,56.671982,55.736217,55.199741
0,24.000000,0,1,0.000043,1.568229,53.516224,54.339146,55.208336
3,24.000000,3,4,3.742327,0.000000,52.296505,53.412338,53.977608
2,24.200000,2,3,0.141506,3.742328,51.466984,56.335930,55.153107
1,24.200000,2,1,0.141506,1.568230,62.710102,56.700649,55.199741
0,24.200000,0,1,0.000043,1.568230,52.686485,54.526222,55.208336
3,24.200000,3,4,3.742328,0.000000,55.094570,53.823574,53.977608
2,24.400000,2,3,0.141506,3.742328,52.960072,55.523289,55.153107
1,24.400000,2,1,0.141506,1.568230,57.285801,56.783665,55.199741
0,24.400000,0,1,0.000043,1.568230,53.152969,54.948910,55.208336
3,24.400000,3,4,3.742328,0.000000,57.282326,54.096695,53.977608
2,24.600000,2,3,0.141506,3.742328,53.196972,55.124660,55.153107
1,24.600000,2,1,0.141506,1.568230,57.718578,56.960194,55.199741
0,24.600000,0,1,0.000044,1.568230,45.883633,55.594635,55.208336
3,24.600000,3,4,3.742328,0.000000,51.899193,54.390400,53.977608
2,24.800000,2,3,0.300620,3.613869,55.485500,55.367790,55.630379
1,24.800000,2,1,0.300620,1.568231,51.380150,57.008091,54.927551
0,24.800000,0,1,0.000044,1.568231,53.700409,55.686646,55.208336
3,24.800000,3,4,3.613869,0.000000,53.682327,52.494877,53.731987
2,25.000000,2,3,0.300621,3.721589,57.239449,55.968697,55.454048
1,25.000000,2,1,0.300621,1.568231,55.733566,56.293121,54.927551
0,25.000000,0,1,0.000044,1.568231,52.754356,55.454609,55.208336
3,25.000000,3,4,3.721589,0.000000,50.865997,54.723763,53.938328
2,25.200000,2,3,0.300621,3.721589,58.548923,55.062004,55.454048
1,25.200000,2,1,0.300621,1.568231,57.573990,56.496120,54.927551
0,25.200000,0,1,0.000045,1.568231,52.097603,55.686260,55.208336
3,25.200000,3,4,3.721589,0.000000,59.865387,53.957577,53.938332
2,25.400000,2,3,0.412641,3.883127,56.552132,54.902927,55.372021
1,25.400000,2,1,0.412641,1.568232,51.323719,56.827965,54.731743
0,25.400000,0,1,0.000045,1.568232,58.139328,55.627735,55.208336
3,25.400000,3,4,3.883127,0.000000,58.768780,55.727711,54.240597
2,25.600000,2,3,0.412642,4.084313,54.981369,54.971523,55.032227
1,25.600000,2,1,0.412642,1.568232,58.851643,56.342049,54.731743
0,25.600000,0,1,0.000045,1.568232,58.239632,56.163410,55.208336
3,25.600000,3,4,4.084313,0.000000,61.578434,54.956291,54.605652
2,25.80000