1,0.200000,1,2,0.000000,0.000000,49.810341,NaN,52.474251
0,0.200000,1,0,0.000000,0.000000,62.940697,NaN,57.577248
2,0.200000,2,3,0.000000,0.000000,60.636696,NaN,60.000000
3,0.200000,3,4,0.000000,0.000000,43.935726,42.528877,42.529121
1,0.400000,1,2,0.000001,0.000001,52.647011,NaN,52.474251
0,0.400000,1,0,0.000001,0.000001,56.747101,NaN,57.577248
2,0.400000,2,3,0.000001,0.300001,61.852520,NaN,59.669292
3,0.400000,3,4,0.300001,0.000000,46.431477,43.567688,44.045746
1,0.600000,1,2,0.149997,-0.127971,53.197659,52.864452,53.061668
0,0.600000,1,0,0.149997,0.000001,51.303680,57.839375,57.371746
2,0.600000,2,3,-0.127971,0.600001,52.448441,63.321278,59.179367
3,0.600000,3,4,0.600001,0.000000,50.395924,44.587635,45.376335
1,0.800000,1,2,0.149998,-0.127970,54.402462,52.630203,53.061668
0,0.800000,1,0,0.149998,0.000001,56.701530,54.796497,57.371746
2,0.800000,2,3,-0.127970,0.768498,63.919960,60.943871,58.980247
3,0.800000,3,4,0.768498,0.000000,43.459293,44.481876,46.057865
1,1.000000,1,2,0.314024,-0.127970,51.863873,53.932335,53.393951
0,1.000000,1,0,0.314024,0.000002,55.355453,56.232224,57.142479
2,1.000000,2,3,-0.127970,0.995282,55.783127,60.173153,58.706345
3,1.000000,3,4,0.995282,0.000000,48.358162,46.965454,46.912445
1,1.200000,1,2,0.517358,-0.374978,52.606674,53.390556,54.257187
0,1.200000,1,0,0.517358,0.000002,56.612602,56.916397,56.851379
2,1.200000,2,3,-0.374978,1.284511,55.821201,59.178577,58.029816
3,1.200000,3,4,1.284511,0.000000,46.705441,48.203754,47.913017
1,1.400000,1,2,0.634736,-0.574719,57.689468,54.679058,54.826336
0,1.400000,1,0,0.634736,0.000002,57.460796,55.982506,56.679710
2,1.400000,2,3,-0.574719,1.498226,57.088974,58.756516,57.477798
3,1.400000,3,4,1.498226,0.000000,48.439255,48.251144,48.597298
1,1.600000,1,2,0.505553,-0.574719,53.156292,54.875088,54.598076
0,1.600000,1,0,0.505553,0.000003,61.210869,55.274296,56.868492
2,1.600000,2,3,-0.574719,1.725671,57.173656,58.394512,57.161720
3,1.600000,3,4,1.725671,0.000000,48.817940,48.271736,49.281082
1,1.800000,1,2,0.505554,-0.574718,56.116016,55.276695,54.598076
0,1.800000,1,0,0.505554,0.000003,54.959431,55.351585,56.868492
2,1.800000,2,3,-0.574718,2.025671,57.959671,57.607620,56.730221
3,1.800000,3,4,2.025671,0.000000,49.060356,50.290703,50.121788
1,2.000000,1,2,0.505554,-0.574718,59.286186,55.359276,54.598076
0,2.000000,1,0,0.505554,0.000004,55.402691,55.352554,56.868492
2,2.000000,2,3,-0.574718,2.129097,50.288116,57.484589,56.577396
3,2.000000,3,4,2.129097,0.000000,46.186588,50.277290,50.397167
1,2.200000,1,2,0.643684,-0.725883,53.392830,55.613319,55.102745
0,2.200000,1,0,0.643684,0.000004,56.245457,55.450729,56.666515
2,2.200000,2,3,-0.725883,2.129097,54.802761,57.406452,56.350086
3,2.200000,3,4,2.129097,0.000000,51.282246,50.191532,50.397167
1,2.400000,1,2,0.805066,-0.725882,53.772366,56.116673,55.374405
0,2.400000,1,0,0.805066,0.000004,50.097942,56.004459,56.425674
2,2.400000,2,3,-0.725882,2.252451,55.556107,56.966980,56.161003
3,2.400000,3,4,2.252451,0.000000,57.406227,51.455425,50.716728
1,2.600000,1,2,0.805067,-0.725882,53.663979,55.492668,55.374405
0,2.600000,1,0,0.805067,0.000005,56.068787,54.856232,56.425674
2,2.600000,2,3,-0.725882,2.252451,56.927364,56.459049,56.161003
3,2.600000,3,4,2.252451,0.000000,50.417217,48.832634,50.716728
1,2.800000,1,2,0.805067,-0.833969,54.082619,56.214344,55.552628
0,2.800000,1,0,0.805067,0.000005,54.794811,54.785522,56.425674
2,2.800000,2,3,-0.833969,2.252452,58.758045,57.153145,55.992577
3,2.800000,3,4,2.252452,0.000000,50.518402,50.851433,50.716728
1,3.000000,1,2,1.006807,-0.947742,52.037781,56.767303,56.056725
0,3.000000,1,0,1.006807,0.000005,53.235737,54.336010,56.116898
2,3.000000,2,3,-0.947742,2.252452,54.179565,56.884079,55.812416
3,3.000000,3,4,2.252452,0.000000,52.685120,50.996124,50.716732
1,3.200000,1,2,1.006807,-0.947742,61.060520,57.359020,56.056725
0,3.200000,1,0,1.006807,0.000006,55.364246,54.031372,56.116898
2,3.200000,2,3,-0.947742,2.252452,57.188641,55.937000,55.812416
3,3.200000,3,4,2.252452,0.000000,48.288345,50.614738,50.716732
1,3.400000,1,2,1.006808,-0.947741,52.425964,57.694801,56.056725
0,3.400000,1,0,1.006808,0.000006,48.938251,54.132084,56.116898
2,3.400000,2,3,-0.947741,2.389517,56.612907,55.186665,55.591324
3,3.400000,3,4,2.389517,0.000000,51.520920,51.707439,51.061119
1,3.600000,1,2,1.006808,-0.824870,55.442444,56.906414,55.863186
0,3.600000,1,0,1.006808,0.000006,59.230030,53.694004,56.116898
2,3.600000,2,3,-0.824870,2.509979,54.644714,55.086250,55.595249
3,3.600000,3,4,2.509979,0.000000,53.179321,51.814346,51.355026
1,3.800000,1,2,0.908551,-0.824870,61.048935,56.200119,55.705894
0,3.800000,1,0,0.908551,0.000007,57.651276,53.715714,56.268387
2,3.800000,2,3,-0.824870,2.618357,51.189178,54.816475,55.417252
3,3.800000,3,4,2.618357,0.000000,50.034462,52.494873,51.612820
1,4.000000,1,2,0.908552,-0.824870,57.161926,56.705246,55.705894
0,4.000000,1,0,0.908552,0.000007,53.945522,54.004135,56.268387
2,4.000000,2,3,-0.824870,2.618357,50.424774,55.203564,55.417252
3,4.000000,3,4,2.618357,0.000000,50.967060,51.956810,51.612820
1,4.200000,1,2,0.908552,-0.824869,53.908318,56.664558,55.705894
0,4.200000,1,0,0.908552,0.000007,59.682728,54.231190,56.268387
2,4.200000,2,3,-0.824869,2.829341,54.734085,55.031021,55.062141
3,4.200000,3,4,2.829341,0.000000,49.456699,52.884319,52.097775
1,4.400000,1,2,0.908552,-0.824869,56.544830,56.600342,55.705894
0,4.400000,1,0,0.908552,0.000008,58.614471,54.849709,56.268387
2,4.400000,2,3,-0.824869,2.829341,55.318348,55.153370,55.062141
3,4.400000,3,4,2.829341,0.000000,53.254986,52.495914,52.097778
1,4.600000,1,2,0.908553,-0.824869,54.912910,56.733349,55.705894
0,4.600000,1,0,0.908553,0.000008,54.342236,55.173027,56.268387
2,4.600000,2,3,-0.824869,2.829341,54.113850,55.730099,55.062141
3,4.600000,3,4,2.829341,0.000000,48.753979,52.320633,52.097778
1,4.800000,1,2,0.908553,-0.824868,54.537880,56.925625,55.705894
0,4.800000,1,0,0.908553,0.000008,55.163963,54.540730,56.268387
2,4.800000,2,3,-0.824868,2.973606,57.697979,55.692562,54.812462
3,4.800000,3,4,2.973606,0.000000,53.088314,52.478241,52.417328
1,5.000000,1,2,0.908553,-0.943193,61.826149,56.652069,55.895035
0,5.000000,1,0,0.908553,0.000009,55.424049,54.443157,56.268387
2,5.000000,2,3,-0.943193,2.973606,57.004219,55.661312,54.603302
3,5.000000,3,4,2.973606,0.000000,47.247536,53.236942,52.417328
1,5.200000,1,2,0.908554,-0.806510,56.609180,57.176174,55.676254
0,5.200000,1,0,0.908554,0.000009,55.194859,54.225033,56.268387
2,5.200000,2,3,-0.806510,3.207217,57.608788,55.174137,54.428913
3,5.200000,3,4,3.207217,0.000000,55.085815,53.347969,52.915642
1,5.400000,1,2,0.908554,-0.699086,49.351780,56.355633,55.501160
0,5.400000,1,0,0.908554,0.000010,62.895710,54.431374,56.268387
2,5.400000,2,3,-0.699086,3.207217,55.177017,54.492619,54.622021
3,5.400000,3,4,3.207217,0.000000,50.699062,53.124634,52.915642
1,5.600000,1,2,0.908554,-0.814352,52.609032,56.370335,55.688927
0,5.600000,1,0,0.908554,0.000010,54.983387,54.707325,56.268387
2,5.600000,2,3,-0.814352,3.207218,51.419392,54.377449,54.414680
3,5.600000,3,4,3.207218,0.000000,54.071724,53.483818,52.915642
1,5.800000,1,2,0.811022,-0.814352,58.456989,57.033775,55.530258
0,5.800000,1,0,0.811022,0.000010,58.950035,54.354053,56.416695
2,5.800000,2,3,-0.814352,3.207218,54.600098,53.699360,54.414680
3,5.800000,3,4,3.207218,0.000000,50.094143,52.339489,52.915642
1,6.000000,1,2,0.811022,-0.814351,62.117378,57.192780,55.530258
0,6.000000,1,0,0.811022,0.000011,52.979328,55.023014,56.416695
2,6.000000,2,3,-0.814351,3.207218,52.931763,53.752773,54.414680
3,6.000000,3,4,3.207218,0.000000,51.377602,51.954548,52.915642
1,6.200000,1,2,0.927438,-0.704968,59.279499,57.112309,55.541779
0,6.200000,1,0,0.927438,0.000011,53.376926,53.986332,56.239437
2,6.200000,2,3,-0.704968,3.207219,56.095577,53.839947,54.611534
3,6.200000,3,4,3.207219,0.000000,49.832367,53.554047,52.915642
1,6.400000,1,2,0.927438,-0.570649,55.439774,57.522327,55.319637
0,6.400000,1,0,0.927438,0.000011,55.662975,54.267815,56.239437
2,6.400000,2,3,-0.570649,3.207219,48.642708,54.647026,54.848480
3,6.400000,3,4,3.207219,0.000000,52.728409,53.275066,52.915642
1,6.600000,1,2,0.927438,-0.570648,51.702637,56.863049,55.319637
0,6.600000,1,0,0.927438,0.000012,54.513046,54.754478,56.239437
2,6.600000,2,3,-0.570648,3.337069,55.118267,54.289700,54.619499
3,6.600000,3,4,3.337069,0.000000,54.041676,53.231400,53.183044
1,6.800000,1,2,0.811093,-0.570648,54.492191,56.711254,55.123482
0,6.800000,1,0,0.811093,0.000012,56.088890,55.011486,56.416588
2,6.800000,2,3,-0.570648,3.337069,55.307346,53.964588,54.619499
3,6.800000,3,4,3.337069,0.000000,52.082550,52.840340,53.183044
1,7.000000,1,2,0.811093,-0.420168,55.898571,56.052963,54.864399
0,7.000000,1,0,0.811093,0.000012,51.266197,55.841869,56.416588
2,7.000000,2,3,-0.420168,3.337070,53.245235,54.271564,54.884422
3,7.000000,3,4,3.337070,0.000000,54.055458,53.755032,53.183044
1,7.200000,1,2,0.811094,-0.311934,59.142921,55.238026,54.674156
0,7.200000,1,0,0.811094,0.000013,52.723076,56.402424,56.416588
2,7.200000,2,3,-0.311934,3.337070,53.717953,54.764606,55.071045
3,7.200000,3,4,3.337070,0.000000,54.648579,53.096771,53.183044
1,7.400000,1,2,0.811094,-0.311934,53.607334,54.755520,54.674156
0,7.400000,1,0,0.811094,0.000013,58.188560,56.387390,56.416588
2,7.400000,2,3,-0.311934,3.337070,53.121933,55.412453,55.071045
3,7.400000,3,4,3.337070,0.000000,51.430241,54.190018,53.183044
1,7.600000,1,2,0.811094,-0.311933,55.292030,54.697605,54.674156
0,7.600000,1,0,0.811094,0.000013,54.864147,56.839840,56.416588
2,7.600000,2,3,-0.311933,3.337071,52.443584,55.369709,55.071045
3,7.600000,3,4,3.337071,0.000000,52.610966,52.935425,53.183048
1,7.800000,1,2,0.811095,-0.311933,53.012619,54.554970,54.674156
0,7.800000,1,0,0.811095,0.000014,51.707615,56.504829,56.416588
2,7.800000,2,3,-0.311933,3.337071,56.968861,55.097649,55.071045
3,7.800000,3,4,3.337071,0.000000,50.028461,53.317047,53.183048
1,8.000000,1,2,0.811095,-0.311933,54.638321,55.056564,54.674156
0,8.000000,1,0,0.811095,0.000014,57.402622,56.484200,56.416588
2,8.000000,2,3,-0.311933,3.337071,52.573479,55.123257,55.071045
3,8.000000,3,4,3.337071,0.000000,51.785446,53.114807,53.183048
1,8.200000,1,2,0.811095,-0.311932,52.420212,54.984585,54.674156
0,8.200000,1,0,0.811095,0.000015,60.594715,57.100826,56.416588
2,8.200000,2,3,-0.311932,3.337072,54.714409,54.724190,55.071045
3,8.200000,3,4,3.337072,0.000000,54.678185,52.946224,53.183052
1,8.400000,1,2,0.811096,-0.464807,50.661568,54.899120,54.941902
0,8.400000,1,0,0.811096,0.000015,49.786545,56.926544,56.416588
2,8.400000,2,3,-0.464807,3.471274,51.554348,54.543438,54.568836
3,8.400000,3,4,3.471274,0.000000,48.454311,53.641808,53.452660
1,8.600000,1,2,0.953943,-0.464806,53.876484,55.772823,55.186260
0,8.600000,1,0,0.953943,0.000015,63.386238,56.815033,56.198677
2,8.600000,2,3,-0.464806,3.471274,53.416073,54.257885,54.568836
3,8.600000,3,4,3.471274,0.000000,51.667702,53.827488,53.452663
1,8.800000,1,2,0.953943,-0.464806,52.883160,56.195175,55.186260
0,8.800000,1,0,0.953943,0.000016,56.971783,56.498074,56.198677
2,8.800000,2,3,-0.464806,3.575001,60.107983,54.233036,54.381508
3,8.800000,3,4,3.575001,0.000000,57.012718,51.943550,53.656555
1,9.000000,1,2,0.752339,-0.464806,56.518810,55.700790,54.839775
0,9.000000,1,0,0.752339,0.000016,58.323509,56.553627,56.504971
2,9.000000,2,3,-0.464806,3.575001,48.143333,53.903709,54.381508
3,9.000000,3,4,3.575001,0.000000,52.094009,52.008526,53.656559
1,9.200000,1,2,0.752339,-0.464805,50.419544,55.297604,54.839775
0,9.200000,1,0,0.752339,0.000016,52.484970,56.868832,56.504971
2,9.200000,2,3,-0.464805,3.719387,53.216270,54.199150,54.115250
3,9.200000,3,4,3.719387,0.000000,55.581009,53.785316,53.934151
1,9.400000,1,2,0.752340,-0.464805,56.896664,55.137539,54.839775
0,9.400000,1,0,0.752340,0.000017,56.405514,56.465836,56.504971
2,9.400000,2,3,-0.464805,3.719388,52.825577,53.762177,54.115250
3,9.400000,3,4,3.719388,0.000000,50.251026,54.963028,53.934151
1,9.600000,1,2,0.864117,-0.464805,55.706493,55.317684,55.033241
0,9.600000,1,0,0.864117,0.000017,59.660618,56.431759,56.336220
2,9.600000,2,3,-0.464805,3.719388,57.626289,54.058460,54.115250
3,9.600000,3,4,3.719388,0.000000,57.465588,53.886734,53.934151
1,9.800000,1,2,0.864118,-0.464804,56.297363,55.246799,55.033241
0,9.800000,1,0,0.864118,0.000017,51.469273,56.194744,56.336220
2,9.800000,2,3,-0.464804,3.719388,53.864555,54.460346,54.115250
3,9.800000,3,4,3.719388,0.000000,50.998390,54.754379,53.934151
1,10.000000,1,2,0.864118,-0.464804,53.154179,54.806259,55.033241
0,10.000000,1,0,0.864118,0.000018,59.680077,56.840977,56.336220
2,10.000000,2,3,-0.464804,3.719389,54.441051,53.982552,54.115250
3,10.000000,3,4,3.719389,0.000000,53.634796,53.413898,53.934151
1,10.200000,1,2,0.864119,-0.464803,55.149548,54.604183,55.033241
0,10.200000,1,0,0.864119,0.000018,59.790127,56.439671,56.336220
2,10.200000,2,3,-0.464803,3.719389,49.631943,54.034225,54.115250
3,10.200000,3,4,3.719389,0.000000,53.084534,55.655243,53.934155
1,10.400000,1,2,0.864119,-0.464803,50.892113,54.356716,55.033241
0,10.400000,1,0,0.864119,0.000018,60.735191,56.141575,56.336220
2,10.400000,2,3,-0.464803,3.618161,51.892334,54.776577,54.302605
3,10.400000,3,4,3.618161,0.000000,52.549469,54.722313,53.740280
1,10.600000,1,2,1.006615,-0.464803,57.446239,54.431034,55.274986
0,10.600000,1,0,1.006615,0.000019,60.267574,56.600780,56.117218
2,10.600000,2,3,-0.464803,3.742782,49.709396,55.429848,54.071491
3,10.600000,3,4,3.742782,0.000000,55.675240,54.385044,53.978470
1,10.800000,1,2,1.109985,-0.464802,59.244991,54.969311,55.447044
0,10.800000,1,0,1.109985,0.000019,58.772713,55.761272,55.955536
2,10.800000,2,3,-0.464802,3.742783,49.772884,54.630783,54.071491
3,10.800000,3,4,3.742783,0.000000,53.320595,53.806557,53.978470
1,11.000000,1,2,0.954986,-0.464802,52.087875,54.521378,55.188019
0,11.000000,1,0,0.954986,0.000019,57.248653,55.443901,56.197075
2,11.000000,2,3,-0.464802,3.742783,52.355637,54.884678,54.071491
3,11.000000,3,4,3.742783,0.000000,49.696533,53.989388,53.978470
1,11.200000,1,2,0.954987,-0.339197,56.330425,53.216007,54.973488
0,11.200000,1,0,0.954987,0.000020,60.621765,56.400051,56.197075
2,11.200000,2,3,-0.339197,3.742783,50.025253,55.803730,54.304413
3,11.200000,3,4,3.742783,0.000000,54.820751,53.462219,53.978470
1,11.400000,1,2,0.954987,-0.339197,60.665565,53.429886,54.973488
0,11.400000,1,0,0.954987,0.000020,58.153473,56.248772,56.197075
2,11.400000,2,3,-0.339197,3.742784,52.968708,56.176254,54.304413
3,11.400000,3,4,3.742784,0.000000,56.563320,54.042953,53.978470
1,11.600000,1,2,1.069777,-0.339196,55.645733,54.283852,55.169708
0,11.600000,1,0,1.069777,0.000021,60.666313,56.425282,56.018715
2,11.600000,2,3,-0.339196,3.742784,53.592186,54.988289,54.304413
3,11.600000,3,4,3.742784,0.000000,52.278034,53.017715,53.978470
1,11.800000,1,2,1.181104,-0.339196,61.066639,54.456726,55.356689
0,11.800000,1,0,1.181104,0.000021,56.922264,56.569756,55.842884
2,11.800000,2,3,-0.339196,3.742785,54.336006,54.780739,54.304413
3,11.800000,3,4,3.742785,0.000000,57.040810,54.244156,53.978470
1,12.000000,1,2,1.181105,-0.339196,58.107296,54.726837,55.356689
0,12.000000,1,0,1.181105,0.000021,57.152523,56.610851,55.842884
2,12.000000,2,3,-0.339196,3.742785,48.414703,54.234791,54.304413
3,12.000000,3,4,3.742785,0.000000,51.285694,54.120926,53.978470
1,12.200000,1,2,1.078178,-0.339195,58.908653,54.716179,55.183933
0,12.200000,1,0,1.078178,0.000022,56.962063,56.178116,56.005547
2,12.200000,2,3,-0.339195,3.742785,57.836113,54.226578,54.304413
3,12.200000,3,4,3.742785,0.000000,58.302113,54.775772,53.978474
1,12.400000,1,2,0.917571,-0.339195,60.743935,54.268906,54.908749
0,12.400000,1,0,0.917571,0.000022,51.995274,56.338760,56.254589
2,12.400000,2,3,-0.339195,3.742785,52.684307,54.264088,54.304413
3,12.400000,3,4,3.742785,0.000000,50.588272,53.298473,53.978474
1,12.600000,1,2,1.037109,-0.339195,54.024414,53.656353,55.114227
0,12.600000,1,0,1.037109,0.000022,49.644333,56.661251,56.069775
2,12.600000,2,3,-0.339195,3.742786,60.622707,54.074615,54.304413
3,12.600000,3,4,3.742786,0.000000,56.447090,53.492874,53.978474
1,12.800000,1,2,1.037110,-0.339194,54.502865,54.229710,55.114227
0,12.800000,1,0,1.037110,0.000023,53.284458,56.489132,56.069775
2,12.800000,2,3,-0.339194,3.742786,56.552227,53.845558,54.304413
3,12.800000,3,4,3.742786,0.000000,53.575058,54.878185,53.978477
1,13.000000,1,2,1.037110,-0.177850,51.309052,53.928558,54.835960
0,13.000000,1,0,1.037110,0.000023,51.300312,56.225365,56.069775
2,13.000000,2,3,-0.177850,3.742787,50.806259,54.541821,54.596451
3,13.000000,3,4,3.742787,0.000000,52.654797,54.431030,53.978477
1,13.200000,1,2,1.171098,-0.177849,54.879723,53.532562,55.067543
0,13.200000,1,0,1.171098,0.000023,52.918903,55.762993,55.858810
2,13.200000,2,3,-0.177849,3.640274,59.576473,54.909626,54.778008
3,13.200000,3,4,3.640274,0.000000,59.021927,53.052704,53.782928
1,13.400000,1,2,1.171099,-0.177849,54.819366,53.913326,55.067543
0,13.400000,1,0,1.171099,0.000024,51.636402,56.050587,55.858810
2,13.400000,2,3,-0.177849,3.640274,55.006138,54.625507,54.778008
3,13.400000,3,4,3.640274,0.000000,50.006523,53.684872,53.782928
1,13.600000,1,2,1.171099,-0.177849,51.775791,53.414879,55.067543
0,13.600000,1,0,1.171099,0.000024,57.665592,55.303410,55.858810
2,13.600000,2,3,-0.177849,3.640275,60.011066,54.415382,54.778008
3,13.600000,3,4,3.640275,0.000000,55.192921,53.431614,53.782928
1,13.800000,1,2,1.171099,-0.177848,56.662098,53.104870,55.067543
0,13.800000,1,0,1.171099,0.000024,55.800144,55.744293,55.858810
2,13.800000,2,3,-0.177848,3.640275,58.061775,55.043980,54.778008
3,13.800000,3,4,3.640275,0.000000,51.297344,52.576771,53.782928
1,14.000000,1,2,1.171100,-0.177848,52.533653,54.243496,55.067543
0,14.000000,1,0,1.171100,0.000025,55.602161,56.199360,55.858810
2,14.000000,2,3,-0.177848,3.743309,54.726948,54.085293,54.595524
3,14.000000,3,4,3.743309,0.000000,55.373821,53.003399,53.979462
1,14.200000,1,2,1.277725,-0.177848,52.462296,53.682659,55.248367
0,14.200000,1,0,1.277725,0.000025,56.812969,56.331772,55.687950
2,14.200000,2,3,-0.177848,3.849090,53.133408,53.978882,54.404926
3,14.200000,3,4,3.849090,0.000000,52.210358,54.740807,54.177601
1,14.400000,1,2,1.277725,-0.177847,56.028469,53.598930,55.248367
0,14.400000,1,0,1.277725,0.000026,55.467369,56.403259,55.687950
2,14.400000,2,3,-0.177847,3.849090,57.507763,53.766754,54.404926
3,14.400000,3,4,3.849090,0.000000,53.697426,54.241627,54.177605
1,14.600000,1,2,1.277726,-0.177847,57.290619,53.596542,55.248367
0,14.600000,1,0,1.277726,0.000026,55.458717,56.504574,55.687950
2,14.600000,2,3,-0.177847,3.849091,52.082481,54.135250,54.404926
3,14.600000,3,4,3.849091,0.000000,54.129280,53.623344,54.177605
1,14.800000,1,2,1.277726,-0.177847,56.759972,53.811375,55.248367
0,14.800000,1,0,1.277726,0.000026,53.545681,56.373528,55.687950
2,14.800000,2,3,-0.177847,3.686464,55.772526,54.586422,54.696587
3,14.800000,3,4,3.686464,0.000000,51.868946,54.846703,53.871475
1,15.000000,1,2,1.277727,-0.055295,52.523499,54.090881,55.040276
0,15.000000,1,0,1.277727,0.000027,53.951569,56.769062,55.687950
2,15.000000,2,3,-0.055295,3.686464,57.803123,54.715004,54.911308
3,15.000000,3,4,3.686464,0.000000,50.013351,53.646469,53.871475
1,15.200000,1,2,1.277727,0.066516,50.719963,54.007988,54.829407
0,15.200000,1,0,1.277727,0.000027,55.720978,56.709484,55.687950
2,15.200000,2,3,0.066516,3.686464,54.784473,55.105415,55.120605
3,15.200000,3,4,3.686464,0.000000,48.324593,55.368294,53.871475
1,15.400000,1,2,1.440770,-0.060114,46.953781,54.087074,55.324310
0,15.400000,1,0,1.440770,0.000027,60.025452,56.510448,55.421364
2,15.400000,2,3,-0.060114,3.686465,49.431904,54.294315,54.902943
3,15.400000,3,4,3.686465,0.000000,53.062618,53.941719,53.871475
1,15.600000,1,2,1.249401,-0.060114,55.396603,54.823563,54.999901
0,15.600000,1,0,1.249401,0.000028,53.976101,56.350925,55.733601
2,15.600000,2,3,-0.060114,3.686465,54.874832,53.736515,54.902943
3,15.600000,3,4,3.686465,0.000000,53.880238,53.602509,53.871475
1,15.800000,1,2,1.367743,0.195512,54.547016,55.096294,54.761055
0,15.800000,1,0,1.367743,0.000028,54.027084,56.538754,55.541580
2,15.800000,2,3,0.195512,3.686465,55.209373,53.668102,55.337936
3,15.800000,3,4,3.686465,0.000000,52.285072,54.589554,53.871475
1,16.000000,1,2,1.224908,0.195512,52.127205,55.069977,54.506844
0,16.000000,1,0,1.224908,0.000028,56.163124,55.931896,55.772926
2,16.000000,2,3,0.195512,3.686466,54.684277,53.837914,55.337936
3,16.000000,3,4,3.686466,0.000000,53.646542,53.473171,53.871475
1,16.200000,1,2,1.365361,0.195512,51.094467,55.626663,54.756863
0,16.200000,1,0,1.365361,0.000029,57.348942,56.233555,55.545479
2,16.200000,2,3,0.195512,3.832491,57.986923,53.406918,55.091583
3,16.200000,3,4,3.832491,0.000000,47.187698,53.368847,54.146751
1,16.400000,1,2,1.198186,0.195513,54.639835,54.925991,54.458618
0,16.400000,1,0,1.198186,0.000029,51.521122,55.788033,55.815666
2,16.400000,2,3,0.195513,3.832491,55.579498,54.025898,55.091583
3,16.400000,3,4,3.832491,0.000000,52.417744,53.612293,54.146751
1,16.600000,1,2,1.091023,0.195513,57.437149,54.570721,54.263035
0,16.600000,1,0,1.091023,0.000029,57.466293,56.312424,55.985390
2,16.600000,2,3,0.195513,3.832492,52.163036,53.894489,55.091583
3,16.600000,3,4,3.832492,0.000000,53.399403,54.671021,54.146751
1,16.800000,1,2,1.091024,0.195513,57.150623,54.721371,54.263035
0,16.800000,1,0,1.091024,0.000030,54.692642,55.787098,55.985390
2,16.800000,2,3,0.195513,3.832492,58.783192,54.037949,55.091583
3,16.800000,3,4,3.832492,0.000000,59.501793,52.555904,54.146751
1,17.000000,1,2,1.091024,0.316401,58.297852,55.002254,54.038094
0,17.000000,1,0,1.091024,0.000030,55.670181,55.742435,55.985390
2,17.000000,2,3,0.316401,3.832492,57.476349,53.667046,55.295921
3,17.000000,3,4,3.832492,0.000000,53.902512,54.113647,54.146751
1,17.200000,1,2,1.091024,0.316401,54.112957,54.301720,54.038094
0,17.200000,1,0,1.091024,0.000030,58.631561,55.347950,55.985390
2,17.200000,2,3,0.316401,3.832493,57.186390,53.781418,55.295921
3,17.200000,3,4,3.832493,0.000000,54.598602,53.337814,54.146751
1,17.400000,1,2,1.091025,0.316401,53.333580,54.550316,54.038094
0,17.400000,1,0,1.091025,0.000031,56.636646,55.775707,55.985390
2,17.400000,2,3,0.316401,3.832493,56.123524,54.198776,55.295921
3,17.400000,3,4,3.832493,0.000000,51.621655,55.057583,54.146751
1,17.600000,1,2,1.091025,0.421373,50.575340,54.746765,53.838909
0,17.600000,1,0,1.091025,0.000031,54.258503,56.018665,55.985390
2,17.600000,2,3,0.421373,3.968691,61.643543,54.894402,55.243507
3,17.600000,3,4,3.968691,0.000000,55.036880,54.146713,54.397354
1,17.800000,1,2,1.091025,0.421373,55.075645,54.647358,53.838909
0,17.800000,1,0,1.091025,0.000032,54.762981,56.246204,55.985390
2,17.800000,2,3,0.421373,3.968691,55.275570,54.895866,55.243507
3,17.800000,3,4,3.968691,0.000000,50.863205,53.776016,54.397358
1,18.000000,1,2,1.268984,0.421374,53.127903,55.142555,54.174461
0,18.000000,1,0,1.268984,0.000032,57.129143,56.336239,55.702065
2,18.000000,2,3,0.421374,3.968692,57.514187,54.816113,55.243507
3,18.000000,3,4,3.968692,0.000000,50.229813,53.566856,54.397358
1,18.200000,1,2,1.268985,0.294775,51.940876,55.990944,54.407013
0,18.200000,1,0,1.268985,0.000032,58.463432,55.489750,55.702065
2,18.200000,2,3,0.294775,3.968692,52.936394,54.730938,55.028374
3,18.200000,3,4,3.968692,0.000000,47.458412,53.882046,54.397358
1,18.400000,1,2,1.268985,0.183923,50.698551,56.398426,54.606625
0,18.400000,1,0,1.268985,0.000033,50.540012,55.721573,55.702065
2,18.400000,2,3,0.183923,4.103786,54.597755,53.842701,54.597836
3,18.400000,3,4,4.103786,0.000000,56.208454,54.913769,54.640343
1,18.600000,1,2,1.147555,0.183923,55.273754,55.748848,54.387772
0,18.600000,1,0,1.147555,0.000033,60.808594,55.291199,55.896191
2,18.600000,2,3,0.183923,4.103786,53.265163,52.749733,54.597836
3,18.600000,3,4,4.103786,0.000000,52.998806,56.352898,54.640343
1,18.800000,1,2,1.302261,0.345069,53.107868,55.601391,54.376041
0,18.800000,1,0,1.302261,0.000033,54.567402,56.517185,55.648262
2,18.800000,2,3,0.345069,4.261856,55.174374,52.689518,54.603325
3,18.800000,3,4,4.261856,0.000000,59.567360,56.181221,54.917923
1,19.000000,1,2,1.419975,0.345069,56.178967,55.816719,54.588490
0,19.000000,1,0,1.419975,0.000034,62.082302,56.149563,55.455746
2,19.000000,2,3,0.345069,4.261857,58.745449,52.186237,54.603325
3,19.000000,3,4,4.261857,0.000000,47.878578,55.253754,54.917923
1,19.200000,1,2,1.419975,0.495591,50.540550,56.797043,54.316078
0,19.200000,1,0,1.419975,0.000034,56.041298,55.994408,55.455746
2,19.200000,2,3,0.495591,4.261857,59.422958,53.159245,54.868706
3,19.200000,3,4,4.261857,0.000000,50.866982,55.478428,54.917923
1,19.400000,1,2,1.419976,0.495592,51.244568,56.009892,54.316078
0,19.400000,1,0,1.419976,0.000034,54.153912,55.397110,55.455746
2,19.400000,2,3,0.495592,4.261857,56.484589,53.502171,54.868706
3,19.400000,3,4,4.261857,0.000000,54.046726,55.886551,54.917923
1,19.600000,1,2,1.636968,0.495592,56.550449,55.956554,54.706642
0,19.600000,1,0,1.636968,0.000035,58.870571,55.402859,55.091660
2,19.600000,2,3,0.495592,4.261858,57.278378,54.364037,54.868706
3,19.600000,3,4,4.261858,0.000000,52.471237,54.330383,54.917923
1,19.800000,1,2,1.636968,0.495592,50.580952,56.283863,54.706642
0,19.800000,1,0,1.636968,0.000035,56.320389,55.332787,55.091660
2,19.800000,2,3,0.495592,4.402751,56.281509,54.112328,54.620495
3,19.800000,3,4,4.402751,0.000000,54.598423,55.259083,55.159492
1,20.000000,1,2,1.636969,0.495593,57.586369,56.226871,54.706642
0,20.000000,1,0,1.636969,0.000035,57.579567,55.305252,55.091660
2,20.000000,2,3,0.495593,4.294543,52.401356,54.092556,54.811630
3,20.000000,3,4,4.294543,0.000000,52.936047,54.098949,54.974445
1,20.200000,1,2,1.636969,0.495593,57.994293,55.614407,54.706642
0,20.200000,1,0,1.636969,0.000036,53.934132,55.276299,55.091660
2,20.200000,2,3,0.495593,4.294544,57.487679,54.386738,54.811630
3,20.200000,3,4,4.294544,0.000000,55.767612,55.119335,54.974449
1,20.400000,1,2,1.771026,0.495593,53.987965,55.685024,54.941093
0,20.400000,1,0,1.771026,0.000036,58.513992,55.319473,54.860474
2,20.400000,2,3,0.495593,4.102605,53.904736,53.910034,55.142597
3,20.400000,3,4,4.102605,0.000000,56.583218,54.907585,54.638245
1,20.600000,1,2,1.996504,0.495594,54.695538,55.834389,55.324356
0,20.600000,1,0,1.996504,0.000037,57.178486,54.862156,54.460175
2,20.600000,2,3,0.495594,3.951843,58.805367,54.402172,55.395668
3,20.600000,3,4,3.951843,0.000000,57.503433,54.948708,54.366669
1,20.800000,1,2,1.996504,0.370131,53.773396,55.352749,55.531898
0,20.800000,1,0,1.996504,0.000037,47.910622,53.909512,54.460175
2,20.800000,2,3,0.370131,3.791311,58.668652,55.485050,55.453701
3,20.800000,3,4,3.791311,0.000000,54.318691,52.888626,54.069824
1,21.000000,1,2,1.996505,0.246284,58.247826,55.816959,55.732948
0,21.000000,1,0,1.996505,0.000037,51.049232,54.320843,54.460175
2,21.000000,2,3,0.246284,3.791311,50.593895,55.581360,55.247360
3,21.000000,3,4,3.791311,0.000000,52.633263,54.848263,54.069824
1,21.200000,1,2,1.996505,0.246284,53.937218,56.598904,55.732948
0,21.200000,1,0,1.996505,0.000038,57.381863,54.289337,54.460175
2,21.200000,2,3,0.246284,3.791312,61.509666,55.292793,55.247360
3,21.200000,3,4,3.791312,0.000000,54.564468,53.008862,54.069824
1,21.400000,1,2,1.996505,0.120962,54.775833,56.581116,55.932674
0,21.400000,1,0,1.996505,0.000038,53.587864,54.103703,54.460175
2,21.400000,2,3,0.120962,3.791312,56.868702,56.055492,55.034492
3,21.400000,3,4,3.791312,0.000000,49.991985,53.705399,54.069824
1,21.600000,1,2,1.874366,0.120963,54.791969,56.656788,55.738068
0,21.600000,1,0,1.874366,0.000038,53.514698,53.817471,54.678844
2,21.600000,2,3,0.120963,3.791312,55.533321,55.194424,55.034492
3,21.600000,3,4,3.791312,0.000000,53.772396,54.887459,54.069824
1,21.800000,1,2,1.749807,0.253184,54.409557,56.261944,55.317192
0,21.800000,1,0,1.749807,0.000039,58.547752,54.703430,54.897400
2,21.800000,2,3,0.253184,3.791313,51.715176,55.139954,55.258957
3,21.800000,3,4,3.791313,0.000000,52.928867,53.350819,54.069828
1,22.000000,1,2,1.749808,0.253184,54.682171,55.960182,55.317192
0,22.000000,1,0,1.749808,0.000039,58.463673,54.966068,54.897400
2,22.000000,2,3,0.253184,3.791313,59.731789,55.816792,55.258957
3,22.000000,3,4,3.791313,0.000000,49.209690,53.251404,54.069828
1,22.200000,1,2,1.749808,0.253185,57.141773,55.736725,55.317192
0,22.200000,1,0,1.749808,0.000039,59.158760,55.361008,54.897400
2,22.200000,2,3,0.253185,3.791313,55.091953,56.038868,55.258957
3,22.200000,3,4,3.791313,0.000000,53.617802,54.577747,54.069832
1,22.400000,1,2,1.749809,0.253185,56.398293,56.406139,55.317192
0,22.400000,1,0,1.749809,0.000040,55.506115,56.221844,54.897400
2,22.400000,2,3,0.253185,3.791314,49.029839,56.728928,55.258957
3,22.400000,3,4,3.791314,0.000000,53.050484,55.483631,54.069832
1,22.600000,1,2,1.749809,0.253185,58.014942,56.062130,55.317192
0,22.600000,1,0,1.749809,0.000040,53.198044,55.754307,54.897400
2,22.600000,2,3,0.253185,3.647475,56.627602,56.364960,55.497986
3,22.600000,3,4,3.647475,0.000000,55.428246,52.962238,53.796783
1,22.800000,1,2,1.749809,0.253186,61.041664,55.560448,55.317192
0,22.800000,1,0,1.749809,0.000040,55.410427,55.836685,54.897400
2,22.800000,2,3,0.253186,3.647476,56.412628,56.647198,55.497986
3,22.800000,3,4,3.647476,0.000000,51.463242,54.635765,53.796783
1,23.000000,1,2,1.749810,0.253186,53.050987,55.242168,55.317192
0,23.000000,1,0,1.749810,0.000041,58.753300,56.380089,54.897400
2,23.000000,2,3,0.253186,3.886539,50.047867,57.206348,55.097771
3,23.000000,3,4,3.886539,0.000000,52.125080,54.739296,54.246887
1,23.200000,1,2,1.749810,0.253186,49.816814,55.260933,55.317192
0,23.200000,1,0,1.749810,0.000041,57.546806,56.189510,54.897400
2,23.200000,2,3,0.253186,3.765301,57.173901,56.534271,55.302582
3,23.200000,3,4,3.765301,0.000000,56.494034,54.604088,54.020954
1,23.400000,1,2,1.749810,0.370393,55.341915,55.883694,55.119522
0,23.400000,1,0,1.749810,0.000041,56.979042,55.974285,54.897400
2,23.400000,2,3,0.370393,3.765301,53.157059,56.769009,55.496971
3,23.400000,3,4,3.765301,0.000000,50.649883,54.078434,54.020958
1,23.600000,1,2,1.641363,0.370394,55.605167,55.260540,54.933365
0,23.600000,1,0,1.641363,0.000042,54.255604,55.662292,55.084171
2,23.600000,2,3,0.370394,3.765302,55.059021,56.335526,55.496971
3,23.600000,3,4,3.765302,0.000000,53.534061,55.210396,54.020958
1,23.800000,1,2,1.641363,0.370394,59.631115,54.901241,54.933365
0,23.800000,1,0,1.641363,0.000042,56.095829,55.622654,55.084171
2,23.800000,2,3,0.370394,3.606233,54.817722,55.926086,55.755348
3,23.800000,3,4,3.606233,0.000000,55.484478,54.502117,53.717209
1,24.000000,1,2,1.641364,0.507937,55.873425,55.084984,54.692581
0,24.000000,1,0,1.641364,0.000043,57.913849,56.029430,55.084171
2,24.000000,2,3,0.507937,3.606234,55.646351,56.959606,55.973907
3,24.000000,3,4,3.606234,0.000000,56.503242,53.272655,53.717209
1,24.200000,1,2,1.641364,0.351993,55.611641,55.751038,54.965179
0,24.200000,1,0,1.641364,0.000043,58.214478,55.599888,55.084171
2,24.200000,2,3,0.351993,3.823513,53.342098,56.516033,55.370300
3,24.200000,3,4,3.823513,0.000000,55.411068,54.876698,54.130024
1,24.400000,1,2,1.641364,0.351993,55.484859,55.473106,54.965179
0,24.400000,1,0,1.641364,0.000043,53.001358,56.344807,55.084171
2,24.400000,2,3,0.351993,3.823514,61.162659,55.542671,55.370300
3,24.400000,3,4,3.823514,0.000000,50.554653,54.294106,54.130028
1,24.600000,1,2,1.641365,0.351993,53.117828,55.129353,54.965179
0,24.600000,1,0,1.641365,0.000044,55.566025,56.509827,55.084171
2,24.600000,2,3,0.351993,3.823514,55.728588,55.512482,55.370300
3,24.600000,3,4,3.823514,0.000000,53.288921,54.161533,54.130028
1,24.800000,1,2,1.641365,0.351994,55.709507,55.251949,54.965179
0,24.800000,1,0,1.641365,0.000044,50.315586,56.168941,55.084171
2,24.800000,2,3,0.351994,3.823514,51.654964,55.794392,55.370300
3,24.800000,3,4,3.823514,0.000000,54.175411,52.654743,54.130028
1,25.000000,1,2,1.780824,0.351994,56.977158,55.374985,55.203300
0,25.000000,1,0,1.780824,0.000044,54.772240,55.540810,54.843399
2,25.000000,2,3,0.351994,3.823515,55.644253,56.294094,55.370300
3,25.000000,3,4,3.823515,0.000000,54.467056,54.174744,54.130028
1,25.200000,1,2,1.780824,0.351994,55.748344,55.741982,55.203300
0,25.200000,1,0,1.780824,0.000045,54.386177,54.805363,54.843399
2,25.200000,2,3,0.351994,3.823515,56.451008,56.194664,55.370300
3,25.200000,3,4,3.823515,0.000000,55.905785,54.039989,54.130028
1,25.400000,1,2,1.780824,0.351995,56.288387,55.459148,55.203300
0,25.400000,1,0,1.780824,0.000045,54.891052,54.689198,54.843399
2,25.400000,2,3,0.351995,3.823515,55.865623,56.710999,55.370300
3,25.400000,3,4,3.823515,0.000000,55.445141,55.022060,54.130028
1,25.600000,1,2,1.780825,0.242511,52.476124,56.202347,55.386642
0,25.600000,1,0,1.780825,0.000045,55.302608,54.947964,54.843399
2,25.600000,2,3,0.242511,3.823516,52.552582,55.726303,55.186676
3,25.600000,3,4,3.823516,0.000000,47.706905,53.232422,54.130028
1,25.800000,1,2,1.780825,0.242511,54.794258,56.608288,55.386642
0,25.800000,1,0,1.