0,0.200000,0,1,0.000000,0.000000,63.912380,NaN,57.577248
3,0.200000,3,4,0.000000,0.000000,45.588078,42.714947,42.529121
2,0.200000,3,2,0.000000,0.000000,57.326279,NaN,60.000000
1,0.200000,1,2,0.000000,0.000000,52.190754,NaN,52.474251
0,0.400000,0,1,0.000001,0.147467,60.931980,NaN,57.375244
3,0.400000,3,4,0.211553,0.000000,48.501717,44.504295,43.620190
2,0.400000,3,2,0.211553,-0.229385,59.864708,NaN,59.510384
1,0.400000,1,2,0.147467,-0.229385,53.226509,NaN,53.263203
0,0.600000,0,1,0.000001,0.147468,51.604458,59.271717,57.375244
3,0.600000,3,4,0.507136,0.000000,46.213737,45.207745,44.981594
2,0.600000,3,2,0.507136,-0.350950,54.379868,52.876877,59.025928
1,0.600000,1,2,0.147468,-0.350950,52.974209,53.826340,53.505943
0,0.800000,0,1,0.000001,0.337338,52.814373,57.500813,57.109497
3,0.800000,3,4,0.807137,0.000000,46.904667,44.437416,46.208298
2,0.800000,3,2,0.807137,-0.350950,58.355511,52.386398,58.663658
1,0.800000,1,2,0.337338,-0.350950,55.105122,53.885441,53.874538
0,1.000000,0,1,0.000002,0.337338,54.908165,57.621967,57.109497
3,1.000000,3,4,1.095159,0.000000,48.002468,46.424301,47.268482
2,1.000000,3,2,1.095159,-0.485706,59.152248,54.600929,58.131687
1,1.000000,1,2,0.337338,-0.485706,57.690292,54.351555,54.128754
0,1.200000,0,1,0.000002,0.498095,57.302704,57.196518,56.879292
3,1.200000,3,4,1.395159,0.000000,44.766628,47.262016,48.272675
2,1.200000,3,2,1.395159,-0.599175,56.385864,56.104889,57.584938
1,1.200000,1,2,0.498095,-0.599175,55.705299,54.109341,54.628387
0,1.400000,0,1,0.000002,0.498095,56.469234,57.239277,56.879292
3,1.400000,3,4,1.550157,0.000000,51.433941,48.535820,48.757259
2,1.400000,3,2,1.550157,-0.599174,58.770153,55.938526,57.372665
1,1.400000,1,2,0.498095,-0.599174,58.086605,53.994701,54.628387
0,1.600000,0,1,0.000003,0.498096,56.327774,57.147762,56.879292
3,1.600000,3,4,1.850157,0.000000,50.997059,48.901363,49.637871
2,1.600000,3,2,1.850157,-0.754811,54.354488,55.213856,56.723503
1,1.600000,1,2,0.498096,-0.754811,50.852226,53.431561,54.902050
0,1.800000,0,1,0.000003,0.498096,52.558029,57.052826,56.879292
3,1.800000,3,4,2.035989,0.000000,56.807392,50.272297,50.149578
2,1.800000,3,2,2.035989,-0.754811,51.655472,55.086575,56.447174
1,1.800000,1,2,0.498096,-0.754811,56.333263,53.561016,54.902050
0,2.000000,0,1,0.000004,0.498096,48.601288,56.455791,56.879292
3,2.000000,3,4,2.255646,0.000000,46.699642,50.234680,50.724884
2,2.000000,3,2,2.255646,-0.754811,62.573055,54.801567,56.111221
1,2.000000,1,2,0.498096,-0.754811,60.815571,54.506149,54.902050
0,2.200000,0,1,0.000004,0.498097,58.240540,55.982368,56.879292
3,2.200000,3,4,2.255646,0.000000,45.758053,49.548695,50.724884
2,2.200000,3,2,2.255646,-0.921493,56.603733,54.032509,55.849159
1,2.200000,1,2,0.498097,-0.921493,57.704395,54.884090,55.187683
0,2.400000,0,1,0.000004,0.617455,54.700447,56.226456,56.705158
3,2.400000,3,4,2.367633,0.000000,52.380257,50.735462,51.006859
2,2.400000,3,2,2.367633,-0.921493,53.506554,54.778408,55.669479
1,2.400000,1,2,0.617455,-0.921493,52.999756,55.503361,55.387695
0,2.600000,0,1,0.000005,0.617455,53.974377,56.503670,56.705158
3,2.600000,3,4,2.367633,0.000000,55.258511,49.113911,51.006859
2,2.600000,3,2,2.367633,-0.921493,58.365005,54.734428,55.669479
1,2.600000,1,2,0.617455,-0.921493,53.095284,55.687870,55.387695
0,2.800000,0,1,0.000005,0.739710,52.830029,57.487579,56.523857
3,2.800000,3,4,2.538804,0.000000,54.659843,50.975021,51.424191
2,2.800000,3,2,2.538804,-1.025063,59.252419,54.345783,55.215626
1,2.800000,1,2,0.739710,-1.025063,59.916157,55.937256,55.756332
0,3.000000,0,1,0.000005,0.739711,56.678329,56.540047,56.523857
3,3.000000,3,4,2.538804,0.000000,49.848026,50.255791,51.424194
2,3.000000,3,2,2.538804,-1.025063,50.833092,53.896362,55.215626
1,3.000000,1,2,0.739711,-1.025063,58.409492,56.816677,55.756332
0,3.200000,0,1,0.000006,0.739711,58.965805,56.058163,56.523857
3,3.200000,3,4,2.538805,0.000000,52.684597,51.225765,51.424194
2,3.200000,3,2,2.538805,-1.025063,60.408722,54.180660,55.215626
1,3.200000,1,2,0.739711,-1.025063,57.751194,57.224186,55.756332
0,3.400000,0,1,0.000006,0.739711,54.397549,56.598343,56.523857
3,3.400000,3,4,2.676312,0.000000,52.789204,51.090336,51.748203
2,3.400000,3,2,2.676312,-1.025062,52.256123,55.113136,54.981144
1,3.400000,1,2,0.739711,-1.025062,59.837364,57.623634,55.756332
0,3.600000,0,1,0.000006,0.739712,57.382435,55.753407,56.523857
3,3.600000,3,4,2.676312,0.000000,46.983017,51.276123,51.748207
2,3.600000,3,2,2.676312,-1.025062,53.691479,55.141941,54.981144
1,3.600000,1,2,0.739712,-1.025062,60.365833,57.367439,55.756332
0,3.800000,0,1,0.000007,0.739712,57.722401,55.395073,56.523857
3,3.800000,3,4,2.524173,0.000000,48.086746,51.315552,51.389137
2,3.800000,3,2,2.524173,-1.156558,50.801765,54.489952,55.016670
1,3.800000,1,2,0.739712,-1.156558,53.216225,57.493744,55.965355
0,4.000000,0,1,0.000007,0.739713,53.153431,54.525696,56.523857
3,4.000000,3,4,2.524173,0.000000,49.486923,51.240192,51.389137
2,4.000000,3,2,2.524173,-1.156558,51.792168,54.730301,55.016670
1,4.000000,1,2,0.739713,-1.156558,58.023907,57.674271,55.965355
0,4.200000,0,1,0.000007,0.739713,54.168442,54.647377,56.523857
3,4.200000,3,4,2.524173,0.000000,50.111713,51.162312,51.389137
2,4.200000,3,2,2.524173,-1.039672,52.450779,54.845669,55.215660
1,4.200000,1,2,0.739713,-1.039672,57.186958,57.261703,55.779758
0,4.400000,0,1,0.000008,0.739713,60.516464,53.916878,56.523857
3,4.400000,3,4,2.524173,0.000000,48.862186,51.224705,51.389137
2,4.400000,3,2,2.524173,-1.039672,54.857777,55.245441,55.215660
1,4.400000,1,2,0.739713,-1.039672,52.523380,56.963436,55.779758
0,4.600000,0,1,0.000008,0.848104,59.093105,54.130104,56.360542
3,4.600000,3,4,2.524174,0.000000,54.344597,50.983425,51.389141
2,4.600000,3,2,2.524174,-1.039671,61.093899,55.010544,55.215660
1,4.600000,1,2,0.848104,-1.039671,54.162586,56.323914,55.951973
0,4.800000,0,1,0.000008,0.848105,57.160732,53.702473,56.360542
3,4.800000,3,4,2.524174,0.000000,48.033607,51.863583,51.389145
2,4.800000,3,2,2.524174,-0.924616,53.464611,55.326855,55.408035
1,4.800000,1,2,0.848105,-0.924616,52.073208,56.053211,55.769081
0,5.000000,0,1,0.000009,0.848105,55.986767,54.344193,56.360542
3,5.000000,3,4,2.524175,0.000000,54.735058,51.086807,51.389145
2,5.000000,3,2,2.524175,-1.075551,57.291306,55.521843,55.154968
1,5.000000,1,2,0.848105,-1.075551,61.889256,55.809177,56.008385
0,5.200000,0,1,0.000009,0.848106,57.679768,54.395222,56.360542
3,5.200000,3,4,2.524175,0.000000,57.271851,52.812611,51.389145
2,5.200000,3,2,2.524175,-0.945782,56.810101,55.227478,55.372902
1,5.200000,1,2,0.848106,-0.945782,50.733414,55.738861,55.802959
0,5.400000,0,1,0.000010,0.848106,53.803806,54.921066,56.360542
3,5.400000,3,4,2.698394,0.000000,49.946072,51.691845,51.799347
2,5.400000,3,2,2.698394,-1.085737,49.658619,54.659687,54.837547
1,5.400000,1,2,0.848106,-1.085737,56.577759,55.432957,56.024349
0,5.600000,0,1,0.000010,1.033146,58.688660,55.276386,56.075935
3,5.600000,3,4,2.698394,0.000000,51.791248,53.115089,51.799347
2,5.600000,3,2,2.698394,-1.085736,54.956005,53.911293,54.837547
1,5.600000,1,2,1.033146,-1.085736,51.866997,56.149677,56.310295
0,5.800000,0,1,0.000010,1.033147,56.896263,55.406147,56.075935
3,5.800000,3,4,2.698395,0.000000,50.819294,50.437515,51.799347
2,5.800000,3,2,2.698395,-1.189247,55.505692,53.471886,54.655220
1,5.800000,1,2,1.033147,-1.189247,61.208767,56.173401,56.467030
0,6.000000,0,1,0.000011,1.033147,61.903973,54.386936,56.075935
3,6.000000,3,4,2.698395,0.000000,51.329308,52.359600,51.799347
2,6.000000,3,2,2.698395,-1.189247,58.716362,54.092457,54.655220
1,6.000000,1,2,1.033147,-1.189247,57.542740,56.191048,56.467030
0,6.200000,0,1,0.000011,1.033147,58.650364,55.137180,56.075935
3,6.200000,3,4,2.866504,0.000000,46.817360,52.522522,52.181000
2,6.200000,3,2,2.866504,-1.189247,59.857891,54.216156,54.352425
1,6.200000,1,2,1.033147,-1.189247,54.717773,55.798035,56.467030
0,6.400000,0,1,0.000011,1.033148,55.371758,55.803932,56.075935
3,6.400000,3,4,2.964194,0.000000,52.654564,50.753036,52.396767
2,6.400000,3,2,2.964194,-1.189246,53.355690,53.742321,54.172508
1,6.400000,1,2,1.033148,-1.189246,52.450291,56.250145,56.467030
0,6.600000,0,1,0.000012,1.033148,58.169750,55.900928,56.075935
3,6.600000,3,4,2.964194,0.000000,55.747108,52.859264,52.396767
2,6.600000,3,2,2.964194,-1.189246,53.152050,53.573402,54.172508
1,6.600000,1,2,1.033148,-1.189246,57.028263,56.553493,56.467030
0,6.800000,0,1,0.000012,1.033148,57.459141,55.702393,56.075935
3,6.800000,3,4,3.108166,0.000000,51.413902,51.717121,52.707142
2,6.800000,3,2,3.108166,-1.017858,59.005787,53.634624,54.223305
1,6.800000,1,2,1.033148,-1.017858,54.571598,56.843193,56.206276
0,7.000000,0,1,0.000012,1.033149,59.143497,55.813553,56.075935
3,7.000000,3,4,3.108166,0.000000,55.072922,52.888962,52.707142
2,7.000000,3,2,3.108166,-0.855289,60.523178,54.330341,54.519711
1,7.000000,1,2,1.033149,-0.855289,59.242493,56.869560,55.953018
0,7.200000,0,1,0.000013,0.913125,55.252277,56.002926,56.261391
3,7.200000,3,4,3.212555,0.000000,53.098331,52.237804,52.926765
2,7.200000,3,2,3.212555,-0.855289,57.238949,53.781025,54.330315
1,7.200000,1,2,0.913125,-0.855289,55.509991,55.905388,55.762173
0,7.400000,0,1,0.000013,0.913126,55.258728,56.231014,56.261391
3,7.400000,3,4,3.212556,0.000000,54.423588,52.402184,52.926765
2,7.400000,3,2,3.212556,-0.719894,54.563606,53.614323,54.575333
1,7.400000,1,2,0.913126,-0.719894,51.644745,56.205784,55.542782
0,7.600000,0,1,0.000013,0.913126,55.861343,56.415852,56.261391
3,7.600000,3,4,3.212556,0.000000,48.329231,53.124008,52.926765
2,7.600000,3,2,3.212556,-0.904417,56.790863,53.306686,54.240021
1,7.600000,1,2,0.913126,-0.904417,53.706242,56.181801,55.840698
0,7.800000,0,1,0.000014,0.913127,49.527542,55.894619,56.261391
3,7.800000,3,4,3.387552,0.000000,54.389324,53.744652,53.285252
2,7.800000,3,2,3.387552,-0.904417,53.948620,52.538979,53.912159
1,7.800000,1,2,0.913127,-0.904417,58.931519,55.884457,55.840698
0,8.000000,0,1,0.000014,0.913127,55.186676,55.530025,56.261391
3,8.000000,3,4,3.387552,0.000000,49.028290,54.374493,53.285252
2,8.000000,3,2,3.387552,-0.904417,55.236492,52.261662,53.912159
1,8.000000,1,2,0.913127,-0.904417,54.057976,55.557388,55.840698
0,8.200000,0,1,0.000015,0.913127,49.623993,55.768917,56.261391
3,8.200000,3,4,3.387553,0.000000,53.403542,54.277359,53.285255
2,8.200000,3,2,3.387553,-0.904416,51.137470,53.382053,53.912159
1,8.200000,1,2,0.913127,-0.904416,52.612072,55.742981,55.840698
0,8.400000,0,1,0.000015,0.913128,58.285023,56.458839,56.261391
3,8.400000,3,4,3.290985,0.000000,51.991013,52.114059,53.088898
2,8.400000,3,2,3.290985,-0.716838,48.550724,53.279186,54.439613
1,8.400000,1,2,0.913128,-0.716838,58.885357,55.865429,55.537781
0,8.600000,0,1,0.000015,0.913128,53.219688,56.371655,56.261391
3,8.600000,3,4,3.290985,0.000000,47.951553,53.104240,53.088898
2,8.600000,3,2,3.290985,-0.716838,51.642410,53.658241,54.439613
1,8.600000,1,2,0.913128,-0.716838,57.830093,55.093933,55.537781
0,8.800000,0,1,0.000016,1.028358,63.841866,56.172836,56.083401
3,8.800000,3,4,3.290986,0.000000,45.124512,53.426350,53.088898
2,8.800000,3,2,3.290986,-0.716837,53.876957,53.814079,54.439613
1,8.800000,1,2,1.028358,-0.716837,56.770996,54.996490,55.724861
0,9.000000,0,1,0.000016,1.181060,56.817387,55.803028,55.842949
3,9.000000,3,4,3.290986,0.000000,53.621849,53.459156,53.088898
2,9.000000,3,2,3.290986,-0.716837,57.072166,53.936886,54.439613
1,9.000000,1,2,1.181060,-0.716837,56.642677,55.208748,55.967918
0,9.200000,0,1,0.000016,1.181061,53.431976,55.335392,55.842949
3,9.200000,3,4,3.417171,0.000000,46.951214,54.348873,53.344772
2,9.200000,3,2,3.417171,-0.538267,58.110355,54.765774,54.534122
1,9.200000,1,2,1.181061,-0.538267,51.019432,55.065346,55.683144
0,9.400000,0,1,0.000017,1.181061,57.620979,55.297607,55.842949
3,9.400000,3,4,3.417171,0.000000,50.105762,53.136654,53.344772
2,9.400000,3,2,3.417171,-0.538267,54.067356,54.587364,54.534122
1,9.400000,1,2,1.181061,-0.538267,59.183762,54.788033,55.683144
0,9.600000,0,1,0.000017,1.181062,58.352493,55.181255,55.842949
3,9.600000,3,4,3.417171,0.000000,46.437393,52.050175,53.344772
2,9.600000,3,2,3.417171,-0.538266,61.159157,54.381676,54.534122
1,9.600000,1,2,1.181062,-0.538266,53.751316,54.606178,55.683144
0,9.800000,0,1,0.000017,1.181062,56.563160,54.962082,55.842949
3,9.800000,3,4,3.417172,0.000000,53.736309,52.647385,53.344776
2,9.800000,3,2,3.417172,-0.538266,55.482166,54.415424,54.534122
1,9.800000,1,2,1.181062,-0.538266,59.331722,54.986713,55.683144
0,10.000000,0,1,0.000018,1.181062,57.327900,54.951099,55.842949
3,10.000000,3,4,3.568311,0.000000,48.997055,54.042744,53.643524
2,10.000000,3,2,3.568311,-0.428576,55.621006,54.599037,54.459412
1,10.000000,1,2,1.181062,-0.428576,52.766090,54.457733,55.504440
0,10.200000,0,1,0.000018,1.331659,53.053673,54.679401,55.600471
3,10.200000,3,4,3.568311,0.000000,55.153675,54.633888,53.643524
2,10.200000,3,2,3.568311,-0.278142,53.010437,54.374832,54.728134
1,10.200000,1,2,1.331659,-0.278142,58.441406,53.754322,55.504711
0,10.400000,0,1,0.000018,1.446844,49.947891,54.129631,55.411293
3,10.400000,3,4,3.568311,0.000000,50.556160,52.439392,53.643524
2,10.400000,3,2,3.568311,-0.278142,60.155773,54.422394,54.728134
1,10.400000,1,2,1.446844,-0.278142,57.091454,53.932003,55.692284
0,10.600000,0,1,0.000019,1.446845,51.581219,53.552647,55.411293
3,10.600000,3,4,3.568312,0.000000,56.020294,53.055122,53.643524
2,10.600000,3,2,3.568312,-0.278142,53.641754,55.179947,54.728134
1,10.600000,1,2,1.446845,-0.278142,56.061905,54.687893,55.692284
0,10.800000,0,1,0.000019,1.446845,56.583969,53.940884,55.411293
3,10.800000,3,4,3.719812,0.000000,51.286079,53.833958,53.934956
2,10.800000,3,2,3.719812,-0.164680,57.329372,54.759438,54.660812
1,10.800000,1,2,1.446845,-0.164680,50.685242,55.197166,55.507538
0,11.000000,0,1,0.000019,1.446845,56.846760,54.676964,55.411293
3,11.000000,3,4,3.719812,0.000000,53.635090,54.231243,53.934956
2,11.000000,3,2,3.719812,-0.058852,53.020546,54.146526,54.847092
1,11.000000,1,2,1.446845,-0.058852,52.523399,55.071972,55.332344
0,11.200000,0,1,0.000020,1.446846,52.049862,54.627625,55.411293
3,11.200000,3,4,3.587159,0.000000,53.289230,54.124779,53.680206
2,11.200000,3,2,3.587159,0.204690,57.164196,55.232117,55.517399
1,11.200000,1,2,1.446846,0.204690,49.667347,54.757278,54.883366
0,11.400000,0,1,0.000020,1.446846,58.429741,54.697182,55.411293
3,11.400000,3,4,3.587159,0.000000,59.839989,53.328861,53.680206
2,11.400000,3,2,3.587159,0.071405,61.982430,55.813297,55.296486
1,11.400000,1,2,1.446846,0.071405,53.892887,53.723228,55.112755
0,11.600000,0,1,0.000021,1.446846,52.813782,54.886894,55.411293
3,11.600000,3,4,3.587159,0.000000,53.824821,52.519714,53.680206
2,11.600000,3,2,3.587159,0.071405,54.909325,57.075966,55.296486
1,11.600000,1,2,1.446846,0.071405,57.871273,54.249092,55.112755
0,11.800000,0,1,0.000021,1.446847,52.299664,55.721401,55.411293
3,11.800000,3,4,3.587160,0.000000,53.522545,53.705990,53.680206
2,11.800000,3,2,3.587160,0.071405,54.654881,57.168793,55.296486
1,11.800000,1,2,1.446847,0.071405,56.025074,53.761452,55.112755
0,12.000000,0,1,0.000021,1.446847,54.499573,55.760586,55.411293
3,12.000000,3,4,3.587160,0.000000,51.425880,54.521095,53.680210
2,12.000000,3,2,3.587160,0.071406,52.530636,57.080696,55.296486
1,12.000000,1,2,1.446847,0.071406,53.795116,53.711075,55.112755
0,12.200000,0,1,0.000022,1.446848,54.319691,55.974831,55.411293
3,12.200000,3,4,3.587160,0.000000,55.283432,53.750622,53.680210
2,12.200000,3,2,3.587160,0.071406,52.981983,56.967842,55.296486
1,12.200000,1,2,1.446848,0.071406,57.069698,53.625023,55.112755
0,12.400000,0,1,0.000022,1.446848,60.942162,55.891457,55.411293
3,12.400000,3,4,3.587161,0.000000,53.879608,53.222637,53.680214
2,12.400000,3,2,3.587161,0.071406,57.900654,56.284531,55.296486
1,12.400000,1,2,1.446848,0.071406,57.776230,53.181168,55.112755
0,12.600000,0,1,0.000022,1.446848,49.706490,55.753582,55.411293
3,12.600000,3,4,3.801898,0.000000,52.967789,52.761139,54.089653
2,12.600000,3,2,3.801898,0.071407,50.854813,56.255577,54.930840
1,12.600000,1,2,1.446848,0.071407,57.785412,53.704338,55.112755
0,12.800000,0,1,0.000023,1.341811,59.575333,55.465164,55.583939
3,12.800000,3,4,3.801898,0.000000,56.513470,53.850769,54.089653
2,12.800000,3,2,3.801898,0.071407,60.250565,56.084110,54.930840
1,12.800000,1,2,1.341811,0.071407,54.089848,53.034325,54.932388
0,13.000000,0,1,0.000023,1.341811,56.127460,55.529709,55.583939
3,13.000000,3,4,3.922973,0.000000,50.192112,54.363075,54.313881
2,13.000000,3,2,3.922973,0.071407,51.821011,55.422226,54.719112
1,13.000000,1,2,1.341811,0.071407,58.953461,52.785820,54.932388
0,13.200000,0,1,0.000023,1.341812,58.684277,55.303585,55.583939
3,13.200000,3,4,3.790592,0.000000,57.711426,53.969082,54.068478
2,13.200000,3,2,3.790592,0.071408,52.047329,54.834427,54.950401
1,13.200000,1,2,1.341812,0.071408,55.128536,53.160866,54.932388
0,13.400000,0,1,0.000024,1.454049,51.717144,55.620155,55.399361
3,13.400000,3,4,3.790593,0.000000,50.329533,54.877502,54.068478
2,13.400000,3,2,3.790593,0.071408,53.690224,55.815174,54.950401
1,13.400000,1,2,1.454049,0.071408,55.782513,53.789120,55.125008
0,13.600000,0,1,0.000024,1.608167,52.994148,55.102119,55.140678
3,13.600000,3,4,3.894440,0.000000,53.758533,54.134686,54.261452
2,13.600000,3,2,3.894440,-0.078240,59.171406,55.895164,54.503105
1,13.600000,1,2,1.608167,-0.078240,56.839104,54.542458,55.629822
0,13.800000,0,1,0.000024,1.608167,54.029163,54.374409,55.140678
3,13.800000,3,4,3.894441,0.000000,54.772423,53.384228,54.261452
2,13.800000,3,2,3.894441,-0.078240,53.491879,55.223366,54.503105
1,13.800000,1,2,1.608167,-0.078240,55.035282,55.338375,55.629822
0,14.000000,0,1,0.000025,1.608167,56.610981,54.523811,55.140678
3,14.000000,3,4,3.894441,0.000000,52.197395,53.824711,54.261452
2,14.000000,3,2,3.894441,-0.078240,59.832161,54.453922,54.503105
1,14.000000,1,2,1.608167,-0.078240,58.859272,54.788353,55.629822
0,14.200000,0,1,0.000025,1.608168,57.293438,53.960533,55.140678
3,14.200000,3,4,3.789231,0.000000,50.125263,54.099037,54.065926
2,14.200000,3,2,3.789231,-0.078239,53.955105,54.078957,54.690994
1,14.200000,1,2,1.608168,-0.078239,55.191803,55.107029,55.629822
0,14.400000,0,1,0.000026,1.608168,55.063080,53.496037,55.140678
3,14.400000,3,4,3.789231,0.000000,56.356014,54.705051,54.065926
2,14.400000,3,2,3.789231,-0.078239,51.911453,55.480419,54.690994
1,14.400000,1,2,1.608168,-0.078239,58.222824,54.472717,55.629822
0,14.600000,0,1,0.000026,1.608168,52.729130,53.784500,55.140678
3,14.600000,3,4,3.789231,0.000000,55.231194,54.061180,54.065926
2,14.600000,3,2,3.789231,0.148928,55.022835,55.661404,55.085911
1,14.600000,1,2,1.608168,0.148928,53.954357,54.257118,55.254536
0,14.800000,0,1,0.000026,1.608169,53.509609,54.504993,55.140678
3,14.800000,3,4,3.789232,0.000000,52.577320,53.277447,54.065926
2,14.800000,3,2,3.789232,-0.031432,49.874035,55.815025,54.773544
1,14.800000,1,2,1.608169,-0.031432,53.083469,53.739704,55.553551
0,15.000000,0,1,0.000027,1.608169,55.228516,53.846676,55.140678
3,15.000000,3,4,3.929587,0.000000,52.568565,54.189495,54.325996
2,15.000000,3,2,3.929587,-0.031432,58.610638,55.763371,54.524094
1,15.000000,1,2,1.608169,-0.031432,54.211102,54.100964,55.553551
0,15.200000,0,1,0.000027,1.608170,56.675220,53.879162,55.140678
3,15.200000,3,4,3.929587,0.000000,48.760136,53.558060,54.325996
2,15.200000,3,2,3.929587,-0.031431,56.029358,55.088604,54.524094
1,15.200000,1,2,1.608170,-0.031431,52.313316,54.251968,55.553551
0,15.400000,0,1,0.000027,1.608170,50.172638,54.134636,55.140678
3,15.400000,3,4,3.929587,0.000000,55.291424,53.127064,54.325996
2,15.400000,3,2,3.929587,-0.131483,50.234905,56.170914,54.342705
1,15.400000,1,2,1.608170,-0.131483,60.087799,55.459713,55.715939
0,15.600000,0,1,0.000028,1.716691,55.766350,54.186653,54.954758
3,15.600000,3,4,3.929588,0.000000,54.445938,54.162888,54.325996
2,15.600000,3,2,3.929588,-0.131482,51.302643,55.018501,54.342705
1,15.600000,1,2,1.716691,-0.131482,52.506012,55.675114,55.889366
0,15.800000,0,1,0.000028,1.716691,53.858593,54.424564,54.954758
3,15.800000,3,4,3.929588,0.000000,46.161411,53.567860,54.325996
2,15.800000,3,2,3.929588,-0.131482,56.040703,55.107597,54.342705
1,15.800000,1,2,1.716691,-0.131482,55.587627,55.974834,55.889366
0,16.000000,0,1,0.000028,1.573607,53.634346,54.397095,55.199230
3,16.000000,3,4,3.929588,0.000000,51.992149,53.839302,54.325996
2,16.000000,3,2,3.929588,-0.131482,51.916088,55.712181,54.342705
1,16.000000,1,2,1.573607,-0.131482,57.645596,56.519859,55.660110
0,16.200000,0,1,0.000029,1.573607,53.442307,54.193287,55.199230
3,16.200000,3,4,3.929589,0.000000,57.479698,53.846367,54.325996
2,16.200000,3,2,3.929589,-0.131481,57.242435,55.935345,54.342705
1,16.200000,1,2,1.573607,-0.131481,54.493179,56.161880,55.660110
0,16.400000,0,1,0.000029,1.573608,58.662086,54.864136,55.199230
3,16.400000,3,4,4.063873,0.000000,56.249752,53.743271,54.569118
2,16.400000,3,2,4.063873,-0.011721,54.972118,55.921894,54.316124
1,16.400000,1,2,1.573608,-0.011721,54.203995,55.582870,55.464436
0,16.600000,0,1,0.000029,1.415124,55.757526,54.648575,55.463737
3,16.600000,3,4,4.063873,0.000000,56.182236,54.717018,54.569118
2,16.600000,3,2,4.063873,-0.119189,52.333519,55.806458,54.117363
1,16.600000,1,2,1.415124,-0.119189,50.737129,55.577892,55.379997
0,16.800000,0,1,0.000030,1.415125,54.317287,56.318676,55.463737
3,16.800000,3,4,4.063873,0.000000,56.021606,54.028442,54.569122
2,16.800000,3,2,4.063873,-0.119189,49.300674,55.257030,54.117363
1,16.800000,1,2,1.415125,-0.119189,51.939327,55.489605,55.379997
0,17.000000,0,1,0.000030,1.415125,57.087898,56.448696,55.463737
3,17.000000,3,4,4.063874,0.000000,53.132679,53.909184,54.569122
2,17.000000,3,2,4.063874,-0.009300,57.088318,55.256863,54.320557
1,17.000000,1,2,1.415125,-0.009300,46.314865,54.907303,55.195854
0,17.200000,0,1,0.000030,1.306295,53.893513,56.477219,55.641716
3,17.200000,3,4,4.063874,0.000000,55.234161,54.700825,54.569122
2,17.200000,3,2,4.063874,-0.009300,51.690914,55.502285,54.320557
1,17.200000,1,2,1.306295,-0.009300,54.815044,54.213200,55.010357
0,17.400000,0,1,0.000031,1.206787,57.621986,56.673695,55.801929
3,17.400000,3,4,4.063874,0.000000,55.927299,54.697159,54.569122
2,17.400000,3,2,4.063874,-0.009300,58.961178,55.449982,54.320557
1,17.400000,1,2,1.206787,-0.009300,55.877476,53.661587,54.837929
0,17.600000,0,1,0.000031,1.409746,58.091564,56.584087,55.472607
3,17.600000,3,4,4.063875,0.000000,49.235615,55.341640,54.569122
2,17.600000,3,2,4.063875,-0.009299,56.969151,56.024708,54.320557
1,17.600000,1,2,1.409746,-0.009299,51.530571,53.709095,55.186760
0,17.800000,0,1,0.000032,1.409746,53.044502,55.618172,55.472607
3,17.800000,3,4,4.063875,0.000000,54.583168,54.068592,54.569122
2,17.800000,3,2,4.063875,-0.009299,55.353825,56.273701,54.320557
1,17.800000,1,2,1.409746,-0.009299,48.162163,54.250008,55.186760
0,18.000000,0,1,0.000032,1.409746,54.732059,56.019135,55.472607
3,18.000000,3,4,4.063876,0.000000,50.509132,54.494377,54.569122
2,18.000000,3,2,4.063876,-0.009298,56.827427,56.301029,54.320557
1,18.000000,1,2,1.409746,-0.009298,49.659744,53.587513,55.186760
0,18.200000,0,1,0.000032,1.409747,58.210705,55.939735,55.472607
3,18.200000,3,4,4.063876,0.000000,48.785934,53.530239,54.569122
2,18.200000,3,2,4.063876,-0.009298,56.929024,55.587471,54.320557
1,18.200000,1,2,1.409747,-0.009298,51.439598,53.819683,55.186760
0,18.400000,0,1,0.000033,1.409747,57.707241,56.127998,55.472607
3,18.400000,3,4,4.063876,0.000000,54.193714,55.015739,54.569126
2,18.400000,3,2,4.063876,-0.009298,59.101730,55.707756,54.320557
1,18.400000,1,2,1.409747,-0.009298,52.914963,54.295464,55.186760
0,18.600000,0,1,0.000033,1.544956,52.931877,56.189144,55.247536
3,18.600000,3,4,4.190863,0.000000,52.387791,54.683674,54.794132
2,18.600000,3,2,4.190863,-0.009297,51.293861,54.948639,54.085400
1,18.600000,1,2,1.544956,-0.009297,57.136578,55.090450,55.413078
0,18.800000,0,1,0.000033,1.302973,48.522263,55.903999,55.647102
3,18.800000,3,4,4.190863,0.000000,57.617207,53.096733,54.794132
2,18.800000,3,2,4.190863,-0.009297,47.878773,54.826260,54.085400
1,18.800000,1,2,1.302973,-0.009297,52.260246,55.846825,55.004639
0,19.000000,0,1,0.000034,1.302974,59.274681,56.478016,55.647102
3,19.000000,3,4,4.190863,0.000000,55.932720,53.779549,54.794132
2,19.000000,3,2,4.190863,-0.009297,49.606216,54.816036,54.085400
1,19.000000,1,2,1.302974,-0.009297,54.775970,56.261440,55.004639
0,19.200000,0,1,0.000034,1.302974,58.732346,56.363361,55.647102
3,19.200000,3,4,4.190864,0.000000,53.482536,55.989208,54.794132
2,19.200000,3,2,4.190864,-0.009296,58.519470,54.736145,54.085400
1,19.200000,1,2,1.302974,-0.009296,57.702896,56.445793,55.004639
0,19.400000,0,1,0.000034,1.467800,57.498283,56.614952,55.376545
3,19.400000,3,4,4.190864,0.000000,54.911846,55.568665,54.794132
2,19.400000,3,2,4.190864,-0.009296,59.399315,55.003536,54.085400
1,19.400000,1,2,1.467800,-0.009296,57.901806,57.043129,55.284508
0,19.600000,0,1,0.000035,1.467800,59.045513,55.946880,55.376545
3,19.600000,3,4,4.081338,0.000000,52.226593,54.783073,54.600342
2,19.600000,3,2,4.081338,-0.009296,53.518143,55.116344,54.288521
1,19.600000,1,2,1.467800,-0.009296,56.932758,57.010624,55.284508
0,19.800000,0,1,0.000035,1.467800,53.692272,56.295551,55.376545
3,19.800000,3,4,4.081338,0.000000,56.873844,54.958275,54.600342
2,19.800000,3,2,4.081338,-0.009295,53.166077,55.014191,54.288521
1,19.800000,1,2,1.467800,-0.009295,58.181835,56.963032,55.284508
0,20.000000,0,1,0.000035,1.467801,55.072727,55.870331,55.376545
3,20.000000,3,4,4.081339,0.000000,53.405697,54.575165,54.600342
2,20.000000,3,2,4.081339,-0.009295,54.651596,55.422020,54.288521
1,20.000000,1,2,1.467801,-0.009295,52.700531,56.670658,55.284508
0,20.200000,0,1,0.000036,1.467801,51.236919,55.807301,55.376545
3,20.200000,3,4,4.081339,0.000000,56.628120,55.753250,54.600346
2,20.200000,3,2,4.081339,-0.009295,54.175037,54.597115,54.288521
1,20.200000,1,2,1.467801,-0.009295,57.527069,57.127640,55.284508
0,20.400000,0,1,0.000036,1.467802,51.477070,56.018810,55.376545
3,20.400000,3,4,4.081339,0.000000,54.358101,54.097004,54.600346
2,20.400000,3,2,4.081339,0.094724,49.055664,54.726196,54.477974
1,20.400000,1,2,1.467802,0.094724,53.704948,56.112644,55.108730
0,20.600000,0,1,0.000037,1.467802,51.977531,55.951195,55.376545
3,20.600000,3,4,4.081340,0.000000,50.451294,54.724785,54.600346
2,20.600000,3,2,4.081340,0.094724,53.037132,55.039795,54.477974
1,20.600000,1,2,1.467802,0.094724,52.104946,55.020786,55.108730
0,20.800000,0,1,0.000037,1.467802,58.674179,56.097260,55.376545
3,20.800000,3,4,4.081340,0.000000,52.474945,53.562927,54.600349
2,20.800000,3,2,4.081340,0.094725,50.656002,53.979870,54.477974
1,20.800000,1,2,1.467802,0.094725,52.609428,54.695427,55.108730
0,21.000000,0,1,0.000037,1.337642,56.083328,55.876534,55.590759
3,21.000000,3,4,3.906858,0.000000,54.258816,55.205246,54.284302
2,21.000000,3,2,3.906858,0.094725,52.262367,53.399578,54.788525
1,21.000000,1,2,1.337642,0.094725,49.181316,54.811989,54.884689
0,21.200000,0,1,0.000038,1.337642,58.683113,56.553207,55.590759
3,21.200000,3,4,3.906859,0.000000,52.403591,55.140015,54.284302
2,21.200000,3,2,3.906859,0.094725,59.263973,53.822117,54.788525
1,21.200000,1,2,1.337642,0.094725,54.424088,55.217621,54.884689
0,21.400000,0,1,0.000038,1.337643,52.478836,57.121078,55.590759
3,21.400000,3,4,3.906859,0.000000,56.531647,55.478809,54.284302
2,21.400000,3,2,3.906859,0.094726,51.396240,53.720375,54.788525
1,21.400000,1,2,1.337643,0.094726,56.328129,54.539867,54.884689
0,21.600000,0,1,0.000038,1.337643,49.881027,56.858833,55.590759
3,21.600000,3,4,3.906859,0.000000,58.200577,53.516354,54.284302
2,21.600000,3,2,3.906859,0.216005,54.958256,53.451481,54.999264
1,21.600000,1,2,1.337643,0.216005,49.597759,54.641617,54.671692
0,21.800000,0,1,0.000039,1.337643,56.250561,56.905964,55.590759
3,21.800000,3,4,4.104049,0.000000,57.091675,55.148155,54.640812
2,21.800000,3,2,4.104049,0.362887,53.500305,54.432884,54.912342
1,21.800000,1,2,1.337643,0.362887,54.191212,54.033512,54.408005
0,22.000000,0,1,0.000039,1.337644,59.045639,56.253849,55.590759
3,22.000000,3,4,4.233094,0.000000,50.810699,55.332375,54.867939
2,22.000000,3,2,4.233094,0.362887,56.309063,54.124413,54.686146
1,22.000000,1,2,1.337644,0.362887,57.338535,53.983109,54.408005
0,22.200000,0,1,0.000039,1.547271,64.365387,55.902714,55.243652
3,22.200000,3,4,4.233095,0.000000,51.784218,55.482418,54.867943
2,22.200000,3,2,4.233095,0.362888,53.687756,53.651711,54.686146
1,22.200000,1,2,1.547271,0.362888,54.293259,53.369724,54.782410
0,22.400000,0,1,0.000040,1.547271,54.200573,54.834919,55.243652
3,22.400000,3,4,4.233095,0.000000,53.325550,54.157604,54.867943
2,22.400000,3,2,4.233095,0.362888,52.705364,53.256855,54.686146
1,22.400000,1,2,1.547271,0.362888,52.492439,53.453461,54.782410
0,22.600000,0,1,0.000040,1.547272,54.932125,54.610855,55.243652
3,22.600000,3,4,4.122483,0.000000,54.103844,53.822208,54.673550
2,22.600000,3,2,4.122483,0.362889,52.730499,53.321785,54.880318
1,22.600000,1,2,1.547272,0.362889,54.261375,53.763783,54.782410
0,22.800000,0,1,0.000040,1.547272,51.784332,55.414059,55.243652
3,22.800000,3,4,4.122483,0.000000,54.995323,54.372829,54.673550
2,22.800000,3,2,4.122483,0.253666,57.560555,53.686569,54.688606
1,22.800000,1,2,1.547272,0.253666,58.940346,54.205971,54.972488
0,23.000000,0,1,0.000041,1.547272,51.463810,55.066788,55.243652
3,23.000000,3,4,4.122484,0.000000,57.211403,55.005131,54.673553
2,23.000000,3,2,4.122484,0.253666,54.376846,53.399265,54.688606
1,23.000000,1,2,1.547272,0.253666,53.084164,53.722599,54.972488
0,23.200000,0,1,0.000041,1.547273,53.771473,55.218910,55.243652
3,23.200000,3,4,4.015539,0.000000,54.544758,54.646358,54.482235
2,23.200000,3,2,4.015539,0.253666,57.056477,53.329540,54.876358
1,23.200000,1,2,1.547273,0.253666,57.014675,53.646164,54.972488
0,23.400000,0,1,0.000041,1.682995,58.645687,55.067593,55.012852
3,23.400000,3,4,4.015539,0.000000,51.541809,53.517735,54.482235
2,23.400000,3,2,4.015539,0.253667,54.313412,53.159794,54.876358
1,23.400000,1,2,1.682995,0.253667,59.682606,54.249146,55.204140
0,23.600000,0,1,0.000042,1.682995,57.851536,55.064747,55.012852
3,23.600000,3,4,3.814294,0.000000,54.924240,53.081650,54.112823
2,23.600000,3,2,3.814294,0.253667,54.744495,53.579315,55.221092
1,23.600000,1,2,1.682995,0.253667,57.537380,53.940968,55.204140
0,23.800000,0,1,0.000042,1.682996,59.783340,54.613934,55.012852
3,23.800000,3,4,3.814294,0.000000,51.449097,53.719521,54.112823
2,23.800000,3,2,3.814294,0.253667,52.546558,53.873016,55.221092
1,23.800000,1,2,1.682996,0.253667,54.614960,54.033836,55.204140
0,24.000000,0,1,0.000043,1.682996,55.384499,55.184319,55.012852
3,24.000000,3,4,4.013678,0.000000,56.852318,54.339161,54.478878
2,24.000000,3,2,4.013678,0.253668,54.222767,54.050404,54.879597
1,24.000000,1,2,1.682996,0.253668,54.269321,54.239006,55.204140
0,24.200000,0,1,0.000043,1.953759,52.576702,55.496864,54.537212
3,24.200000,3,4,4.013679,0.000000,57.234402,53.974602,54.478878
2,24.200000,3,2,4.013679,0.253668,50.270924,54.181850,54.879597
1,24.200000,1,2,1.953759,0.253668,54.201893,54.632271,55.652016
0,24.400000,0,1,0.000043,1.953759,55.205315,54.967445,54.537212
3,24.400000,3,4,4.013679,0.000000,51.783184,54.616714,54.478878
2,24.400000,3,2,4.013679,0.253669,52.740540,54.267067,54.879597
1,24.400000,1,2,1.953759,0.253669,56.078232,55.719967,55.652016
0,24.600000,0,1,0.000044,1.953760,59.125420,54.848080,54.537212
3,24.600000,3,4,4.013679,0.000000,54.064537,54.539257,54.478882
2,24.600000,3,2,4.013679,0.390958,56.697548,54.069019,55.115883
1,24.600000,1,2,1.953760,0.390958,53.464195,55.769566,55.427231
0,24.800000,0,1,0.000044,1.757174,58.365120,54.539242,54.884605
3,24.800000,3,4,4.013680,0.000000,53.253231,55.274979,54.478882
2,24.800000,3,2,4.013680,0.390958,57.065723,54.145092,55.115883
1,24.800000,1,2,1.757174,0.390958,55.774456,54.866272,55.097034
0,25.000000,0,1,0.000044,1.757175,58.508865,55.071899,54.884605
3,25.000000,3,4,4.013680,0.000000,55.133392,54.045979,54.478882
2,25.000000,3,2,4.013680,0.571184,51.682358,54.544029,55.418465
1,25.000000,1,2,1.757175,0.571184,51.760761,54.785622,54.785233
0,25.200000,0,1,0.000045,1.873928,54.219414,54.971069,54.679630
3,25.200000,3,4,4.013680,0.000000,51.074833,55.692375,54.478882
2,25.200000,3,2,4.013680,0.462068,59.854225,54.707157,55.236279
1,25.200000,1,2,1.873928,0.462068,57.359184,54.523144,55.174603
0,25.400000,0,1,0.000045,1.873929,62.719650,53.723400,54.679630
3,25.400000,3,4,4.013680,0.000000,51.525249,55.251801,54.478882
2,25.400000,3,2,4.013680,0.462068,52.894173,54.905518,55.236279
1,25.400000,1,2,1.873929,0.462068,57.701042,55.231247,55.174603
0,25.600000,0,1,0.000045,1.873929,54.371349,54.127193,54.679630
3,25.600000,3,4,4.013681,0.000000,56.056889,55.241215,54.478882
2,25.600000,3,2,4.013681,0.462068,56.033195,55.207664,55.236279
1,25.600000,1,2,1.873929,0.462068,53.561096,55.184090,55.174603
0,25.800000,0,1,0.000046,1.873929,58.164425,55.225513,54.6