2,0.200000,3,2,0.000000,0.000000,57.883240,NaN,60.000000
3,0.200000,3,4,0.000000,0.000000,38.561817,43.062588,42.529121
1,0.200000,1,2,0.000000,0.000000,53.885445,NaN,52.474251
0,0.200000,1,0,0.000000,0.000000,57.042171,NaN,57.577248
2,0.400000,3,2,0.300001,-0.131286,56.950615,NaN,59.521339
3,0.400000,3,4,0.300001,0.000000,44.464626,43.959507,44.045746
1,0.400000,1,2,0.164650,-0.131286,54.693523,NaN,53.098568
0,0.400000,1,0,0.164650,0.000001,53.738007,NaN,57.351463
2,0.600000,3,2,0.489559,-0.362328,61.919430,64.141312,59.033287
3,0.600000,3,4,0.489559,0.000000,40.328117,45.311157,44.905235
1,0.600000,1,2,0.329591,-0.362328,53.714222,51.876122,53.881470
0,0.600000,1,0,0.329591,0.000001,57.309475,56.025223,57.120464
2,0.800000,3,2,0.649606,-0.512411,54.814995,59.213161,58.658829
3,0.800000,3,4,0.649606,0.000000,47.613892,47.776718,45.581451
1,0.800000,1,2,0.431920,-0.512411,53.063499,53.954857,54.352577
0,0.800000,1,0,0.431920,0.000001,61.196304,56.361137,56.974644
2,1.000000,3,2,0.927306,-0.512411,56.277618,59.272278,58.312202
3,1.000000,3,4,0.927306,0.000000,48.830971,46.276402,46.663277
1,1.000000,1,2,0.431921,-0.512411,56.763012,54.010265,54.352577
0,1.000000,1,0,0.431921,0.000002,59.539711,56.008930,56.974644
2,1.200000,3,2,1.149266,-0.512410,56.706676,59.616947,58.026970
3,1.200000,3,4,1.149266,0.000000,44.103336,46.616993,47.456593
1,1.200000,1,2,0.431921,-0.512410,58.373848,55.159260,54.352577
0,1.200000,1,0,0.431921,0.000002,59.015293,55.868847,56.974644
2,1.400000,3,2,1.407656,-0.512410,60.530014,58.745178,57.685196
3,1.400000,3,4,1.407656,0.000000,45.756824,48.692051,48.312553
1,1.400000,1,2,0.613561,-0.512410,52.895439,55.199776,54.679375
0,1.400000,1,0,0.613561,0.000002,57.083698,56.892349,56.710884
2,1.600000,3,2,1.514910,-0.512409,58.235588,57.165913,57.540108
3,1.600000,3,4,1.514910,0.000000,46.418526,47.982658,48.648949
1,1.600000,1,2,0.613561,-0.512409,54.338543,55.708645,54.679375
0,1.600000,1,0,0.613561,0.000003,60.428028,55.976749,56.710884
2,1.800000,3,2,1.672801,-0.375769,53.279446,57.053825,57.511131
3,1.800000,3,4,1.672801,0.000000,51.470959,49.913620,49.125938
1,1.800000,1,2,0.719485,-0.375769,58.353127,56.208920,54.624794
0,1.800000,1,0,0.719485,0.000003,58.039810,54.996277,56.554054
2,2.000000,3,2,1.848747,-0.375769,57.964207,57.092541,57.268188
3,2.000000,3,4,1.848747,0.000000,50.012886,48.745930,49.633896
1,2.000000,1,2,0.719486,-0.375769,52.948994,55.562885,54.624794
0,2.000000,1,0,0.719486,0.000004,58.730812,53.968849,56.554054
2,2.200000,3,2,1.951522,-0.375768,60.806973,56.172001,57.123718
3,2.200000,3,4,1.951522,0.000000,48.724045,50.826027,49.919975
1,2.200000,1,2,0.719486,-0.375768,52.329346,55.928425,54.624794
0,2.200000,1,0,0.719486,0.000004,53.082912,53.966438,56.554054
2,2.400000,3,2,1.951522,-0.523213,53.016487,56.109848,56.913044
3,2.400000,3,4,1.951522,0.000000,51.085697,48.888657,49.919975
1,2.400000,1,2,0.719486,-0.523213,56.268829,55.763245,54.884312
0,2.400000,1,0,0.719486,0.000004,60.697575,54.531307,56.554054
2,2.600000,3,2,1.951522,-0.523213,60.371685,55.551739,56.913044
3,2.600000,3,4,1.951522,0.000000,50.651402,51.344990,49.919975
1,2.600000,1,2,0.719487,-0.523213,54.844448,56.639988,54.884312
0,2.600000,1,0,0.719487,0.000005,60.613358,54.490612,56.554054
2,2.800000,3,2,1.951523,-0.523212,55.081314,56.158321,56.913044
3,2.800000,3,4,1.951523,0.000000,53.872776,49.756512,49.919975
1,2.800000,1,2,0.579532,-0.523212,53.077030,55.614979,54.638130
0,2.800000,1,0,0.579532,0.000005,52.844761,54.202316,56.760788
2,3.000000,3,2,1.951523,-0.523212,61.239212,56.681049,56.913044
3,3.000000,3,4,1.951523,0.000000,55.765396,49.812016,49.919975
1,3.000000,1,2,0.579533,-0.523212,52.745705,54.661118,54.638130
0,3.000000,1,0,0.579533,0.000005,56.715179,54.550804,56.760788
2,3.200000,3,2,2.052876,-0.523212,54.706718,56.206123,56.765823
3,3.200000,3,4,2.052876,0.000000,47.096989,50.548100,50.194904
1,3.200000,1,2,0.579533,-0.523212,55.249832,53.824211,54.638130
0,3.200000,1,0,0.579533,0.000006,53.333118,54.946861,56.760788
2,3.400000,3,2,2.185676,-0.523211,53.333015,56.383247,56.569847
3,3.400000,3,4,2.185676,0.000000,44.948990,51.483253,50.544910
1,3.400000,1,2,0.579533,-0.523211,54.912998,53.498928,54.638130
0,3.400000,1,0,0.579533,0.000006,62.097340,55.026196,56.760788
2,3.600000,3,2,2.374993,-0.657547,56.528111,55.732361,56.076862
3,3.600000,3,4,2.374993,0.000000,49.361496,50.972443,51.025139
1,3.600000,1,2,0.579534,-0.657547,53.354992,52.625679,54.874535
0,3.600000,1,0,0.579534,0.000006,58.251579,54.910961,56.760788
2,3.800000,3,2,2.483186,-0.657547,53.579163,55.222019,55.906944
3,3.800000,3,4,2.483186,0.000000,49.450256,50.103233,51.290337
1,3.800000,1,2,0.698031,-0.657547,57.231228,52.928902,55.078873
0,3.800000,1,0,0.698031,0.000007,61.970886,55.277786,56.586010
2,4.000000,3,2,2.649083,-0.657546,57.635525,55.371212,55.641121
3,4.000000,3,4,2.649083,0.000000,55.904690,51.296715,51.684807
1,4.000000,1,2,0.810045,-0.657546,55.993248,53.941494,55.268562
0,4.000000,1,0,0.810045,0.000007,52.840763,54.963470,56.418167
2,4.200000,3,2,2.649083,-0.657546,58.888893,55.343357,55.641121
3,4.200000,3,4,2.649083,0.000000,47.657982,51.389637,51.684807
1,4.200000,1,2,0.810045,-0.657546,60.677387,54.383465,55.268562
0,4.200000,1,0,0.810045,0.000007,57.018459,54.983433,56.418167
2,4.400000,3,2,2.649083,-0.657546,51.377773,55.961620,55.641121
3,4.400000,3,4,2.649083,0.000000,59.254330,51.862694,51.684807
1,4.400000,1,2,0.810046,-0.657546,56.250011,54.388714,55.268562
0,4.400000,1,0,0.810046,0.000008,55.894855,54.810936,56.418167
2,4.600000,3,2,2.649084,-0.657545,57.301994,55.779408,55.641121
3,4.600000,3,4,2.649084,0.000000,50.827305,52.560879,51.684807
1,4.600000,1,2,0.810046,-0.657545,57.549759,54.452118,55.268562
0,4.600000,1,0,0.810046,0.000008,55.511196,54.176743,56.418167
2,4.800000,3,2,2.815339,-0.657545,49.569916,55.819366,55.368034
3,4.800000,3,4,2.815339,0.000000,58.872707,52.639553,52.066254
1,4.800000,1,2,0.810046,-0.657545,53.288132,53.937531,55.268562
0,4.800000,1,0,0.810046,0.000008,56.466755,54.501232,56.418167
2,5.000000,3,2,2.914339,-0.657545,54.216820,55.488785,55.202095
3,5.000000,3,4,2.914339,0.000000,54.256802,52.670918,52.287186
1,5.000000,1,2,0.810047,-0.657545,59.397430,54.171558,55.268562
0,5.000000,1,0,0.810047,0.000009,54.955536,54.530758,56.418167
2,5.200000,3,2,2.914340,-0.657544,58.456356,55.722763,55.202095
3,5.200000,3,4,2.914340,0.000000,50.932182,52.490196,52.287186
1,5.200000,1,2,0.810047,-0.657544,54.722942,54.719528,55.268562
0,5.200000,1,0,0.810047,0.000009,52.239201,55.512363,56.418167
2,5.400000,3,2,2.914340,-0.828283,57.683735,55.722305,54.909805
3,5.400000,3,4,2.914340,0.000000,55.130638,52.916775,52.287186
1,5.400000,1,2,0.810047,-0.828283,53.151268,54.549007,55.551472
0,5.400000,1,0,0.810047,0.000010,54.588570,54.989761,56.418167
2,5.600000,3,2,2.914340,-0.828283,50.860817,55.425961,54.909805
3,5.600000,3,4,2.914340,0.000000,55.477283,51.749554,52.287189
1,5.600000,1,2,0.810048,-0.828283,50.188244,55.004227,55.551472
0,5.600000,1,0,0.810048,0.000010,58.389702,55.245815,56.418167
2,5.800000,3,2,2.914341,-0.828282,52.681442,55.011520,54.909805
3,5.800000,3,4,2.914341,0.000000,51.096024,51.794319,52.287193
1,5.800000,1,2,0.810048,-0.828282,55.647179,55.017967,55.551472
0,5.800000,1,0,0.810048,0.000010,61.203468,55.727810,56.418167
2,6.000000,3,2,3.060751,-0.828282,58.603680,54.693031,54.652748
3,6.000000,3,4,3.060751,0.000000,51.705082,53.984276,52.605904
1,6.000000,1,2,0.810049,-0.828282,50.952187,55.443932,55.551472
0,6.000000,1,0,0.810049,0.000011,55.823975,55.709675,56.418167
2,6.200000,3,2,3.060751,-0.828282,57.575775,54.253883,54.652748
3,6.200000,3,4,3.060751,0.000000,55.475197,52.201164,52.605904
1,6.200000,1,2,0.810049,-0.828282,50.010498,55.794106,55.551472
0,6.200000,1,0,0.810049,0.000011,53.763496,56.175945,56.418167
2,6.400000,3,2,3.161256,-0.934805,57.239216,53.871658,54.278549
3,6.400000,3,4,3.161256,0.000000,56.070053,51.975735,52.819389
1,6.400000,1,2,0.706568,-0.934805,53.278057,55.081825,55.556450
0,6.400000,1,0,0.706568,0.000011,53.079437,56.275108,56.573315
2,6.600000,3,2,3.318460,-1.043250,52.875935,53.690002,53.778687
3,6.600000,3,4,3.318460,0.000000,50.693184,53.710545,53.145123
1,6.600000,1,2,0.706569,-1.043250,57.936466,55.062359,55.732300
0,6.600000,1,0,0.706569,0.000012,52.671036,56.496586,56.573315
2,6.800000,3,2,3.318460,-1.043249,51.676586,53.630692,53.778687
3,6.800000,3,4,3.318460,0.000000,55.013313,53.691353,53.145126
1,6.800000,1,2,0.706569,-1.043249,59.970058,54.292465,55.732300
0,6.800000,1,0,0.706569,0.000012,57.036747,56.397537,56.573315
2,7.000000,3,2,3.318460,-1.043249,51.054729,53.391670,53.778687
3,7.000000,3,4,3.318460,0.000000,55.484623,52.439693,53.145126
1,7.000000,1,2,0.706569,-1.043249,52.252213,55.236977,55.732300
0,7.000000,1,0,0.706569,0.000012,64.308334,56.290871,56.573315
2,7.200000,3,2,3.318460,-1.043249,51.980045,53.496323,53.778687
3,7.200000,3,4,3.318460,0.000000,47.717747,51.781281,53.145126
1,7.200000,1,2,0.706570,-1.043249,58.698532,55.630711,55.732300
0,7.200000,1,0,0.706570,0.000013,55.142445,56.257111,56.573315
2,7.400000,3,2,3.318461,-0.903642,53.719368,53.416019,54.044243
3,7.400000,3,4,3.318461,0.000000,58.364876,53.641060,53.145126
1,7.400000,1,2,0.706570,-0.903642,50.341648,55.225086,55.505386
0,7.400000,1,0,0.706570,0.000013,54.491219,56.019054,56.573315
2,7.600000,3,2,3.318461,-0.767555,53.839916,53.843056,54.297005
3,7.600000,3,4,3.318461,0.000000,53.375015,52.709221,53.145126
1,7.600000,1,2,0.706571,-0.767555,65.353127,55.443806,55.279526
0,7.600000,1,0,0.706571,0.000013,60.703815,55.793911,56.573315
2,7.800000,3,2,3.318462,-1.034363,60.449120,53.922344,53.795784
3,7.800000,3,4,3.318462,0.000000,49.778210,53.304958,53.145126
1,7.800000,1,2,0.706571,-1.034363,54.232994,54.508945,55.718002
0,7.800000,1,0,0.706571,0.000014,56.609154,56.046066,56.573315
2,8.000000,3,2,3.318462,-1.034363,54.346390,53.574139,53.795784
3,8.000000,3,4,3.318462,0.000000,53.338127,55.524937,53.145126
1,8.000000,1,2,0.706571,-1.034363,55.389595,54.670330,55.718002
0,8.000000,1,0,0.706571,0.000014,59.286945,56.258430,56.573315
2,8.200000,3,2,3.318462,-1.191056,50.361458,53.607452,53.490261
3,8.200000,3,4,3.318462,0.000000,52.289101,52.644230,53.145130
1,8.200000,1,2,0.706572,-1.191056,57.512760,54.902424,55.967491
0,8.200000,1,0,0.706572,0.000015,56.042255,56.173019,56.573315
2,8.400000,3,2,3.318463,-1.191055,52.444244,53.682514,53.490261
3,8.400000,3,4,3.318463,0.000000,51.888393,51.909962,53.145130
1,8.400000,1,2,0.706572,-1.191055,56.769302,55.299419,55.967491
0,8.400000,1,0,0.706572,0.000015,55.102592,56.326088,56.573315
2,8.600000,3,2,3.209886,-1.191055,49.913647,54.090385,53.702873
3,8.600000,3,4,3.209886,0.000000,54.521103,52.408287,52.921204
1,8.600000,1,2,0.814114,-1.191055,57.914333,55.473476,56.135468
0,8.600000,1,0,0.814114,0.000015,57.388584,56.037750,56.412033
2,8.800000,3,2,3.209887,-1.191055,56.626266,54.390560,53.702873
3,8.800000,3,4,3.209887,0.000000,51.378780,54.063320,52.921204
1,8.800000,1,2,0.814115,-1.191055,55.587097,54.688412,56.135468
0,8.800000,1,0,0.814115,0.000016,58.364204,55.680138,56.412033
2,9.000000,3,2,3.319459,-1.191054,55.473339,54.417286,53.488297
3,9.000000,3,4,3.319459,0.000000,50.262882,53.008663,53.147163
1,9.000000,1,2,0.814115,-1.191054,50.346409,55.414482,56.135468
0,9.000000,1,0,0.814115,0.000016,57.789455,55.924477,56.412033
2,9.200000,3,2,3.319459,-1.027525,51.271912,54.131008,53.807007
3,9.200000,3,4,3.319459,0.000000,46.762043,53.795147,53.147163
1,9.200000,1,2,0.814115,-1.027525,53.249096,55.342182,55.879005
0,9.200000,1,0,0.814115,0.000016,55.025578,55.569260,56.412033
2,9.400000,3,2,3.319459,-1.027525,50.801193,53.415154,53.807007
3,9.400000,3,4,3.319459,0.000000,48.248135,54.304405,53.147163
1,9.400000,1,2,0.814116,-1.027525,57.274620,54.416641,55.879005
0,9.400000,1,0,0.814116,0.000017,57.246326,56.135517,56.412033
2,9.600000,3,2,3.319460,-1.027524,56.880230,52.759731,53.807007
3,9.600000,3,4,3.319460,0.000000,56.506599,52.774361,53.147163
1,9.600000,1,2,0.814116,-1.027524,59.449074,55.003010,55.879005
0,9.600000,1,0,0.814116,0.000017,60.522972,56.772163,56.412033
2,9.800000,3,2,3.319460,-0.883829,58.543118,53.048237,54.079540
3,9.800000,3,4,3.319460,0.000000,51.616688,54.866161,53.147163
1,9.800000,1,2,0.814116,-0.883829,56.102398,55.027191,55.648540
0,9.800000,1,0,0.814116,0.000017,61.519638,56.544601,56.412033
2,10.000000,3,2,3.319460,-0.883829,47.413803,53.636105,54.079540
3,10.000000,3,4,3.319460,0.000000,53.285484,52.373219,53.147167
1,10.000000,1,2,0.704678,-0.883829,51.756851,53.503757,55.469673
0,10.000000,1,0,0.704678,0.000018,56.192112,56.816044,56.576138
2,10.200000,3,2,3.429526,-0.883828,56.941090,53.554871,53.871403
3,10.200000,3,4,3.429526,0.000000,57.484261,53.769745,53.369507
1,10.200000,1,2,0.704678,-0.883828,56.325260,54.002777,55.469673
0,10.200000,1,0,0.704678,0.000018,56.048199,57.147152,56.576138
2,10.400000,3,2,3.552001,-0.738315,50.496216,53.676918,53.915302
3,10.400000,3,4,3.552001,0.000000,49.910393,54.449047,53.611675
1,10.400000,1,2,0.834609,-0.738315,55.710171,55.146957,55.443966
0,10.400000,1,0,0.834609,0.000018,54.528683,57.678837,56.381027
2,10.600000,3,2,3.552001,-0.738315,54.342525,53.874157,53.915302
3,10.600000,3,4,3.552001,0.000000,55.962379,53.905090,53.611675
1,10.600000,1,2,0.834609,-0.738315,55.996403,54.733837,55.443966
0,10.600000,1,0,0.834609,0.000019,57.802231,56.711864,56.381027
2,10.800000,3,2,3.552001,-0.738315,55.596664,53.373829,53.915302
3,10.800000,3,4,3.552001,0.000000,51.385834,54.157089,53.611679
1,10.800000,1,2,1.087822,-0.738315,52.059494,54.397392,55.854378
0,10.800000,1,0,1.087822,0.000019,58.264992,56.576565,55.990402
2,11.000000,3,2,3.552001,-0.738314,45.862244,52.847626,53.915302
3,11.000000,3,4,3.552001,0.000000,52.596527,53.173618,53.611679
1,11.000000,1,2,1.087823,-0.738314,54.255493,55.006523,55.854378
0,11.000000,1,0,1.087823,0.000019,56.691658,55.889809,55.990402
2,11.200000,3,2,3.441563,-0.738314,55.447056,53.400105,54.123306
3,11.200000,3,4,3.441563,0.000000,54.039566,52.844059,53.393547
1,11.200000,1,2,1.087823,-0.738314,55.622681,55.086006,55.854378
0,11.200000,1,0,1.087823,0.000020,53.646305,55.840740,55.990402
2,11.400000,3,2,3.441564,-0.548729,58.735092,54.104603,54.471333
3,11.400000,3,4,3.441564,0.000000,57.867268,53.994320,53.393547
1,11.400000,1,2,1.087823,-0.548729,56.606903,54.693611,55.548561
0,11.400000,1,0,1.087823,0.000020,55.722198,56.152084,55.990402
2,11.600000,3,2,3.441564,-0.434605,57.837517,54.730461,54.675583
3,11.600000,3,4,3.441564,0.000000,55.513901,53.425106,53.393547
1,11.600000,1,2,1.087824,-0.434605,54.050144,53.955170,55.360233
0,11.600000,1,0,1.087824,0.000021,55.640385,56.612442,55.990402
2,11.800000,3,2,3.441565,-0.434604,58.707520,54.618248,54.675583
3,11.800000,3,4,3.441565,0.000000,54.653015,54.247120,53.393551
1,11.800000,1,2,0.981711,-0.434604,55.288933,53.950531,55.182144
0,11.800000,1,0,0.981711,0.000021,56.892021,56.575710,56.155815
2,12.000000,3,2,3.441565,-0.434604,58.696171,54.941460,54.675583
3,12.000000,3,4,3.441565,0.000000,53.520844,52.901730,53.393551
1,12.000000,1,2,0.981711,-0.434604,51.623119,53.808556,55.182144
0,12.000000,1,0,0.981711,0.000021,59.694534,57.495483,56.155815
2,12.200000,3,2,3.579510,-0.434603,51.582882,55.050121,54.428211
3,12.200000,3,4,3.579510,0.000000,53.839180,52.938091,53.665337
1,12.200000,1,2,0.981712,-0.434603,55.446369,54.110844,55.182144
0,12.200000,1,0,0.981712,0.000022,56.763847,57.355160,56.155815
2,12.400000,3,2,3.579511,-0.434603,52.824936,54.552456,54.428211
3,12.400000,3,4,3.579511,0.000000,57.223652,54.663025,53.665337
1,12.400000,1,2,0.981712,-0.434603,55.726383,53.603607,55.182144
0,12.400000,1,0,0.981712,0.000022,56.379875,57.201340,56.155815
2,12.600000,3,2,3.579511,-0.434603,52.504265,54.307186,54.428211
3,12.600000,3,4,3.579511,0.000000,55.012489,52.702400,53.665337
1,12.600000,1,2,0.981712,-0.434603,56.314384,54.434246,55.182144
0,12.600000,1,0,0.981712,0.000022,55.895920,57.292511,56.155815
2,12.800000,3,2,3.579511,-0.434602,56.060959,54.628296,54.428211
3,12.800000,3,4,3.579511,0.000000,47.352818,54.950428,53.665337
1,12.800000,1,2,0.981713,-0.434602,59.363407,54.489861,55.182144
0,12.800000,1,0,0.981713,0.000023,53.057060,57.271355,56.155815
2,13.000000,3,2,3.579512,-0.434602,53.076698,53.708611,54.428211
3,13.000000,3,4,3.579512,0.000000,52.905529,54.393230,53.665337
1,13.000000,1,2,1.110702,-0.434602,50.489040,54.868557,55.398247
0,13.000000,1,0,1.110702,0.000023,51.496037,57.204578,55.954407
2,13.200000,3,2,3.579512,-0.546527,52.640335,53.577309,54.223274
3,13.200000,3,4,3.579512,0.000000,53.008129,52.715790,53.665337
1,13.200000,1,2,1.110703,-0.546527,56.598404,55.088150,55.582336
0,13.200000,1,0,1.110703,0.000023,54.868958,56.407772,55.954407
2,13.400000,3,2,3.579512,-0.546527,47.765423,53.785648,54.223274
3,13.400000,3,4,3.579512,0.000000,51.669498,54.950817,53.665340
1,13.400000,1,2,1.110703,-0.546527,53.748638,55.510033,55.582336
0,13.400000,1,0,1.110703,0.000024,50.950661,56.015316,55.954407
2,13.600000,3,2,3.579513,-0.413634,51.831474,53.794857,54.466179
3,13.600000,3,4,3.579513,0.000000,54.388237,53.666595,53.665340
1,13.600000,1,2,0.999314,-0.413634,56.465176,55.527256,55.176445
0,13.600000,1,0,0.999314,0.000024,50.637760,55.882534,56.128551
2,13.800000,3,2,3.579513,-0.241103,56.820011,54.111130,54.773628
3,13.800000,3,4,3.579513,0.000000,54.288700,53.184353,53.665340
1,13.800000,1,2,0.999314,-0.241103,61.738697,55.146187,54.880341
0,13.800000,1,0,0.999314,0.000024,52.178326,55.544559,56.128551
2,14.000000,3,2,3.769225,-0.241102,52.845013,54.392281,54.435078
3,14.000000,3,4,3.769225,0.000000,51.298119,53.247051,54.028343
1,14.000000,1,2,0.999315,-0.241102,54.217850,54.796181,54.880341
0,14.000000,1,0,0.999315,0.000025,55.143204,55.455723,56.128551
2,14.200000,3,2,3.659451,-0.241102,49.717102,53.929119,54.632263
3,14.200000,3,4,3.659451,0.000000,53.609509,52.587612,53.819778
1,14.200000,1,2,0.999315,-0.241102,55.877399,54.859734,54.880341
0,14.200000,1,0,0.999315,0.000025,56.179848,55.227722,56.128551
2,14.400000,3,2,3.659451,-0.241102,51.096241,54.595642,54.632263
3,14.400000,3,4,3.659451,0.000000,60.770702,54.229519,53.819778
1,14.400000,1,2,0.999315,-0.241102,57.394287,54.681606,54.880341
0,14.400000,1,0,0.999315,0.000026,55.204227,55.454220,56.128551
2,14.600000,3,2,3.659451,-0.241101,53.012886,54.252941,54.632263
3,14.600000,3,4,3.659451,0.000000,55.882145,53.352077,53.819778
1,14.600000,1,2,0.999316,-0.241101,53.296928,54.080429,54.880341
0,14.600000,1,0,0.999316,0.000026,56.004318,55.020142,56.128551
2,14.800000,3,2,3.659451,-0.378813,58.339310,53.969692,54.384315
3,14.800000,3,4,3.659451,0.000000,52.968704,53.757820,53.819778
1,14.800000,1,2,0.999316,-0.378813,54.584484,53.745815,55.117332
0,14.800000,1,0,0.999316,0.000026,56.014599,55.199368,56.128551
2,15.000000,3,2,3.659452,-0.378813,54.653244,53.526134,54.384315
3,15.000000,3,4,3.659452,0.000000,49.940067,53.346252,53.819778
1,15.000000,1,2,0.886669,-0.378813,52.797916,54.316853,54.923862
0,15.000000,1,0,0.886669,0.000027,50.134857,55.445484,56.301865
2,15.200000,3,2,3.555822,-0.378812,52.455204,53.988445,54.571426
3,15.200000,3,4,3.555822,0.000000,53.480671,54.182388,53.619144
1,15.200000,1,2,0.886669,-0.378812,49.701767,55.101830,54.923862
0,15.200000,1,0,0.886669,0.000027,50.052303,55.929977,56.301865
2,15.400000,3,2,3.447380,-0.378812,53.435364,54.292259,54.763828
3,15.400000,3,4,3.447380,0.000000,55.917210,53.077206,53.405144
1,15.400000,1,2,0.771034,-0.378812,53.880901,54.336948,54.721603
0,15.400000,1,0,0.771034,0.000027,56.671108,56.048771,56.476944
2,15.600000,3,2,3.447380,-0.378812,52.171459,54.373425,54.763828
3,15.600000,3,4,3.447380,0.000000,56.685539,52.308895,53.405148
1,15.600000,1,2,0.771034,-0.378812,54.765266,54.843472,54.721603
0,15.600000,1,0,0.771034,0.000028,52.301868,56.394764,56.476944
2,15.800000,3,2,3.447381,-0.378811,54.916489,54.461830,54.763828
3,15.800000,3,4,3.447381,0.000000,55.527004,54.043442,53.405148
1,15.800000,1,2,0.661328,-0.378811,55.699326,54.771385,54.526176
0,15.800000,1,0,0.661328,0.000028,59.688095,55.558868,56.640480
2,16.000000,3,2,3.447381,-0.378811,51.591145,54.398304,54.763828
3,16.000000,3,4,3.447381,0.000000,52.899300,52.767334,53.405148
1,16.000000,1,2,0.788324,-0.378811,54.701622,55.249859,54.752087
0,16.000000,1,0,0.788324,0.000028,60.936573,55.423679,56.450951
2,16.200000,3,2,3.447381,-0.378811,52.979210,54.867321,54.763828
3,16.200000,3,4,3.447381,0.000000,57.330414,53.663818,53.405151
1,16.200000,1,2,0.960587,-0.378811,48.759869,55.666626,55.051201
0,16.200000,1,0,0.960587,0.000029,52.607903,55.624191,56.188454
2,16.400000,3,2,3.447381,-0.378810,52.974026,54.234211,54.763828
3,16.400000,3,4,3.447381,0.000000,50.834866,53.366783,53.405151
1,16.400000,1,2,0.960587,-0.378810,58.592270,55.794769,55.051201
0,16.400000,1,0,0.960587,0.000029,56.521019,54.690723,56.188454
2,16.600000,3,2,3.447382,-0.523140,52.549191,54.123940,54.506996
3,16.600000,3,4,3.447382,0.000000,48.827705,53.456032,53.405151
1,16.600000,1,2,0.960587,-0.523140,52.702187,55.786892,55.295616
0,16.600000,1,0,0.960587,0.000029,59.400593,54.691589,56.188454
2,16.800000,3,2,3.447382,-0.523139,50.476566,54.226288,54.506996
3,16.800000,3,4,3.447382,0.000000,57.040356,54.573303,53.405151
1,16.800000,1,2,0.831098,-0.523139,48.982990,55.972015,55.076584
0,16.800000,1,0,0.831098,0.000030,60.465473,55.316360,56.386360
2,17.000000,3,2,3.447383,-0.699733,56.297501,54.489101,54.184250
3,17.000000,3,4,3.447383,0.000000,54.806698,53.452152,53.405151
1,17.000000,1,2,0.831099,-0.699733,56.344788,55.700809,55.374214
0,17.000000,1,0,0.831099,0.000030,58.421894,55.480602,56.386360
2,17.200000,3,2,3.447383,-0.699732,52.493698,54.496216,54.184250
3,17.200000,3,4,3.447383,0.000000,57.283924,53.997593,53.405151
1,17.200000,1,2,0.831099,-0.699732,56.664608,55.562271,55.374214
0,17.200000,1,0,0.831099,0.000030,59.864834,55.752213,56.386360
2,17.400000,3,2,3.447383,-0.699732,53.534744,54.266216,54.184250
3,17.400000,3,4,3.447383,0.000000,53.860504,53.855576,53.405151
1,17.400000,1,2,0.831099,-0.699732,58.361431,55.764874,55.374214
0,17.400000,1,0,0.831099,0.000031,57.120823,55.585625,56.386360
2,17.600000,3,2,3.560081,-0.699732,56.767757,54.326618,53.973152
3,17.600000,3,4,3.560081,0.000000,58.588966,54.112251,53.627464
1,17.600000,1,2,0.831100,-0.699732,57.272171,55.793926,55.374214
0,17.600000,1,0,0.831100,0.000031,54.602329,55.922401,56.386360
2,17.800000,3,2,3.560082,-0.699731,54.724190,53.617935,53.973152
3,17.800000,3,4,3.560082,0.000000,49.913219,53.767559,53.627464
1,17.800000,1,2,0.831100,-0.699731,58.307762,55.499531,55.374214
0,17.800000,1,0,0.831100,0.000032,50.696037,55.375801,56.386360
2,18.000000,3,2,3.707521,-0.699731,56.875206,53.619625,53.690628
3,18.000000,3,4,3.707521,0.000000,52.596096,54.061188,53.911602
1,18.000000,1,2,0.831100,-0.699731,50.282585,55.118214,55.374214
0,18.000000,1,0,0.831100,0.000032,52.954803,55.189568,56.386360
2,18.200000,3,2,3.707521,-0.586326,57.489262,54.046310,53.908585
3,18.200000,3,4,3.707521,0.000000,55.751755,53.750992,53.911606
1,18.200000,1,2,0.831101,-0.586326,57.089752,55.406410,55.184021
0,18.200000,1,0,0.831101,0.000032,52.349960,55.608017,56.386360
2,18.400000,3,2,3.707522,-0.482169,60.861401,54.232323,54.104980
3,18.400000,3,4,3.707522,0.000000,51.233109,53.479366,53.911606
1,18.400000,1,2,0.831101,-0.482169,53.593685,54.825089,55.006359
0,18.400000,1,0,0.831101,0.000033,57.662106,56.336590,56.386360
2,18.600000,3,2,3.707522,-0.482168,55.046982,54.698555,54.104980
3,18.600000,3,4,3.707522,0.000000,51.522129,53.953602,53.911606
1,18.600000,1,2,0.831101,-0.482168,50.342949,53.774712,55.006359
0,18.600000,1,0,0.831101,0.000033,59.062817,56.197014,56.386360
2,18.800000,3,2,3.707523,-0.482168,52.200920,55.571449,54.104980
3,18.800000,3,4,3.707523,0.000000,55.990471,54.701591,53.911606
1,18.800000,1,2,0.831102,-0.482168,56.984287,53.205158,55.006359
0,18.800000,1,0,0.831102,0.000033,54.873447,55.683514,56.386360
2,19.000000,3,2,3.707523,-0.374167,54.360123,55.531597,54.304943
3,19.000000,3,4,3.707523,0.000000,51.624840,53.479198,53.911606
1,19.000000,1,2,1.026212,-0.374167,56.991009,53.262356,55.155144
0,19.000000,1,0,1.026212,0.000034,56.696903,56.440781,56.086769
2,19.200000,3,2,3.572257,-0.374166,52.797085,55.532402,54.550301
3,19.200000,3,4,3.572257,0.000000,57.960453,55.213512,53.651215
1,19.200000,1,2,1.149229,-0.374166,53.487305,54.551186,55.361839
0,19.200000,1,0,1.149229,0.000034,57.044025,56.015205,55.893539
2,19.400000,3,2,3.572258,-0.374166,57.681839,55.572277,54.550301
3,19.400000,3,4,3.572258,0.000000,49.763252,53.129913,53.651215
1,19.400000,1,2,1.149229,-0.374166,51.937534,55.109478,55.361839
0,19.400000,1,0,1.149229,0.000034,57.914375,55.393799,55.893539
2,19.600000,3,2,3.674988,-0.374165,54.141678,55.891422,54.364468
3,19.600000,3,4,3.674988,0.000000,50.504402,53.215359,53.849541
1,19.600000,1,2,1.328214,-0.374165,54.920506,55.111771,55.655724
0,19.600000,1,0,1.328214,0.000035,57.157394,55.659527,55.606110
2,19.800000,3,2,3.674989,-0.374165,49.389194,55.460228,54.364468
3,19.800000,3,4,3.674989,0.000000,53.389221,53.279629,53.849545
1,19.800000,1,2,1.465649,-0.374165,58.810829,55.758991,55.876106
0,19.800000,1,0,1.465649,0.000035,56.114380,55.110588,55.380119
2,20.000000,3,2,3.674989,-0.374165,53.925678,54.973946,54.364468
3,20.000000,3,4,3.674989,0.000000,50.173988,54.339748,53.849545
1,20.000000,1,2,1.347126,-0.374165,58.354168,56.213604,55.686317
0,20.000000,1,0,1.347126,0.000035,60.082451,54.683846,55.575291
2,20.200000,3,2,3.797968,-0.535348,58.778137,54.433201,53.833225
3,20.200000,3,4,3.797968,0.000000,48.319164,55.753269,54.082298
1,20.200000,1,2,1.106761,-0.535348,56.059223,55.748463,55.557648
0,20.200000,1,0,1.106761,0.000036,54.301422,55.441048,55.960640
2,20.400000,3,2,3.797968,-0.535347,58.495705,54.043552,53.833225
3,20.400000,3,4,3.797968,0.000000,59.795593,54.526833,54.082298
1,20.400000,1,2,1.106762,-0.535347,54.025360,55.522289,55.557648
0,20.400000,1,0,1.106762,0.000036,55.320061,55.715935,55.960640
2,20.600000,3,2,3.549262,-0.535347,52.194420,53.803768,54.299587
3,20.600000,3,4,3.549262,0.000000,46.994633,54.123089,53.606316
1,20.600000,1,2,1.276627,-0.535347,50.214146,55.467628,55.831825
0,20.600000,1,0,1.276627,0.000037,62.390923,55.951130,55.689739
2,20.800000,3,2,3.549262,-0.347843,52.062618,54.016506,54.638397
3,20.800000,3,4,3.549262,0.000000,60.586456,53.507965,53.606316
1,20.800000,1,2,1.276627,-0.347843,52.745785,55.602749,55.528778
0,20.800000,1,0,1.276627,0.000037,52.754826,55.549561,55.689739
2,21.000000,3,2,3.549262,-0.347843,51.649281,54.231346,54.638397
3,21.000000,3,4,3.549262,0.000000,50.129791,55.213066,53.606319
1,21.000000,1,2,1.405534,-0.347843,56.344978,55.084087,55.738026
0,21.000000,1,0,1.405534,0.000037,58.276844,54.937450,55.479553
2,21.200000,3,2,3.549263,-0.347842,55.962879,54.257256,54.638397
3,21.200000,3,4,3.549263,0.000000,52.945419,52.857632,53.606319
1,21.200000,1,2,1.405535,-0.347842,53.999508,55.781197,55.738026
0,21.200000,1,0,1.405535,0.000038,56.184647,54.786167,55.479553
2,21.400000,3,2,3.715728,-0.347842,55.308506,54.631798,54.338135
3,21.400000,3,4,3.715728,0.000000,50.865967,54.667774,53.927200
1,21.400000,1,2,1.537294,-0.347842,48.829868,55.661194,55.947815
0,21.400000,1,0,1.537294,0.000038,57.603176,54.796741,55.260422
2,21.600000,3,2,3.715728,-0.167490,55.457569,54.483932,54.663074
3,21.600000,3,4,3.715728,0.000000,53.298912,51.349445,53.927200
1,21.600000,1,2,1.537295,-0.167490,56.215687,56.494209,55.659622
0,21.600000,1,0,1.537295,0.000038,50.996174,54.507793,55.260422
2,21.800000,3,2,3.715729,-0.167490,54.207745,55.354729,54.663074
3,21.800000,3,4,3.715729,0.000000,53.179283,53.337322,53.927204
1,21.800000,1,2,1.537295,-0.167490,53.028786,56.394920,55.659622
0,21.800000,1,0,1.537295,0.000039,51.439236,54.809944,55.260422
2,22.000000,3,2,3.715729,-0.167490,50.878262,55.605751,54.663074
3,22.000000,3,4,3.715729,0.000000,53.290039,53.527149,53.927204
1,22.000000,1,2,1.537295,-0.167490,58.160664,56.018379,55.659622
0,22.000000,1,0,1.537295,0.000039,54.565586,54.930191,55.260422
2,22.200000,3,2,3.715729,-0.167489,56.957478,55.450439,54.663074
3,22.200000,3,4,3.715729,0.000000,54.923634,53.643013,53.927204
1,22.200000,1,2,1.537296,-0.167489,57.509590,56.029747,55.659622
0,22.200000,1,0,1.537296,0.000039,54.331490,54.921391,55.260422
2,22.400000,3,2,3.715730,-0.167489,55.092381,56.380527,54.663074
3,22.400000,3,4,3.715730,0.000000,57.400826,53.198570,53.927208
1,22.400000,1,2,1.537296,-0.167489,56.451714,56.659271,55.659622
0,22.400000,1,0,1.537296,0.000040,51.503796,55.573505,55.260422
2,22.600000,3,2,3.832016,-0.167489,59.334961,56.092289,54.454681
3,22.600000,3,4,3.832016,0.000000,51.718563,54.287937,54.145866
1,22.600000,1,2,1.537296,-0.167489,54.300632,56.352242,55.659622
0,22.600000,1,0,1.537296,0.000040,55.216991,55.626820,55.260422
2,22.800000,3,2,3.832016,-0.167488,55.725128,55.279850,54.454681
3,22.800000,3,4,3.832016,0.000000,55.231457,52.753662,54.145866
1,22.800000,1,2,1.537297,-0.167488,51.392487,56.397758,55.659622
0,22.800000,1,0,1.537297,0.000040,54.769871,56.068825,55.260422
2,23.000000,3,2,3.832016,-0.001081,56.861565,55.751694,54.751678
3,23.000000,3,4,3.832016,0.000000,52.757553,55.247498,54.145866
1,23.000000,1,2,1.537297,-0.001081,55.656055,56.119892,55.386749
0,23.000000,1,0,1.537297,0.000041,54.689747,56.520439,55.260422
2,23.200000,3,2,3.832016,0.166686,55.444637,55.769329,55.043098
3,23.200000,3,4,3.832016,0.000000,60.578861,54.941395,54.145866
1,23.200000,1,2,1.648171,0.166686,55.363823,55.462048,55.291862
0,23.200000,1,0,1.648171,0.000041,53.097397,56.787937,55.072540
2,23.400000,3,2,3.832017,0.166686,59.772675,56.410053,55.043098
3,23.400000,3,4,3.832017,0.000000,61.178612,53.203548,54.145866
1,23.400000,1,2,1.648171,0.166686,56.467319,55.223503,55.291862
0,23.400000,1,0,1.648171,0.000041,51.274818,55.217438,55.072540
2,23.600000,3,2,3.636888,0.166687,57.727478,57.005512,55.372494
3,23.600000,3,4,3.636888,0.000000,49.675049,53.741360,53.776413
1,23.600000,1,2,1.520414,0.166687,52.620415,55.347534,55.075714
0,23.600000,1,0,1.520414,0.000042,56.116962,55.147377,55.288750
2,23.800000,3,2,3.636889,0.166687,53.605129,57.751366,55.372494
3,23.800000,3,4,3.636889,0.000000,53.125088,55.053558,53.776413
1,23.800000,1,2,1.520415,0.166687,57.662109,55.289116,55.075714
0,23.800000,1,0,1.520415,0.000042,50.680092,55.726517,55.288750
2,24.000000,3,2,3.636889,0.166687,52.784958,57.646660,55.372494
3,24.000000,3,4,3.636889,0.000000,58.339466,54.506512,53.776413
1,24.000000,1,2,1.637694,0.166687,51.156410,54.978600,55.274296
0,24.000000,1,0,1.637694,0.000043,57.622665,55.185928,55.090435
2,24.200000,3,2,3.636889,0.166688,55.599979,57.527706,55.372494
3,24.200000,3,4,3.636889,0.000000,53.022034,55.181355,53.776413
1,24.200000,1,2,1.522013,0.166688,51.515076,55.089066,55.078445
0,24.200000,1,0,1.522013,0.000043,57.070789,55.092842,55.286072
2,24.400000,3,2,3.636890,0.166688,52.683983,57.254089,55.372494
3,24.400000,3,4,3.636890,0.000000,51.044121,53.741943,53.776413
1,24.400000,1,2,1.522014,0.166688,58.464912,55.085621,55.078445
0,24.400000,1,0,1.522014,0.000043,56.844837,55.386669,55.286072
2,24.600000,3,2,3.636890,0.166689,52.056519,57.322834,55.372494
3,24.600000,3,4,3.636890,0.000000,56.875065,53.706364,53.776413
1,24.600000,1,2,1.522014,0.166689,54.851692,55.334404,55.078445
0,24.600000,1,0,1.522014,0.000044,58.071304,56.345829,55.286072
2,24.800000,3,2,3.636890,0.166689,58.939640,57.299091,55.372494
3,24.800000,3,4,3.636890,0.000000,59.125927,54.278397,53.776413
1,24.800000,1,2,1.522014,0.166689,60.512157,55.325264,55.078445
0,24.800000,1,0,1.522014,0.000044,57.220787,56.186516,55.286072
2,25.000000,3,2,3.825241,0.166689,59.561363,57.361282,55.054710
3,25.000000,3,4,3.825241,0.000000,53.436157,54.367039,54.133244
1,25.000000,1,2,1.522015,0.166689,54.490795,56.278969,55.078445
0,25.000000,1,0,1.522015,0.000044,54.838947,56.321095,55.286072
2,25.200000,3,2,3.825241,0.166690,56.367718,56.623165,55.054710
3,25.200000,3,4,3.825241,0.000000,58.126526,55.105862,54.133247
1,25.200000,1,2,1.522015,0.166690,54.954506,56.366371,55.078445
0,25.200000,1,0,1.522015,0.000045,51.717735,56.459816,55.286072
2,25.400000,3,2,3.825241,0.043670,54.132271,56.528221,54.842018
3,25.400000,3,4,3.825241,0.000000,54.343159,53.593372,54.133247
1,25.400000,1,2,1.522015,0.043670,54.344616,56.354950,55.286602
0,25.400000,1,0,1.522015,0.000045,56.929306,55.968216,55.286072
2,25.600000,3,2,3.825242,0.043670,57.235588,56.111599,54.842018
3,25.600000,3,4,3.825242,0.000000,52.784504,53.314915,54.133247
1,25.600000,1,2,1.522016,0.043670,54.707603,56.390186,55.286602
0,25.600000,1,0,1.522016,0.000045,58.084049,55.773499,55.286072
2,25