0,0.200000,0,1,0.200000,0.000000,39.960690,NaN,35.610569
1,0.200000,1,2,0.000000,0.000000,36.481754,NaN,35.000000
3,0.200000,3,4,0.000000,0.000000,32.039070,34.429741,35.000000
2,0.200000,3,2,0.000000,0.000000,41.631680,NaN,35.000000
0,0.400000,0,1,0.440000,0.000000,33.599724,NaN,35.480518
1,0.400000,1,2,0.000000,0.000000,34.394604,NaN,35.000000
3,0.400000,3,4,0.000000,0.000000,26.617218,35.509827,35.000000
2,0.400000,3,2,0.000000,0.000000,30.820066,NaN,35.000000
0,0.600000,0,1,0.680001,0.000000,32.723103,32.307655,35.274975
1,0.600000,1,2,0.000000,0.000000,39.587494,36.766384,35.000000
3,0.600000,3,4,0.000000,0.000000,31.259153,36.049889,35.000000
2,0.600000,3,2,0.000000,0.000000,32.115295,30.484028,35.000000
0,0.800000,0,1,0.910001,0.000000,31.550529,31.525534,35.175106
1,0.800000,1,2,0.000000,0.000000,36.099754,34.977299,35.000000
3,0.800000,3,4,0.000000,0.000000,32.296219,35.160816,35.000000
2,0.800000,3,2,0.000000,0.000000,34.146297,33.548454,35.000000
0,1.000000,0,1,1.150001,0.000000,38.146339,34.256298,36.083855
1,1.000000,1,2,0.000000,0.000000,30.549171,35.481529,35.000000
3,1.000000,3,4,0.000000,0.000000,39.832150,33.824814,35.000000
2,1.000000,3,2,0.000000,0.000000,39.307266,33.591423,35.000000
0,1.200000,0,1,1.350002,0.000000,39.619888,34.816586,37.067245
1,1.200000,1,2,0.000000,0.000000,38.112003,35.335819,35.000000
3,1.200000,3,4,0.000000,0.000000,33.267635,34.262978,35.000000
2,1.200000,3,2,0.000000,0.000000,38.232796,33.793205,35.000000
0,1.400000,0,1,1.550002,0.000000,40.825901,35.578297,37.921825
1,1.400000,1,2,0.000000,0.000000,31.562202,34.693748,35.000000
3,1.400000,3,4,0.000000,0.000000,29.860310,34.367290,35.000000
2,1.400000,3,2,0.000000,0.000000,32.900284,33.998520,35.000000
0,1.600000,0,1,1.760002,0.000000,40.242298,36.835045,38.712418
1,1.600000,1,2,0.000000,0.000000,39.339329,34.650028,35.000000
3,1.600000,3,4,0.000000,0.000000,37.069183,34.828739,35.000000
2,1.600000,3,2,0.000000,0.000000,31.406347,34.420780,35.000000
0,1.800000,0,1,1.970003,0.000000,36.753613,38.066032,39.421783
1,1.800000,1,2,0.000000,0.000000,41.449188,34.729290,35.000000
3,1.800000,3,4,0.000000,0.000000,37.824749,34.978756,35.000000
2,1.800000,3,2,0.000000,0.000000,37.852993,34.041058,35.000000
0,2.000000,0,1,2.170003,0.000000,39.324928,39.363255,40.051998
1,2.000000,1,2,0.000000,0.000000,35.839188,34.751965,35.000000
3,2.000000,3,4,0.000000,0.000000,32.914902,34.811562,35.000000
2,2.000000,3,2,0.000000,0.000000,35.124500,35.193180,35.000000
0,2.200000,0,1,2.370003,0.000000,42.118195,39.828907,40.637451
1,2.200000,1,2,0.000000,0.000000,29.641745,34.950588,35.000000
3,2.200000,3,4,0.000000,0.000000,35.484695,34.746212,35.000000
2,2.200000,3,2,0.000000,0.000000,36.059448,35.199322,35.000000
0,2.400000,0,1,2.600004,0.000000,43.132999,40.168663,41.248825
1,2.400000,1,2,0.000000,0.000000,35.426033,34.389633,35.000000
3,2.400000,3,4,0.000000,0.000000,33.890327,35.899784,35.000000
2,2.400000,3,2,0.000000,0.000000,39.733337,35.592403,35.000000
0,2.600000,0,1,2.770004,0.000000,42.535572,40.219551,41.670353
1,2.600000,1,2,0.000000,0.000000,36.162506,34.273121,35.000000
3,2.600000,3,4,0.000000,0.000000,33.922466,35.399364,35.000000
2,2.600000,3,2,0.000000,0.000000,36.011715,35.669243,35.000000
0,2.800000,0,1,2.980005,0.000000,41.073914,41.671059,42.153370
1,2.800000,1,2,0.000000,0.000000,32.192932,34.371914,35.000000
3,2.800000,3,4,0.000000,0.000000,38.202106,35.530628,35.000000
2,2.800000,3,2,0.000000,0.000000,32.731682,35.654961,35.000000
0,3.000000,0,1,3.180005,0.000000,45.083279,42.811348,42.582508
1,3.000000,1,2,0.000000,0.000000,34.947956,33.820576,35.000000
3,3.000000,3,4,0.000000,0.000000,37.283253,34.517624,35.000000
2,3.000000,3,2,0.000000,0.000000,35.971390,35.710251,35.000000
0,3.200000,0,1,3.390005,0.000000,43.573074,42.631542,43.004776
1,3.200000,1,2,0.000000,0.000000,36.702492,34.300766,35.000000
3,3.200000,3,4,0.000000,0.000000,35.102547,34.267380,35.000000
2,3.200000,3,2,0.000000,0.000000,34.070099,35.561573,35.000000
0,3.400000,0,1,3.580005,0.000000,47.288391,42.966385,43.364704
1,3.400000,1,2,0.000000,0.000000,33.433319,34.576244,35.000000
3,3.400000,3,4,0.000000,0.000000,34.830639,34.261883,35.000000
2,3.400000,3,2,0.000000,0.000000,36.649391,35.389511,35.000000
0,3.600000,0,1,3.770006,0.000000,41.407368,43.067657,43.705872
1,3.600000,1,2,0.000000,0.000000,36.845646,34.595699,35.000000
3,3.600000,3,4,0.000000,0.000000,30.076164,36.685459,35.000000
2,3.600000,3,2,0.000000,0.000000,35.153061,35.035454,35.000000
0,3.800000,0,1,3.960006,0.000000,47.954243,43.955246,44.030128
1,3.800000,1,2,0.000000,0.000000,38.358955,34.548447,35.000000
3,3.800000,3,4,0.000000,0.000000,39.948078,34.358822,35.000000
2,3.800000,3,2,0.000000,0.000000,38.348171,35.175343,35.000000
0,4.000000,0,1,4.170007,0.000000,41.399899,44.112152,44.370754
1,4.000000,1,2,0.000000,0.000000,33.141193,34.868397,35.000000
3,4.000000,3,4,0.000000,0.000000,38.311390,34.793167,35.000000
2,4.000000,3,2,0.000000,0.000000,32.281868,34.853630,35.000000
0,4.200000,0,1,4.360007,0.000000,46.065666,43.729279,44.664356
1,4.200000,1,2,0.000000,0.000000,32.121181,35.237450,35.000000
3,4.200000,3,4,0.000000,0.000000,32.618343,34.966965,35.000000
2,4.200000,3,2,0.000000,0.000000,30.818954,34.820087,35.000000
0,4.400000,0,1,4.580007,0.000000,46.551403,44.227924,44.988613
1,4.400000,1,2,0.000000,0.000000,31.610474,35.214588,35.000000
3,4.400000,3,4,0.000000,0.000000,35.598446,34.489803,35.000000
2,4.400000,3,2,0.000000,0.000000,34.582180,34.609459,35.000000
0,4.600000,0,1,4.770008,0.000000,49.725117,44.756523,45.256268
1,4.600000,1,2,0.000000,0.000000,36.053944,35.976929,35.000000
3,4.600000,3,4,0.000000,0.000000,38.769917,34.099033,35.000000
2,4.600000,3,2,0.000000,0.000000,36.853111,34.669357,35.000000
0,4.800000,0,1,4.980008,0.000000,41.556831,45.774731,45.539871
1,4.800000,1,2,0.000000,0.000000,34.498104,36.185303,35.000000
3,4.800000,3,4,0.000000,0.000000,35.382774,35.957661,35.000000
2,4.800000,3,2,0.000000,0.000000,32.942131,35.413338,35.000000
0,5.000000,0,1,5.140008,0.000000,41.587212,45.633385,45.747974
1,5.000000,1,2,0.000000,0.000000,33.747711,35.727673,35.000000
3,5.000000,3,4,0.000000,0.000000,39.186047,34.086838,35.000000
2,5.000000,3,2,0.000000,0.000000,33.793034,34.857105,35.000000
0,5.200000,0,1,5.340009,0.000000,42.869427,45.458443,45.999107
1,5.200000,1,2,0.000000,0.000000,38.603207,35.409103,35.000000
3,5.200000,3,4,0.000000,0.000000,33.156277,34.906170,35.000000
2,5.200000,3,2,0.000000,0.000000,34.177521,34.768112,35.000000
0,5.400000,0,1,5.530009,0.000000,44.861004,45.147453,46.229057
1,5.400000,1,2,0.000000,0.000000,36.553333,35.145485,35.000000
3,5.400000,3,4,0.000000,0.000000,34.359756,34.631245,35.000000
2,5.400000,3,2,0.000000,0.000000,35.310200,35.247971,35.000000
0,5.600000,0,1,5.750010,0.000000,48.873363,46.506847,46.485573
1,5.600000,1,2,0.000000,0.000000,34.719105,35.530170,35.000000
3,5.600000,3,4,0.000000,0.000000,31.331266,35.355434,35.000000
2,5.600000,3,2,0.000000,0.000000,33.041943,35.778263,35.000000
0,5.800000,0,1,5.950010,0.000000,46.312572,48.007065,46.710339
1,5.800000,1,2,0.000000,0.000000,34.837868,36.005886,35.000000
3,5.800000,3,4,0.000000,0.000000,31.478069,35.831902,35.000000
2,5.800000,3,2,0.000000,0.000000,30.407906,35.840385,35.000000
0,6.000000,0,1,6.130010,0.000000,53.411789,48.889320,46.906212
1,6.000000,1,2,0.000000,0.000000,31.821507,35.506931,35.000000
3,6.000000,3,4,0.000000,0.000000,32.283485,34.524723,35.000000
2,6.000000,3,2,0.000000,0.000000,35.876415,36.519630,35.000000
0,6.200000,0,1,6.340010,0.000000,47.031631,48.985603,47.127525
1,6.200000,1,2,0.000000,0.000000,35.831360,35.452011,35.000000
3,6.200000,3,4,0.000000,0.000000,34.299976,35.446938,35.000000
2,6.200000,3,2,0.000000,0.000000,35.026447,35.976460,35.000000
0,6.400000,0,1,6.510011,0.000000,49.646194,48.880707,47.301361
1,6.400000,1,2,0.000000,0.000000,39.212875,35.286812,35.000000
3,6.400000,3,4,0.000000,0.000000,35.134003,33.997906,35.000000
2,6.400000,3,2,0.000000,0.000000,36.770859,36.219711,35.000000
0,6.600000,0,1,6.710011,0.000000,53.553185,49.843517,47.500103
1,6.600000,1,2,0.000000,0.000000,32.477848,35.142994,35.000000
3,6.600000,3,4,0.000000,0.000000,34.555359,34.662785,35.000000
2,6.600000,3,2,0.000000,0.000000,38.703903,36.217777,35.000000
0,6.800000,0,1,6.900012,0.000000,46.006638,49.787529,47.683460
1,6.800000,1,2,0.000000,0.000000,31.392859,35.433887,35.000000
3,6.800000,3,4,0.000000,0.000000,27.768511,35.245541,35.000000
2,6.800000,3,2,0.000000,0.000000,33.133671,35.652615,35.000000
0,7.000000,0,1,7.120012,0.000000,47.579094,50.424789,47.889526
1,7.000000,1,2,0.000000,0.000000,35.962399,35.644505,35.000000
3,7.000000,3,4,0.000000,0.000000,33.259972,35.747231,35.000000
2,7.000000,3,2,0.000000,0.000000,34.211136,35.267963,35.000000
0,7.200000,0,1,7.330012,0.000000,42.303677,50.155811,48.080334
1,7.200000,1,2,0.000000,0.000000,37.415627,36.054722,35.000000
3,7.200000,3,4,0.000000,0.000000,31.258434,34.466900,35.000000
2,7.200000,3,2,0.000000,0.000000,27.904587,35.286282,35.000000
0,7.400000,0,1,7.540012,0.000000,50.481403,49.749863,48.293488
1,7.400000,1,2,0.000000,0.000000,37.173725,36.163826,35.000000
3,7.400000,3,4,0.000000,0.000000,36.822342,34.926311,35.000000
2,7.400000,3,2,0.000000,0.000000,31.833019,34.860699,35.000000
0,7.600000,0,1,7.730012,0.000000,52.041992,49.575893,48.496471
1,7.600000,1,2,0.000000,0.000000,35.468037,35.718773,35.000000
3,7.600000,3,4,0.000000,0.000000,35.618412,34.519207,35.000000
2,7.600000,3,2,0.000000,0.000000,36.677605,34.842247,35.000000
3,7.800000,3,4,0.000000,0.000000,32.271362,34.370453,35.000000
3,8.000000,3,4,0.000000,0.000000,33.409576,36.461655,35.000000
3,8.200000,3,4,0.000000,0.000000,31.064537,33.822800,35.000000
3,8.400000,3,4,0.000000,0.000000,34.350403,35.474899,35.000000
3,8.600000,3,4,0.000000,0.000000,38.293552,35.252274,35.000000
3,8.800000,3,4,0.000000,0.000000,33.554790,35.173889,35.000000
3,9.000000,3,4,0.000000,0.000000,35.758472,33.680794,35.000000
3,9.200000,3,4,0.000000,0.000000,38.911880,34.252724,35.000000
3,9.400000,3,4,0.000000,0.000000,32.229660,35.408691,35.000000
3,9.600000,3,4,0.000000,0.000000,35.429703,35.321533,35.000000
3,9.800000,3,4,0.000000,0.000000,37.844566,35.545681,35.000000
3,10.000000,3,4,0.000000,0.000000,32.785591,33.948750,35.000000
3,10.200000,3,4,0.000000,0.000000,32.907322,34.834881,35.000000
3,10.400000,3,4,0.000000,0.000000,36.324898,34.245987,35.000000
3,10.600000,3,4,0.000000,0.000000,34.051132,36.095036,35.000000
3,10.800000,3,4,0.000000,0.000000,41.325932,35.295719,35.000000
3,11.000000,3,4,0.000000,0.000000,39.090084,35.222248,35.000000
3,11.200000,3,4,0.000000,0.000000,34.965611,35.745972,35.000000
3,11.400000,3,4,0.000000,0.000000,35.163750,33.779022,35.000000
3,11.600000,3,4,0.000000,0.000000,34.456345,34.872498,35.000000
3,11.800000,3,4,0.000000,0.000000,32.157539,34.975471,35.000000
3,12.000000,3,4,0.000000,0.000000,39.510796,34.834007,35.000000
3,12.200000,3,4,0.000000,0.000000,32.341465,34.524513,35.000000
3,12.400000,3,4,0.000000,0.000000,38.935898,35.391109,35.000000
3,12.600000,3,4,0.000000,0.000000,27.045298,34.196175,35.000000
3,12.800000,3,4,0.000000,0.000000,35.383396,34.197556,35.000000
3,13.000000,3,4,0.000000,0.000000,33.008591,35.221931,35.000000
3,13.200000,3,4,0.000000,0.000000,33.685326,34.779537,35.000000
3,13.400000,3,4,0.000000,0.000000,35.750542,35.821602,35.000000
3,13.600000,3,4,0.000000,0.000000,32.886139,35.078804,35.000000
3,13.800000,3,4,0.000000,0.000000,37.227859,35.300903,35.000000
3,14.000000,3,4,0.000000,0.000000,34.374855,36.011429,35.000000
3,14.200000,3,4,0.000000,0.000000,32.946758,35.779430,35.000000
3,14.400000,3,4,0.000000,0.000000,33.888794,35.989082,35.000000
3,14.600000,3,4,0.000000,0.000000,30.257633,33.635658,35.000000
3,14.800000,3,4,0.000000,0.000000,37.259686,34.704666,35.000000
3,15.000000,3,4,0.000000,0.000000,36.270721,34.732090,35.000000
3,15.200000,3,4,0.000000,0.000000,37.668774,35.909752,35.000000
3,15.400000,3,4,0.000000,0.000000,38.431278,33.497242,35.000000
3,15.600000,3,4,0.000000,0.000000,34.626350,34.755516,35.000000
3,15.800000,3,4,0.000000,0.000000,34.611454,35.967323,35.000000
3,16.000000,3,4,0.000000,0.000000,34.941959,34.188969,35.000000
3,16.200000,3,4,0.000000,0.000000,36.488979,35.409809,35.000000
3,16.400000,3,4,0.000000,0.000000,37.391121,36.470078,35.000000
3,16.600000,3,4,0.000000,0.000000,34.616100,35.345325,35.000000
3,16.800000,3,4,0.000000,0.000000,37.736977,33.977196,35.000000
3,17.000000,3,4,0.000000,0.000000,33.221474,35.288731,35.000000
3,17.200000,3,4,0.000000,0.000000,32.044380,34.538589,35.000000
3,17.400000,3,4,0.000000,0.000000,31.156750,35.793846,35.000000
3,17.600000,3,4,0.000000,0.000000,32.644901,34.614929,35.000000
3,17.800000,3,4,0.000000,0.000000,34.046635,33.656532,35.000000
3,18.000000,3,4,0.000000,0.000000,32.995811,35.456406,35.000000
3,18.200000,3,4,0.000000,0.000000,36.326973,34.541878,35.000000
3,18.400000,3,4,0.000000,0.000000,35.428185,34.781170,35.000000
3,18.600000,3,4,0.000000,0.000000,36.590076,33.972767,35.000000
3,18.800000,3,4,0.000000,0.000000,32.176693,34.180653,35.000000
3,19.000000,3,4,0.000000,0.000000,35.763000,35.130775,35.000000
3,19.200000,3,4,0.000000,0.000000,36.940910,33.416035,35.000000
3,19.400000,3,4,0.000000,0.000000,36.441475,34.961681,35.000000
3,19.600000,3,4,0.000000,0.000000,34.716187,36.178402,35.000000
3,19.800000,3,4,0.000000,0.000000,39.125843,34.494122,35.000000
3,20.000000,3,4,0.000000,0.000000,34.697762,35.341480,35.000000
3,20.200000,3,4,0.000000,0.000000,33.782135,34.590332,35.000000
3,20.400000,3,4,0.000000,0.000000,31.163845,34.835888,35.000000
3,20.600000,3,4,0.000000,0.000000,28.340633,37.134151,35.000000
3,20.800000,3,4,0.000000,0.000000,36.246159,33.919510,35.000000
3,21.000000,3,4,0.000000,0.000000,36.780773,34.579071,35.000000
3,21.200000,3,4,0.000000,0.000000,33.966110,35.375351,35.000000
3,21.400000,3,4,0.000000,0.000000,33.349163,35.142330,35.000000
3,21.600000,3,4,0.000000,0.000000,34.418503,34.039585,35.000000
3,21.800000,3,4,0.000000,0.000000,31.411705,35.305573,35.000000
3,22.000000,3,4,0.000000,0.000000,32.659851,33.693516,35.000000
3,22.200000,3,4,0.000000,0.000000,37.253616,34.816689,35.000000
3,22.400000,3,4,0.000000,0.000000,36.653835,34.880939,35.000000
3,22.600000,3,4,0.000000,0.000000,32.407806,33.940155,35.000000
3,22.800000,3,4,0.000000,0.000000,34.952332,33.450264,35.000000
3,23.000000,3,4,0.000000,0.000000,32.076813,35.423111,35.000000
3,23.200000,3,4,0.000000,0.000000,31.991901,35.655815,35.000000
3,23.400000,3,4,0.000000,0.000000,32.001640,34.958340,35.000000
3,23.600000,3,4,0.000000,0.000000,35.137569,36.010456,35.000000
3,23.800000,3,4,0.000000,0.000000,37.559032,34.023235,35.000000
3,24.000000,3,4,0.000000,0.000000,38.881592,34.731472,35.000000
3,24.200000,3,4,0.000000,0.000000,35.055279,35.621761,35.000000
3,24.400000,3,4,0.000000,0.000000,39.184612,36.034214,35.000000
3,24.600000,3,4,0.000000,0.000000,35.252075,35.381592,35.000000
3,24.800000,3,4,0.000000,0.000000,34.584114,34.849850,35.000000
3,25.000000,3,4,0.000000,0.000000,39.871288,35.179291,35.000000
3,25.200000,3,4,0.000000,0.000000,36.330791,34.107151,35.000000
3,25.400000,3,4,0.000000,0.000000,32.672501,33.664364,35.000000
3,25.600000,3,4,0.000000,0.000000,33.686405,34.104790,35.000000
3,25.800000,3,4,0.000000,0.000000,36.555508,33.863316,35.000000
3,26.000000,3,4,0.000000,0.000000,35.919174,35.859867,35.000000
3,26.200000,3,4,0.000000,0.000000,35.147171,34.458035,35.000000
3,26.400000,3,4,0.000000,0.000000,31.141907,35.682564,35.000000
3,26.600000,3,4,0.000000,0.000000,32.554974,34.027180,35.000000
3,26.800000,3,4,0.000000,0.000000,37.958500,36.305950,35.000000
3,27.000000,3,4,0.000000,0.000000,27.678761,36.048203,35.000000
3,27.200000,3,4,0.000000,0.000000,34.501469,35.056084,35.000000
3,27.400000,3,4,0.000000,0.000000,34.603821,34.362869,35.000000
3,27.600000,3,4,0.000000,0.000000,34.318340,36.714638,35.000000
3,27.800000,3,4,0.000000,0.000000,37.644409,33.278767,35.000000
3,28.000000,3,4,0.000000,0.000000,36.252739,33.969929,35.000000
3,28.200000,3,4,0.000000,0.000000,30.015928,36.071411,35.000000
3,28.400000,3,4,0.000000,0.000000,36.736397,34.030277,35.000000
3,28.600000,3,4,0.000000,0.000000,38.386307,35.737766,35.000000
3,28.800000,3,4,0.000000,0.000000,36.468960,34.675369,35.000000
3,29.000000,3,4,0.000000,0.000000,31.787262,35.720016,35.000000
3,29.200000,3,4,0.000000,0.000000,30.221365,35.401634,35.000000
3,29.400000,3,4,0.000000,0.000000,35.117985,35.938732,35.000000
3,29.600000,3,4,0.000000,0.000000,36.348778,34.685097,35.000000
3,29.800000,3,4,0.000000,0.000000,37.405487,35.300167,35.000000
3,30.000000,3,4,0.000000,0.000000,33.942837,33.711575,35.000000
3,30.200000,3,4,0.000000,0.000000,33.183823,36.068615,35.000000
3,30.400000,3,4,0.000000,0.000000,33.755203,34.523342,35.000000
3,30.600000,3,4,0.000000,0.000000,35.945393,35.194962,35.000000
3,30.800000,3,4,0.000000,0.000000,33.311687,36.163185,35.000000
3,31.000000,3,4,0.000000,0.000000,32.437252,36.858570,35.000000
3,31.200000,3,4,0.000000,0.000000,37.580559,35.027256,35.000000
3,31.400000,3,4,0.000000,0.000000,33.624660,33.958244,35.000000
3,31.600000,3,4,0.000000,0.000000,35.506592,33.395603,35.000000
3,31.800000,3,4,0.000000,0.000000,41.014336,34.679451,35.000000
3,32.000000,3,4,0.000000,0.000000,35.898026,34.605831,35.000000
3,32.200000,3,4,0.000000,0.000000,36.970440,34.561012,35.000000
3,32.400000,3,4,0.000000,0.000000,33.545414,35.342773,35.000000
3,32.600000,3,4,0.000000,0.000000,34.780193,35.155140,35.000000
3,32.800000,3,4,0.000000,0.000000,35.356770,35.331627,35.000000
3,33.000000,3,4,0.000000,0.000000,33.545349,33.776981,35.000000
3,33.200000,3,4,0.000000,0.000000,34.148926,34.764854,35.000000
3,33.400000,3,4,0.000000,0.000000,31.695850,34.773457,35.000000
3,33.600000,3,4,0.000000,0.000000,35.756187,34.609055,35.000000
3,33.800000,3,4,0.000000,0.000000,38.490810,33.506527,35.000000
3,34.000000,3,4,0.000000,0.000000,34.910877,34.815926,35.000000
3,34.200000,3,4,0.000000,0.000000,36.706383,34.587845,35.000000
3,34.400000,3,4,0.000000,0.000000,35.353500,36.319908,35.000000
3,34.600000,3,4,0.000000,0.000000,30.715990,34.080013,35.000000
3,34.800000,3,4,0.000000,0.000000,35.472137,36.239384,35.000000
3,35.000000,3,4,0.000000,0.000000,34.085556,34.119434,35.000000
3,35.200000,3,4,0.000000,0.000000,34.481911,34.060997,35.000000
3,35.400000,3,4,0.000000,0.000000,29.614399,35.490543,35.000000
3,35.600000,3,4,0.000000,0.000000,30.951286,35.472370,35.000000
3,35.800000,3,4,0.000000,0.000000,36.568672,35.517376,35.000000
3,36.000000,3,4,0.000000,0.000000,36.830318,35.240894,35.000000
3,36.200000,3,4,0.000000,0.000000,35.158646,34.968060,35.000000
3,36.400000,3,4,0.000000,0.000000,37.445251,34.941807,35.000000
3,36.600000,3,4,0.000000,0.000000,37.042110,35.533527,35.000000
3,36.800000,3,4,0.000000,0.000000,32.015419,35.855446,35.000000
3,37.000000,3,4,0.000000,0.000000,37.264153,35.136196,35.000000
3,37.200000,3,4,0.000000,0.000000,36.910034,34.157558,35.000000
3,37.400000,3,4,0.000000,0.000000,36.969406,36.308739,35.000000
3,37.600000,3,4,0.000000,0.000000,34.457973,35.366573,35.000000
3,37.800000,3,4,0.000000,0.000000,38.241737,35.966106,35.000000
3,38.000000,3,4,0.000000,0.000000,34.116478,35.382648,35.000000
3,38.200000,3,4,0.000000,0.000000,35.459438,34.025917,35.000000
3,38.400000,3,4,0.000000,0.000000,30.409725,35.597698,35.000000
3,38.600000,3,4,0.000000,0.000000,33.667900,34.956364,35.000000
3,38.800000,3,4,0.000000,0.000000,38.268143,35.485321,35.000000
3,39.000000,3,4,0.000000,0.000000,35.941975,35.414829,35.000000
3,39.200000,3,4,0.000000,0.000000,33.685898,34.794266,35.000000
3,39.400000,3,4,0.000000,0.000000,34.496895,33.804863,35.000000
3,39.600000,3,4,0.000000,0.000000,27.860504,35.323494,35.000000
3,39.800000,3,4,0.000000,0.000000,33.514706,34.810162,35.000000
3,40.000000,3,4,0.000000,0.000000,34.835251,34.514179,35.000000
3,40.200000,3,4,0.000000,0.000000,33.860107,34.068726,35.000000
3,40.400000,3,4,0.000000,0.000000,32.412361,35.727890,35.000000
3,40.600000,3,4,0.000000,0.000000,40.603504,35.495403,35.000000
3,40.800000,3,4,0.000000,0.000000,36.338345,33.672878,35.000000
3,41.000000,3,4,0.000000,0.000000,35.563507,34.862968,35.000000
3,41.200000,3,4,0.000000,0.000000,38.789688,33.829800,35.000000
3,41.400000,3,4,0.000000,0.000000,41.416782,33.715431,35.000000
3,41.600000,3,4,0.000000,0.000000,39.313869,35.295120,35.000000
3,41.800000,3,4,0.000000,0.000000,39.746971,35.503971,35.000000
3,42.000000,3,4,0.000000,0.000000,41.373898,35.997406,35.000000
3,42.200000,3,4,0.000000,0.000000,34.613300,34.767517,35.000000
3,42.400000,3,4,0.000000,0.000000,39.246609,34.526318,35.000000
3,42.600000,3,4,0.000000,0.000000,36.964661,34.670555,35.000000
3,42.800000,3,4,0.000000,0.000000,37.058205,33.729214,35.000000
3,43.000000,3,4,0.000000,0.000000,35.102314,35.153698,35.000000
3,43.200000,3,4,0.000000,0.000000,33.356190,35.176006,35.000000
3,43.400000,3,4,0.000000,0.000000,37.001614,35.729053,35.000000
3,43.600000,3,4,0.000000,0.000000,33.262684,35.409893,35.000000
3,43.800000,3,4,0.000000,0.000000,36.680950,33.929474,35.000000
3,44.000000,3,4,0.000000,0.000000,33.148106,34.408909,35.000000
3,44.200000,3,4,0.000000,0.000000,29.764456,35.186592,35.000000
3,44.400000,3,4,0.000000,0.000000,39.103073,34.729015,35.000000
3,44.600000,3,4,0.000000,0.000000,32.271633,34.435162,35.000000
3,44.800000,3,4,0.000000,0.000000,32.848557,34.614700,35.000000
3,45.000000,3,4,0.000000,0.000000,36.576397,34.252792,35.000000
3,45.200000,3,4,0.000000,0.000000,34.350040,35.888622,35.000000
3,45.400000,3,4,0.000000,0.000000,35.637398,35.330006,35.000000
3,45.600000,3,4,0.000000,0.000000,42.696808,35.344730,35.000000
3,45.800000,3,4,0.000000,0.000000,34.397617,34.512096,35.000000
3,46.000000,3,4,0.000000,0.000000,35.677872,34.814175,35.000000
3,46.200000,3,4,0.000000,0.000000,36.620548,34.959118,35.000000
3,46.400000,3,4,0.000000,0.000000,38.040085,35.071365,35.000000
3,46.600000,3,4,0.000000,0.000000,35.488892,34.402264,35.000000
3,46.800000,3,4,0.000000,0.000000,32.068836,33.956192,35.000000
3,47.000000,3,4,0.000000,0.000000,34.239864,35.317261,35.000000
3,47.200000,3,4,0.000000,0.000000,33.810947,35.455059,35.000000
3,47.400000,3,4,0.000000,0.000000,40.970779,34.276894,35.000000
3,47.600000,3,4,0.000000,0.000000,32.017651,33.689713,35.000000
3,47.800000,3,4,0.000000,0.000000,33.218063,35.287048,35.000000
3,48.000000,3,4,0.000000,0.000000,34.087208,33.996483,35.000000
3,48.200000,3,4,0.000000,0.000000,35.259773,34.882622,35.000000
3,48.400000,3,4,0.000000,0.000000,33.281956,34.043514,35.000000
3,48.600000,3,4,0.000000,0.000000,35.520325,35.666588,35.000000
3,48.800000,3,4,0.000000,0.000000,40.283100,35.354431,35.000000
3,49.000000,3,4,0.000000,0.000000,33.502007,35.615898,35.000000
3,49.200000,3,4,0.000000,0.000000,35.000160,34.754879,35.000000
3,49.400000,3,4,0.000000,0.000000,33.109879,34.742359,35.000000
3,49.600000,3,4,0.000000,0.000000,37.664837,35.325096,35.000000
3,49.800000,3,4,0.000000,0.000000,37.777214,34.640873,35.000000
3,50.000000,3,4,0.000000,0.000000,34.053314,34.515656,35.000000
3,50.200000,3,4,0.000000,0.000000,39.649399,33.321339,35.000000
3,50.400000,3,4,0.000000,0.000000,36.152336,34.869026,35.000000
3,50.600000,3,4,0.000000,0.000000,38.011986,34.004814,35.000000
3,50.800000,3,4,0.000000,0.000000,37.423702,34.662762,35.000000
3,51.000000,3,4,0.000000,0.000000,29.957359,35.510025,35.000000
3,51.200000,3,4,0.000000,0.000000,42.309761,34.323032,35.000000
3,51.400000,3,4,0.000000,0.000000,34.519958,34.430569,35.000000
3,51.600000,3,4,0.000000,0.000000,35.195843,34.304840,35.000000
3,51.800000,3,4,0.000000,0.000000,36.774620,34.092602,35.000000
3,52.000000,3,4,0.000000,0.000000,36.888737,35.403767,35.000000
3,52.200000,3,4,0.000000,0.000000,37.574348,35.074139,35.000000
3,52.400000,3,4,0.000000,0.000000,28.780945,35.517323,35.000000
3,52.600000,3,4,0.000000,0.000000,32.182331,35.338058,35.000000
3,52.800000,3,4,0.000000,0.000000,27.277271,35.929817,35.000000
3,53.000000,3,4,0.000000,0.000000,32.758522,32.902275,35.000000
3,53.200000,3,4,0.000000,0.000000,37.381721,35.550957,35.000000
3,53.400000,3,4,0.000000,0.000000,36.251438,34.835487,35.000000
3,53.600000,3,4,0.000000,0.000000,38.944149,34.840607,35.000000
3,53.800000,3,4,0.000000,0.000000,40.465397,35.219425,35.000000
3,54.000000,3,4,0.000000,0.000000,31.265800,35.125359,35.000000
3,54.200000,3,4,0.000000,0.000000,39.172230,35.503002,35.000000
3,54.400000,3,4,0.000000,0.000000,33.376095,35.746490,35.000000
3,54.600000,3,4,0.000000,0.000000,35.798824,35.320862,35.000000
3,54.800000,3,4,0.000000,0.000000,33.836376,34.204655,35.000000
3,55.000000,3,4,0.000000,0.000000,32.170815,35.070240,35.000000
3,55.200000,3,4,0.000000,0.000000,34.633133,34.606911,35.000000
3,55.400000,3,4,0.000000,0.000000,35.707691,34.050678,35.000000
3,55.600000,3,4,0.000000,0.000000,37.764595,35.948048,35.000000
3,55.800000,3,4,0.000000,0.000000,32.203217,35.181713,35.000000
3,56.000000,3,4,0.000000,0.000000,35.413162,35.880245,35.000000
3,56.200000,3,4,0.000000,0.000000,33.635399,33.873405,35.000000
3,56.400000,3,4,0.000000,0.000000,32.876442,33.883385,35.000000
3,56.600000,3,4,0.000000,0.000000,30.422684,34.605667,35.000000
3,56.800000,3,4,0.000000,0.000000,33.363064,34.142693,35.000000
3,57.000000,3,4,0.000000,0.000000,36.391972,35.604340,35.000000
3,57.200000,3,4,0.000000,0.000000,36.646507,36.635159,35.000000
3,57.400000,3,4,0.000000,0.000000,34.659302,35.769527,35.000000
3,57.600000,3,4,0.000000,0.000000,29.872574,36.133392,35.000000
3,57.800000,3,4,0.000000,0.000000,34.423874,34.656887,35.000000
3,58.000000,3,4,0.000000,0.000000,34.554642,35.589115,35.000000
3,58.200000,3,4,0.000000,0.000000,32.792305,33.894268,35.000000
3,58.400000,3,4,0.000000,0.000000,31.966585,34.080902,35.000000
3,58.600000,3,4,0.000000,0.000000,28.358549,35.871376,35.000000
3,58.800000,3,4,0.000000,0.000000,33.462761,34.597549,35.000000
3,59.000000,3,4,0.000000,0.000000,33.305210,33.968273,35.000000
3,59.200000,3,4,0.000000,0.000000,34.624161,32.719643,35.000000
3,59.400000,3,4,0.000000,0.000000,36.266651,33.478222,35.000000
3,59.600000,3,4,0.000000,0.000000,31.534142,35.626156,35.000000
3,59.800000,3,4,0.000000,0.000000,38.936436,36.398129,35.000000
3,60.000000,3,4,0.000000,0.000000,31.860855,36.044552,35.000000
3,60.200000,3,4,0.000000,0.000000,32.344948,34.289619,35.000000
3,60.400000,3,4,0.000000,0.000000,35.718349,35.832539,35.000000
3,60.600000,3,4,0.000000,0.000000,31.302311,35.387867,35.000000
3,60.800000,3,4,0.000000,0.000000,33.793526,35.337570,35.000000
3,61.000000,3,4,0.000000,0.000000,35.158630,34.954411,35.000000
3,61.200000,3,4,0.000000,0.000000,35.572437,34.188927,35.000000
3,61.400000,3,4,0.000000,0.000000,36.304855,36.885662,35.000000
3,61.600000,3,4,0.000000,0.000000,36.914989,36.158787,35.000000
3,61.800000,3,4,0.000000,0.000000,40.887131,36.866196,35.000000
3,62.000000,3,4,0.000000,0.000000,33.078289,33.956146,35.000000
3,62.200000,3,4,0.000000,0.000000,32.880207,35.337341,35.000000
3,62.400000,3,4,0.000000,0.000000,35.314278,35.958881,35.000000
3,62.600000,3,4,0.000000,0.000000,35.981194,34.935951,35.000000
3,62.800000,3,4,0.000000,0.000000,36.758904,35.802464,35.000000
3,63.000000,3,4,0.000000,0.000000,32.958122,37.393883,35.000000
3,63.200000,3,4,0.000000,0.000000,31.308893,35.012165,35.000000
3,63.400000,3,4,0.000000,0.000000,31.075584,36.088223,35.000000
3,63.600000,3,4,0.000000,0.000000,34.099380,35.134254,35.000000
3,63.800000,3,4,0.000000,0.000000,36.270466,34.653435,35.000000
3,64.000000,3,4,0.000000,0.000000,37.658226,35.272606,35.000000
3,64.200000,3,4,0.000000,0.000000,33.050236,35.887032,35.000000
3,64.400000,3,4,0.000000,0.000000,34.660347,35.435909,35.000000
3,64.600000,3,4,0.000000,0.000000,38.922058,34.791405,35.000000
3,64.800000,3,4,0.000000,0.000000,35.205135,33.420925,35.000000
3,65.000000,3,4,0.000000,0.000000,26.411705,36.084732,35.000000
3,65.200000,3,4,0.000000,0.000000,30.753365,33.864498,35.000000
3,65.400000,3,4,0.000000,0.000000,31.893593,34.867710,35.000000
3,65.600000,3,4,0.000000,0.000000,35.233974,34.898327,35.000000
3,65.800000,3,4,0.000000,0.000000,34.056953,34.909286,35.000000
3,66.000000,3,4,0.000000,0.000000,33.535221,34.643318,35.000000
3,66.200000,3,4,0.000000,0.000000,35.123978,34.858986,35.000000
3,66.400000,3,4,0.000000,0.000000,39.088253,34.982838,35.000000
3,66.600000,3,4,0.000000,0.000000,36.298103,36.004604,35.000000
3,66.800000,3,4,0.000000,0.000000,35.537010,34.825115,35.000000
3,67.000000,3,4,0.000000,0.000000,35.331264,32.301907,35.000000
3,67.200000,3,4,0.000000,0.000000,35.898411,33.787914,35.000000
3,67.400000,3,4,0.000000,0.000000,32.896420,33.818047,35.000000
3,67.600000,3,4,0.000000,0.000000,34.161903,34.788948,35.000000
3,67.800000,3,4,0.000000,0.000000,36.693176,34.416687,35.000000
3,68.000000,3,4,0.000000,0.000000,32.897549,35.356312,35.000000
3,68.200000,3,4,0.000000,0.000000,36.504028,34.924465,35.000000
3,68.400000,3,4,0.000000,0.000000,43.411194,33.830006,35.000000
3,68.600000,3,4,0.000000,0.000000,32.592186,37.443233,35.000000
3,68.800000,3,4,0.000000,0.000000,32.767628,33.787174,35.000000
3,69.000000,3,4,0.000000,0.000000,36.658112,35.698586,35.000000
3,69.200000,3,4,0.000000,0.000000,34.579918,34.478008,35.000000
3,69.400000,3,4,0.000000,0.000000,36.620728,34.741798,35.000000
3,69.600000,3,4,0.000000,0.000000,36.474545,34.199379,35.000000
3,69.800000,3,4,0.000000,0.000000,30.330608,35.664597,35.000000
3,70.000000,3,4,0.000000,0.000000,33.383926,35.319927,35.000000
3,70.200000,3,4,0.000000,0.000000,35.999607,35.470558,35.000000
3,70.400000,3,4,0.000000,0.000000,31.770983,35.470409,35.000000
3,70.600000,3,4,0.000000,0.000000,38.020889,34.818684,35.000000
3,70.800000,3,4,0.000000,0.000000,38.259418,35.699089,35.000000
3,71.000000,3,4,0.000000,0.000000,38.373188,36.853149,35.000000
3,71.200000,3,4,0.000000,0.000000,32.273766,35.034397,35.000000
3,71.400000,3,4,0.000000,0.000000,30.719017,36.837841,35.000000
3,71.600000,3,4,0.000000,0.000000,35.400631,34.353436,35.000000
3,71.800000,3,4,0.000000,0.000000,34.941772,34.885628,35.000000
3,72.000000,3,4,0.000000,0.000000,31.805416,36.415142,35.000000
3,72.200000,3,4,0.000000,0.000000,38.517036,35.585735,35.000000
3,72.400000,3,4,0.000000,0.000000,37.570522,35.431496,35.000000
3,72.600000,3,4,0.000000,0.000000,37.481407,35.015827,35.000000
3,72.800000,3,4,0.000000,0.000000,36.388405,35.594505,35.000000
3,73.000000,3,4,0.000000,0.000000,33.394863,36.860062,35.000000
3,73.200000,3,4,0.000000,0.000000,39.432793,35.406883,35.000000
3,73.400000,3,4,0.000000,0.000000,41.733414,35.045994,35.000000
3,73.600000,3,4,0.000000,0.000000,35.234249,35.515511,35.000000
3,73.800000,3,4,0.000000,0.000000,34.017601,35.178131,35.000000
3,74.000000,3,4,0.000000,0.000000,35.752686,35.224785,35.000000
3,74.200000,3,4,0.000000,0.000000,37.046608,36.809010,35.000000
3,74.400000,3,4,0.000000,0.000000,28.342220,34.674049,35.000000
3,74.600000,3,4,0.000000,0.000000,37.330818,34.332153,35.000000
3,74.800000,3,4,0.000000,0.000000,32.405365,35.876186,35.000000
3,75.000000,3,4,0.000000,0.000000,40.313267,33.402760,35.000000
3,75.200000,3,4,0.000000,0.000000,36.165966,34.790459,35.000000
3,75.400000,3,4,0.000000,0.000000,32.928814,34.206619,35.000000
3,75.600000,3,4,0.000000,0.000000,31.884493,34.756313,35.000000
3,75.800000,3,4,0.000000,0.000000,31.957281,35.091091,35.000000
3,76.000000,3,4,0.000000,0.000000,36.448746,36.781437,35.000000
3,76.200000,3,4,0.000000,0.000000,35.860161,34.335548,35.000000
3,76.400000,3,4,0.000000,0.000000,30.272446,35.262897,35.000000
3,76.600000,3,4,0.000000,0.000000,35.672104,35.303062,35.000000
3,76.800000,3,4,0.000000,0.000000,37.341061,34.522491,35.000000
3,77.000000,3,4,0.000000,0.000000,39.036156,35.079903,35.000000
3,77.200000,3,4,0.000000,0.000000,42.202587,35.509758,35.000000
3,77.400000,3,4,0.000000,0.000000,36.226608,35.845512,35.000000
3,77.600000,3,4,0.000000,0.000000,33.779961,34.275772,35.000000
3,77.800000,3,4,0.000000,0.000000,38.991638,35.582954,35.000000
3,78.000000,3,4,0.000000,0.000000,30.451826,34.135529,35.000000
3,78.200000,3,4,0.000000,0.000000,37.260441,35.531879,35.000000
3,78.400000,3,4,0.000000,0.000000,36.291885,35.811989,35.000000
3,78.600000,3,4,0.000000,0.000000,31.998680,34.652992,35.000000
3,78.800000,3,4,0.000000,0.000000,33.073357,35.312237,35.000000
3,79.000000,3,4,0.000000,0.000000,27.736261,34.525169,35.000000
3,79.200000,3,4,0.000000,0.000000,35.790943,34.766403,35.000000
3,79.400000,3,4,0.000000,0.000000,38.183292,35.720245,35.000000
3,79.600000,3,4,0.000000,0.000000,33.168835,33.856674,35.000000
3,79.800000,3,4,0.000000,0.000000,32.834564,35.376411,35.000000
3,80.000000,3,4,0.000000,0.000000,29.204046,35.180618,35.000000
3,80.200000,3,4,0.000000,0.000000,34.343128,35.030933,35.000000
3,80.400000,3,4,0.000000,0.000000,33.020515,34.909370,35.000000
3,80.600000,3,4,0.000000,0.000000,35.920723,35.071186,35.000000
3,80.800000,3,4,0.000000,0.000000,29.541468,34.798584,35.000000
3,81.000000,3,4,0.000000,0.000000,41.595844,34.131878,35.000000
3,81.200000,3,4,0.000000,0.000000,37.609962,34.347866,35.000000
3,81.400000,3,4,0.000000,0.000000,38.202564,34.229774,35.000000
3,81.600000,3,4,0.000000,0.000000,30.551064,36.200878,35.000000
3,81.800000,3,4,0.000000,0.000000,36.910179,34.696369,35.000000
3,82.000000,3,4,0.000000,0.000000,31.733681,34.851036,35.000000
3,82.200000,3,4,0.000000,0.000000,37.625889,34.299217,35.000000
3,82.400000,3,4,0.000000,0.000000,32.760544,35.356182,35.000000
3,82.600000,3,4,0.000000,0.000000,33.018116,35.990154,35.000000
3,82.800000,3,4,0.000000,0.000000,34.470474,35.654446,35.000000
3,83.000000,3,4,0.000000,0.000000,34.143707,35.766792,35.000000
3,83.200000,3,4,0.000000,0.000000,32.212566,34.292957,35.000000
3,83.400000,3,4,0.000000,0.000000,34.272446,34.852058,35.000000
3,83.600000,3,4,0.000000,0.000000,38.363499,35.133156,35.000000
3,83.800000,3,4,0.000000,0.000000,40.794182,35.332504,35.000000
3,84.000000,3,4,0.000000,0.000000,34.707336,35.177059,35.000000
3,84.200000,3,4,0.000000,0.000000,39.856247,36.384075,35.000000
3,84.400000,3,4,0.000000,0.000000,36.976208,34.525223,35.000000
3,84.600000,3,4,0.000000,0.000000,38.017921,35.128452,35.000000
3,84.800000,3,4,0.000000,0.000000,36.157959,34.458355,35.000000
3,85.000000,3,4,0.000000,0.000000,35.723095,33.254391,35.000000
3,85.200000,3,4,0.000000,0.000000,36.293987,35.964054,35.000000
3,85.400000,3,4,0.000000,0.000000,41.920113,35.702347,35.000000
3,85.600000,3,4,0.000000,0.000000,35.669098,34.699562,35.000000
3,85.800000,3,4,0.000000,0.000000,35.170071,34.812710,35.000000
3,86.000000,3,4,0.000000,0.000000,37.717026,35.777538,35.000000
3,86.200000,3,4,0.000000,0.000000,33.023312,36.094296,35.000000
3,86.400000,3,4,0.000000,0.000000,35.086262,35.709423,35.000000
3,86.600000,3,4,0.000000,0.000000,33.899429,33.998520,35.000000
3,86.800000,3,4,0.000000,0.000000,35.615238,35.073891,35.000000
3,87.000000,3,4,0.000000,0.000000,37.322159,36.828457,35.000000
3,87.200000,3,4,0.000000,0.000000,32.321228,35.729580,35.000000
3,87.400000,3,4,0.000000,0.000000,37.189632,36.464470,35.000000
3,87.600000,3,4,0.000000,0.000000,36.584831,35.322643,35.000000
3,87.800000,3,4,0.000000,0.000000,37.005512,34.947239,35.000000
3,88.000000,3,4,0.000000,0.000000,34.550125,35.524971,35.000000
3,88.200000,3,4,0.000000,0.000000,29.209600,34.002567,35.000000
3,88.400000,3,4,0.000000,0.000000,31.786394,34.152721,35.000000
3,88.600000,3,4,0.000000,0.000000,35.749645,36.177162,35.000000
3,88.800000,3,4,0.000000,0.000000,35.763290,34.689255,35.000000
3,89.000000,3,4,0.000000,0.000000,37.769722,35.755745,35.000000
3,89.200000,3,4,0.000000,0.000000,36.501526,34.664116,35.000000
3,89.400000,3,4,0.000000,0.000000,35.462730,35.834538,35.000000
3,89.600000,3,4,0.000000,0.000000,34.580467,35.472553,35.000000
3,89.800000,3,4,0.000000,0.000000,34.782555,35.930393,35.000000
3,90.000000,3,4,0.000000,0.000000,33.852833,35.170052,35.000000
3,90.200000,3,4,0.000000,0.000000,31.465572,34.245209,35.000000
3,90.400000,3,4,0.000000,0.000000,38.234272,35.744083,35.000000
3,90.600000,3,4,0.000000,0.000000,40.593872,35.938232,35.000000
3,90.800000,3,4,0.000000,0.000000,36.769894,33.258507,35.000000
3,91.000000,3,4,0.000000,0.000000,33.397297,34.714317,35.000000
3,91.200000,3,4,0.000000,0.000000,36.830532,34.431690,35.000000
3,91.400000,3,4,0.000000,0.000000,34.908085,34.606728,35.000000
3,91.600000,3,4,0.000000,0.000000,36.460701,36.201969,35.000000
3,91.800000,3,4,0.000000,0.000000,28.378529,36.164600,35.000000
3,92.000000,3,4,0.000000,0.000000,31.655802,34.903919,35.000000
3,92.200000,3,4,0.000000,0.000000,35.111034,35.074005,35.000000
3,92.400000,3,4,0.000000,0.000000,37.129452,33.632622,35.000000
3,92.600000,3,4,0.000000,0.000000,35.414185,34.356754,35.000000
3,92.800000,3,4,0.000000,0.000000,29.812191,34.540474,35.000000
3,93.000000,3,4,0.000000,0.000000,33.371948,34.143692,35.000000
3,93.200000,3,4,0.000000,0.000000,32.724079,35.548206,35.000000
3,93.400000,3,4,0.000000,0.000000,32.373676,34.815514,35.000000
3,93.600000,3,4,0.000000,0.000000,36.078949,35.050388,35.000000
3,93.800000,3,4,0.000000,0.000000,34.686100,34.801239,35.000000
3,94.000000,3,4,0.000000,0.000000,35.300861,34.711102,35.000000
3,94.200000,3,4,0.000000,0.000000,35.331230,35.669773,35.000000
3,94.400000,3,4,0.000000,0.000000,34.474682,34.916775,35.000000
3,94.600000,3,4,0.000000,0.000000,39.647476,36.622402,35.000000
3,94.800000,3,4,0.000000,0.000000,34.952084,35.598660,35.000000
3,95.000000,3,4,0.000000,0.000000,33.053616,34.384686,35.000000
3,95.200000,3,4,0.000000,0.000000,33.781380,36.513317,35.000000
3,95.400000,3,4,0.000000,0.000000,34.213001,35.763580,35.000000
3,95.600000,3,4,0.000000,0.000000,35.371861,34.921432,35.000000
3,95.800000,3,4,0.000000,0.000000,34.352097,34.525501,35.000000
3,96.000000,3,4,0.000000,0.000000,35.188068,33.981838,35.000000
3,96.200000,3,4,0.000000,0.000000,35.396755,34.247066,35.000000
3,96.400000,3,4,0.000000,0.000000,31.989166,35.551552,35.000000
3,96.600000,3,4,0.000000,0.000000,37.451584,35.875095,35.000000
3,96.800000,3,4,0.000000,0.000000,37.669441,35.209476,35.000000
3,97.000000,3,4,0.000000,0.000000,36.132435,34.815823,35.000000
3,97.200000,3,4,0.000000,0.000000,29.739452,34.270168,35.000000
3,97.400000,3,4,0.000000,0.000000,37.847099,35.511650,35.000000
3,97.600000,3,4,0.000000,0.000000,35.695366,35.701729,35.000000
3,97.800000,3,4,0.000000,0.000000,34.203255,35.730453,35.000000
3,98.000000,3,4,0.000000,0.000000,34.600155,34.598030,35.000000
3,98.200000,3,4,0.000000,0.000000,36.331375,35.897457,35.000000
3,98.400000,3,4,0.000000,0.000000,34.852848,34.713257,35.000000
3,98.600000,3,4,0.000000,0.000000,30.547932,35.482746,35.000000
3,98.800000,3,4,0.000000,0.000000,40.908592,34.386280,35.000000
3,99.000000,3,4,0.000000,0.000000,37.493851,34.855843,35.000000
3,99.200000,3,4,0.000000,0.000000,36.059147,34.701195,35.000000
3,99.400000,3,4,0.000000,0.000000,34.655582,34.458576,35.000000
3,99.600000,3,4,0.000000,0.000000,39.799572,34.535980,35.000000
3,99.800000,3,4,0.000000,0.000000,33.684959,35.279335,35.000000
3,100.000000,3,4,0.000000,0.000000,34.121174,33.921341,35.000000
3,100.200000,3,4,0.000000,0.000000,26.030949,35.106514,35.000000
3,100.400000,3,4,0.000000,0.000000,35.164341,34.301563,35.000000
3,100.600000,3,4,0.000000,0.000000,38.089081,35.262531,35.000000
3,100.800000,3,4,0.000000,0.000000,36.206371,35.032906,35.000000
3,101.000000,3,4,0.000000,0.000000,36.045757,35.243984,35.000000
3,101.200000,3,4,0.000000,0.000000,36.345890,33.737606,35.000000
3,101.400000,3,4,0.000000,0.000000,29.972048,34.420864,35.000000
3,101.600000,3,4,0.000000,0.000000,38.627052,35.342388,35.000000
3,101.800000,3,4,0.000000,0.000000,37.426231,33.577065,35.000000
3,102.000000,3,4,0.000000,0.000000,40.624733,34.993416,35.000000
3,102.200000,3,4,0.000000,0.000000,35.028038,34.267300,35.000000
3,102.400000,3,4,0.000000,0.000000,33.935890,34.652714,35.000000
3,102.600000,3,4,0.000000,0.000000,30.266535,35.092617,35.000000
3,102.800000,3,4,0.000000,0.000000,35.786934,34.660576,35.000000
3,103.000000,3,4,0.000000,0.000000,35.842480,35.471977,35.000000
3,103.200000,3,4,0.000000,0.000000,35.327251,35.748478,35.000000
3,103.400000,3,4,0.000000,0.000000,39.779831,34.440758,35.000000
3,103.600000,3,4,0.000000,0.000000,33.956352,35.078453,35.000000
3,103.800000,3,4,0.000000,0.000000,32.883617,34.794117,35.000000
3,104.000000,3,4,0.000000,0.000000,35.603432,33.860523,35.000000
3,104.200000,3,4,0.000000,0.000000,36.448170,35.499622,35.000000
3,104.400000,3,4,0.000000,0.000000,39.980442,37.210419,35.000000
3,104.600000,3,4,0.000000,0.000000,37.642204,35.098122,35.000000
3,104.800000,3,4,0.000000,0.000000,34.386566,33.782341,35.000000
3,105.000000,3,4,0.000000,0.000000,33.977497,36.902958,35.000000
3,105.200000,3,4,0.000000,0.000000,37.702488,35.352482,35.000000
3,105.400000,3,4,0.000000,0.000000,35.175335,34.545422,35.000000
3,105.600000,3,4,0.000000,0.000000,31.102013,34.119450,35.000000
3,105.800000,3,4,0.000000,0.000000,40.2878