2,0.200000,2,3,0.000000,0.000000,54.398087,NaN,60.000000
1,0.200000,2,1,0.000000,0.000000,48.821800,NaN,52.474251
3,0.200000,3,4,0.000000,0.000000,42.476433,43.263721,42.529121
0,0.200000,1,0,0.000000,0.000000,55.803051,NaN,57.577248
2,0.400000,2,3,-0.283994,0.300001,56.704666,NaN,59.346668
1,0.400000,2,1,-0.283994,0.193332,54.065247,NaN,53.464214
3,0.400000,3,4,0.300001,0.000000,41.531425,44.687809,44.045746
0,0.400000,1,0,0.193332,0.000001,58.968422,NaN,57.311646
2,0.600000,2,3,-0.271197,0.600001,64.226768,63.966835,59.010345
1,0.600000,2,1,-0.271197,0.151104,55.656239,53.969200,53.354591
3,0.600000,3,4,0.600001,0.000000,42.125462,44.542351,45.376335
0,0.600000,1,0,0.151104,0.000001,56.252140,57.421623,57.370216
2,0.800000,2,3,-0.314833,0.900001,58.311008,61.627609,58.593750
1,0.800000,2,1,-0.314833,0.344126,52.582287,53.765125,53.818413
3,0.800000,3,4,0.900001,0.000000,47.440220,46.231121,46.561558
0,0.800000,1,0,0.344126,0.000001,50.993118,60.185917,57.099869
2,1.000000,2,3,-0.414785,1.022573,52.756622,58.770893,58.315193
1,1.000000,2,1,-0.414785,0.326518,56.691681,54.661873,53.975262
3,1.000000,3,4,1.022573,0.000000,47.075020,46.526363,47.010895
0,1.000000,1,0,0.326518,0.000002,57.984341,58.636951,57.124813
2,1.200000,2,3,-0.511877,1.322573,57.170113,57.800964,57.799637
1,1.200000,2,1,-0.511877,0.378617,55.440578,54.086395,54.253792
3,1.200000,3,4,1.322573,0.000000,48.724228,48.952030,48.038086
0,1.200000,1,0,0.378617,0.000002,55.774033,57.275620,57.050846
2,1.400000,2,3,-0.511600,1.546837,52.311493,58.206955,57.497650
1,1.400000,2,1,-0.511600,0.261473,58.144592,53.154869,54.035179
3,1.400000,3,4,1.546837,0.000000,46.735729,48.582199,48.747101
0,1.400000,1,0,0.261473,0.000002,57.602829,57.053032,57.216461
2,1.600000,2,3,-0.583734,1.675775,59.268787,57.264782,57.219215
1,1.600000,2,1,-0.583734,0.300390,54.536297,52.576694,54.242043
3,1.600000,3,4,1.675775,0.000000,49.072655,50.037346,49.134720
0,1.600000,1,0,0.300390,0.000003,55.637623,58.209820,57.161720
2,1.800000,2,3,-0.618208,1.616653,57.123165,57.684589,57.253731
1,1.800000,2,1,-0.618208,0.378556,56.702686,54.275242,54.447922
3,1.800000,3,4,1.616653,0.000000,48.043266,48.084396,48.958702
0,1.800000,1,0,0.378556,0.000003,56.241665,57.323120,57.050934
2,2.000000,2,3,-0.647011,1.854564,57.145298,57.480534,56.874252
1,2.000000,2,1,-0.647011,0.448973,56.045963,54.967770,54.626095
3,2.000000,3,4,1.854564,0.000000,52.567318,47.988102,49.650291
0,2.000000,1,0,0.448973,0.000004,57.711823,58.076702,56.950157
2,2.200000,2,3,-0.589609,2.003988,55.324638,56.837368,56.740181
1,2.200000,2,1,-0.589609,0.347135,49.776688,53.905598,54.338707
3,2.200000,3,4,2.003988,0.000000,50.059395,50.601082,50.063164
0,2.200000,1,0,0.347135,0.000004,57.924004,57.519417,57.095604
2,2.400000,2,3,-0.607530,2.192567,57.289982,56.978706,56.433167
1,2.400000,2,1,-0.607530,0.289465,52.765766,52.782230,54.265770
3,2.400000,3,4,2.192567,0.000000,50.927856,48.371597,50.562767
0,2.400000,1,0,0.289465,0.000004,56.737015,57.821049,57.177120
2,2.600000,2,3,-0.597307,2.306657,57.784397,56.724503,56.275398
1,2.600000,2,1,-0.597307,0.415335,53.537788,52.855701,54.476631
3,2.600000,3,4,2.306657,0.000000,52.351772,49.993057,50.854233
0,2.600000,1,0,0.415335,0.000005,54.238144,58.620903,56.998417
2,2.800000,2,3,-0.559851,2.387230,57.737423,56.096714,56.209221
1,2.800000,2,1,-0.559851,0.552424,54.337147,53.494247,54.655075
3,2.800000,3,4,2.387230,0.000000,53.934578,51.886669,51.055462
0,2.800000,1,0,0.552424,0.000005,57.851719,57.892910,56.800381
2,3.000000,2,3,-0.623713,2.373816,55.380325,55.760773,56.131283
1,3.000000,2,1,-0.623713,0.693749,55.416580,53.474243,55.013565
3,3.000000,3,4,2.373816,0.000000,54.640415,50.896194,51.022217
0,3.000000,1,0,0.693749,0.000005,56.915718,57.655880,56.592373
2,3.200000,2,3,-0.659736,2.498616,54.749786,56.149910,55.879021
1,3.200000,2,1,-0.659736,0.736273,57.447891,54.193020,55.147728
3,3.200000,3,4,2.498616,0.000000,45.802170,52.173946,51.327637
0,3.200000,1,0,0.736273,0.000006,54.770164,56.907784,56.528996
2,3.400000,2,3,-0.658744,2.584083,53.876816,56.098019,55.744125
1,3.400000,2,1,-0.658744,0.549973,52.118168,54.218067,54.825047
3,3.400000,3,4,2.584083,0.000000,49.550407,52.036839,51.531952
0,3.400000,1,0,0.549973,0.000006,63.522766,56.268215,56.803955
2,3.600000,2,3,-0.588583,2.622782,60.447834,55.411633,55.794563
1,3.600000,2,1,-0.588583,0.566767,53.637428,53.769184,54.731316
3,3.600000,3,4,2.622782,0.000000,52.517365,50.351803,51.623215
0,3.600000,1,0,0.566767,0.000006,59.933479,56.726955,56.779453
2,3.800000,2,3,-0.648255,2.726502,55.041954,55.547710,55.530045
1,3.800000,2,1,-0.648255,0.744171,59.133129,53.967266,55.141644
3,3.800000,3,4,2.726502,0.000000,52.482910,51.971718,51.864098
0,3.800000,1,0,0.744171,0.000007,58.238525,57.262169,56.517189
2,4.000000,2,3,-0.626957,2.715148,53.584858,55.197224,55.583424
1,4.000000,2,1,-0.626957,0.756414,54.915321,54.962307,55.126251
3,4.000000,3,4,2.715148,0.000000,51.449242,52.699928,51.837990
0,4.000000,1,0,0.756414,0.000007,57.565922,57.040459,56.498848
2,4.200000,2,3,-0.707758,2.770633,56.857616,54.626228,55.358871
1,4.200000,2,1,-0.707758,0.679055,56.158825,55.429642,55.132103
3,4.200000,3,4,2.770633,0.000000,53.658012,52.451576,51.964993
0,4.200000,1,0,0.679055,0.000007,56.747486,57.302559,56.614189
2,4.400000,2,3,-0.593524,2.773603,57.241257,54.186970,55.542542
1,4.400000,2,1,-0.593524,0.811291,50.285683,55.706814,55.162666
3,4.400000,3,4,2.773603,0.000000,52.123833,51.176147,51.971748
0,4.400000,1,0,0.811291,0.000008,55.238995,57.682095,56.416283
2,4.600000,2,3,-0.741430,3.022335,48.458832,55.227798,54.873062
1,4.600000,2,1,-0.741430,0.740023,54.141903,54.707340,55.291809
3,4.600000,3,4,3.022335,0.000000,44.315659,52.231918,52.523178
0,4.600000,1,0,0.740023,0.000008,59.725346,57.326710,56.523392
2,4.800000,2,3,-0.770358,3.110533,59.105705,53.813282,54.667206
1,4.800000,2,1,-0.770358,0.822677,49.983170,55.531879,55.477135
3,4.800000,3,4,3.110533,0.000000,51.600567,52.092518,52.712173
0,4.800000,1,0,0.822677,0.000008,54.634689,57.064911,56.399075
2,5.000000,2,3,-0.880671,3.297184,53.464897,53.301647,54.127075
1,5.000000,2,1,-0.880671,0.881140,58.449333,55.563610,55.751575
3,5.000000,3,4,3.297184,0.000000,59.582207,52.649593,53.101608
0,5.000000,1,0,0.881140,0.000009,58.163143,56.835423,56.310272
2,5.200000,2,3,-0.926568,3.397264,54.623306,52.432793,53.851379
1,5.200000,2,1,-0.926568,0.988085,55.100323,55.647572,55.994259
3,5.200000,3,4,3.397264,0.000000,50.818676,53.527691,53.304806
0,5.200000,1,0,0.988085,0.000009,56.034218,57.135105,56.145931
2,5.400000,2,3,-0.995497,3.310275,56.437347,52.363331,53.885872
1,5.400000,2,1,-0.995497,0.930179,56.628056,55.838261,56.011555
3,5.400000,3,4,3.310275,0.000000,53.525940,52.055756,53.128403
0,5.400000,1,0,0.930179,0.000010,63.373718,56.719151,56.235226
2,5.600000,2,3,-1.118294,3.354037,56.791992,52.016590,53.563553
1,5.600000,2,1,-1.118294,0.908689,57.250164,56.111355,56.169224
3,5.600000,3,4,3.354037,0.000000,51.621662,53.764423,53.217506
0,5.600000,1,0,0.908689,0.000010,57.237225,57.256458,56.268177
2,5.800000,2,3,-1.165055,3.360034,61.103462,51.873520,53.459427
1,5.800000,2,1,-1.165055,1.037968,57.060368,57.024616,56.437870
3,5.800000,3,4,3.360034,0.000000,55.799118,53.597073,53.229660
0,5.800000,1,0,1.037968,0.000010,57.641579,58.023815,56.068417
2,6.000000,2,3,-1.134629,3.535768,53.029701,50.908459,53.167370
1,6.000000,2,1,-1.134629,1.203568,60.867737,57.002838,56.639736
3,6.000000,3,4,3.535768,0.000000,54.156681,54.094070,53.579887
0,6.000000,1,0,1.203568,0.000011,54.864716,57.024162,55.807041
2,6.200000,2,3,-1.114051,3.555141,51.639561,49.982170,53.169823
1,6.200000,2,1,-1.114051,1.120562,52.646881,57.999523,56.485382
3,6.200000,3,4,3.555141,0.000000,50.486530,55.467525,53.617813
0,6.200000,1,0,1.120562,0.000011,58.466667,56.464855,55.938843
2,6.400000,2,3,-0.967657,3.566106,52.322403,49.935986,53.442211
1,6.400000,2,1,-0.967657,1.006786,58.824333,57.833538,56.087738
3,6.400000,3,4,3.566106,0.000000,52.263268,53.759819,53.639221
0,6.400000,1,0,1.006786,0.000011,58.476994,56.004650,56.116936
2,6.600000,2,3,-0.950190,3.686497,56.176094,50.381325,53.235825
1,6.600000,2,1,-0.950190,0.942856,58.581097,57.368256,55.960281
3,6.600000,3,4,3.686497,0.000000,52.090481,53.154144,53.871536
0,6.600000,1,0,0.942856,0.000012,62.567108,55.356468,56.215744
2,6.800000,2,3,-0.717494,3.628189,49.823490,51.294983,53.809505
1,6.800000,2,1,-0.717494,0.882711,53.803631,57.206284,55.488937
3,6.800000,3,4,3.628189,0.000000,54.309834,53.845242,53.759644
0,6.800000,1,0,0.882711,0.000012,53.668110,55.793526,56.307884
2,7.000000,2,3,-0.826993,3.599622,48.001743,51.489765,53.652977
1,7.000000,2,1,-0.826993,0.812916,50.601330,56.718357,55.554054
3,7.000000,3,4,3.599622,0.000000,52.440811,54.891781,53.704399
0,7.000000,1,0,0.812916,0.000012,57.583893,55.853745,56.413837
2,7.200000,2,3,-0.730183,3.482259,53.033646,51.595741,54.062386
1,7.200000,2,1,-0.730183,0.871067,58.769669,57.597237,55.490654
3,7.200000,3,4,3.482259,0.000000,53.808132,53.393803,53.474438
0,7.200000,1,0,0.871067,0.000013,58.692867,56.412361,56.325630
2,7.400000,2,3,-0.539398,3.587010,56.656261,52.188969,54.222595
1,7.400000,2,1,-0.539398,0.926262,55.295094,56.817219,55.265320
3,7.400000,3,4,3.587010,0.000000,54.911510,52.518291,53.679916
0,7.400000,1,0,0.926262,0.000013,60.593784,56.219383,56.241241
2,7.600000,2,3,-0.432989,3.542885,52.038788,53.007954,54.497353
1,7.600000,2,1,-0.432989,0.972697,58.499584,56.147655,55.164139
3,7.600000,3,4,3.542885,0.000000,44.413921,52.809246,53.593834
0,7.600000,1,0,0.972697,0.000013,58.302563,56.401081,56.169739
2,7.800000,2,3,-0.443843,3.585686,55.374870,53.700951,54.400215
1,7.800000,2,1,-0.443843,0.893750,57.877445,56.127640,55.048111
3,7.800000,3,4,3.585686,0.000000,50.873833,53.713821,53.677345
0,7.800000,1,0,0.893750,0.000014,53.432686,56.655499,56.291031
2,8.000000,2,3,-0.349758,3.601031,54.902409,53.878422,54.542469
1,8.000000,2,1,-0.349758,0.875841,53.015072,55.977531,54.854530
3,8.000000,3,4,3.601031,0.000000,52.237793,54.055622,53.707130
0,8.000000,1,0,0.875841,0.000014,53.058838,56.718189,56.318359
2,8.200000,2,3,-0.265555,3.501127,51.541271,54.159492,54.867981
1,8.200000,2,1,-0.265555,0.962967,49.784210,55.302578,54.859627
3,8.200000,3,4,3.501127,0.000000,48.205540,53.108055,53.511738
0,8.200000,1,0,0.962967,0.000015,60.278267,55.998211,56.184761
2,8.400000,2,3,-0.309232,3.577606,55.254982,54.767937,54.656647
1,8.400000,2,1,-0.309232,1.156509,55.574039,55.687439,55.265457
3,8.400000,3,4,3.577606,0.000000,48.479256,52.442291,53.661629
0,8.400000,1,0,1.156509,0.000015,57.251415,56.069962,55.881966
2,8.600000,2,3,-0.232904,3.520536,56.445740,54.956711,54.891022
1,8.600000,2,1,-0.232904,1.176211,55.465698,56.108868,55.169952
3,8.600000,3,4,3.520536,0.000000,52.409260,53.217422,53.549973
0,8.600000,1,0,1.176211,0.000015,55.226830,54.903122,55.850662
2,8.800000,2,3,-0.241287,3.429559,54.578274,55.386303,55.033642
1,8.800000,2,1,-0.241287,1.168970,58.583099,55.799919,55.171886
3,8.800000,3,4,3.429559,0.000000,49.049690,52.653107,53.369568
0,8.800000,1,0,1.168970,0.000016,59.598972,55.586266,55.862179
2,9.000000,2,3,-0.365957,3.621565,55.775047,54.964828,54.476337
1,9.000000,2,1,-0.365957,1.217083,50.080540,56.131725,55.460663
3,9.000000,3,4,3.621565,0.000000,47.665039,52.564430,53.746857
0,9.000000,1,0,1.217083,0.000016,57.301735,54.744537,55.785439
2,9.200000,2,3,-0.463387,3.587682,55.691689,54.981319,54.360973
1,9.200000,2,1,-0.463387,1.266225,60.068508,56.520935,55.699753
3,9.200000,3,4,3.587682,0.000000,56.756027,53.920425,53.681225
0,9.200000,1,0,1.266225,0.000016,49.360283,54.869770,55.706490
2,9.400000,2,3,-0.591418,3.683722,55.570831,54.987556,53.944122
1,9.400000,2,1,-0.591418,1.207902,57.755444,55.748459,55.811638
3,9.400000,3,4,3.683722,0.000000,52.535034,53.618450,53.866241
0,9.400000,1,0,1.207902,0.000017,53.965862,55.048435,55.800125
2,9.600000,2,3,-0.528917,3.594002,56.804573,54.333656,54.229042
1,9.600000,2,1,-0.528917,1.356104,56.969215,55.942734,55.947632
3,9.600000,3,4,3.594002,0.000000,50.804806,56.132050,53.693497
0,9.600000,1,0,1.356104,0.000017,57.102482,55.703613,55.560600
2,9.800000,2,3,-0.693722,3.602255,49.030045,54.752274,53.904533
1,9.800000,2,1,-0.693722,1.322015,52.381084,56.349571,56.151833
3,9.800000,3,4,3.602255,0.000000,55.579102,54.096149,53.709503
0,9.800000,1,0,1.322015,0.000017,52.105347,55.436562,55.616165
2,10.000000,2,3,-0.549038,3.622632,52.843670,54.216793,54.138603
1,10.000000,2,1,-0.549038,1.180401,55.879971,55.910656,55.699471
3,10.000000,3,4,3.622632,0.000000,56.915241,54.233631,53.748917
0,10.000000,1,0,1.180401,0.000018,57.513405,55.559128,55.844002
2,10.200000,2,3,-0.518081,3.567817,56.702946,54.030628,54.297218
1,10.200000,2,1,-0.518081,1.165744,57.925816,55.716839,55.625626
3,10.200000,3,4,3.567817,0.000000,49.012543,53.460243,53.642559
0,10.200000,1,0,1.165744,0.000018,51.663338,56.157333,55.867310
2,10.400000,2,3,-0.413156,3.695038,57.297729,54.249187,54.256210
1,10.400000,2,1,-0.413156,1.193556,58.831638,56.105247,55.499634
3,10.400000,3,4,3.695038,0.000000,60.644527,54.602013,53.887833
0,10.400000,1,0,1.193556,0.000018,54.314556,55.989868,55.823036
2,10.600000,2,3,-0.406853,3.605360,54.937447,53.752163,54.431656
1,10.600000,2,1,-0.406853,1.266611,49.934601,56.037724,55.608784
3,10.600000,3,4,3.605360,0.000000,56.894390,53.554802,53.715515
0,10.600000,1,0,1.266611,0.000019,59.521152,56.384495,55.705872
2,10.800000,2,3,-0.438252,3.704795,60.035213,54.454140,54.191795
1,10.800000,2,1,-0.438252,1.042165,52.107788,55.568779,55.290073
3,10.800000,3,4,3.704795,0.000000,50.689041,55.302811,53.906414
0,10.800000,1,0,1.042165,0.000019,53.633968,56.364838,56.061882
2,11.000000,2,3,-0.504121,3.704501,55.272549,54.283546,54.069550
1,11.000000,2,1,-0.504121,1.218212,60.536125,55.182877,55.688004
3,11.000000,3,4,3.704501,0.000000,54.726238,54.187817,53.905853
0,11.000000,1,0,1.218212,0.000019,56.760273,56.486290,55.783638
2,11.200000,2,3,-0.533584,3.672997,53.321045,54.366344,54.073372
1,11.200000,2,1,-0.533584,1.212379,62.964622,55.121971,55.726097
3,11.200000,3,4,3.672997,0.000000,57.322083,54.913853,53.845734
0,11.200000,1,0,1.212379,0.000020,56.890430,56.102337,55.792969
2,11.400000,2,3,-0.533981,3.699354,57.128994,54.085400,54.023117
1,11.400000,2,1,-0.533981,1.358568,57.564400,55.111580,55.959496
3,11.400000,3,4,3.699354,0.000000,50.155834,55.352543,53.896057
0,11.400000,1,0,1.358568,0.000020,57.955223,56.471661,55.556576
2,11.600000,2,3,-0.553937,3.664145,50.922241,53.669849,54.051800
1,11.600000,2,1,-0.553937,1.355829,55.786701,55.348194,55.986580
3,11.600000,3,4,3.664145,0.000000,53.016708,55.409313,53.828781
0,11.600000,1,0,1.355829,0.000021,58.169456,56.172516,55.561054
2,11.800000,2,3,-0.549576,3.655877,49.007545,54.358528,54.075485
1,11.800000,2,1,-0.549576,1.335107,54.027153,55.377201,55.947098
3,11.800000,3,4,3.655877,0.000000,56.306473,53.803513,53.812920
0,11.800000,1,0,1.335107,0.000021,56.128960,55.825348,55.594864
2,12.000000,2,3,-0.408735,3.581351,46.320332,53.547070,54.471706
1,12.000000,2,1,-0.408735,1.426282,58.693474,55.703148,55.868492
3,12.000000,3,4,3.581351,0.000000,49.792168,54.161327,53.668915
0,12.000000,1,0,1.426282,0.000021,58.627052,56.250134,55.445313
2,12.200000,2,3,-0.412024,3.594247,54.067802,53.555061,54.442429
1,12.200000,2,1,-0.412024,1.451689,58.108330,55.417091,55.913979
3,12.200000,3,4,3.594247,0.000000,43.928005,54.459305,53.693974
0,12.200000,1,0,1.451689,0.000022,59.284149,56.254963,55.403267
2,12.400000,2,3,-0.401372,3.443328,54.679108,54.067905,54.731232
1,12.400000,2,1,-0.401372,1.500231,56.091064,55.794033,55.973747
3,12.400000,3,4,3.443328,0.000000,52.272076,52.649288,53.397068
0,12.400000,1,0,1.500231,0.000022,56.430061,55.915409,55.322487
2,12.600000,2,3,-0.474673,3.597541,52.276604,54.526520,54.322311
1,12.600000,2,1,-0.474673,1.431226,55.126850,55.892761,55.980507
3,12.600000,3,4,3.597541,0.000000,56.472565,54.525269,53.700363
0,12.600000,1,0,1.431226,0.000022,60.506306,55.611546,55.437145
2,12.800000,2,3,-0.373200,3.600641,55.465061,54.385796,54.501015
1,12.800000,2,1,-0.373200,1.544845,56.133774,55.751247,55.999584
3,12.800000,3,4,3.600641,0.000000,54.717831,54.554825,53.706375
0,12.800000,1,0,1.544845,0.000023,54.848915,55.763958,55.247704
2,13.000000,2,3,-0.427170,3.585847,55.005539,53.958374,54.430199
1,13.000000,2,1,-0.427170,1.333282,58.591255,55.651428,55.749393
3,13.000000,3,4,3.585847,0.000000,52.199993,54.238712,53.677658
0,13.000000,1,0,1.333282,0.000023,55.088982,55.957451,55.597839
2,13.200000,2,3,-0.527922,3.602640,52.268917,54.723923,54.214912
1,13.200000,2,1,-0.527922,1.314806,51.313202,54.778507,55.880730
3,13.200000,3,4,3.602640,0.000000,53.501289,54.318829,53.710247
0,13.200000,1,0,1.314806,0.000023,54.497974,56.244011,55.627888
2,13.400000,2,3,-0.499525,3.547494,53.664646,54.199867,54.368362
1,13.400000,2,1,-0.499525,1.288096,50.691322,55.892643,55.792938
3,13.400000,3,4,3.547494,0.000000,49.495476,52.854969,53.602859
0,13.400000,1,0,1.288096,0.000024,59.996113,56.320053,55.671181
2,13.600000,2,3,-0.435507,3.397963,48.208099,54.374012,54.751022
1,13.600000,2,1,-0.435507,1.455704,53.347393,55.452164,55.957390
3,13.600000,3,4,3.397963,0.000000,50.323112,53.096684,53.306210
0,13.600000,1,0,1.455704,0.000024,53.401978,56.448025,55.396614
2,13.800000,2,3,-0.357668,3.418297,52.739174,54.648296,54.851799
1,13.800000,2,1,-0.357668,1.433417,58.095009,55.808361,55.798477
3,13.800000,3,4,3.418297,0.000000,55.183708,53.166218,53.347031
0,13.800000,1,0,1.433417,0.000024,57.441303,55.754055,55.433525
2,14.000000,2,3,-0.325612,3.451295,54.538780,55.093742,54.850159
1,14.000000,2,1,-0.325612,1.527587,52.504105,55.510632,55.897331
3,14.000000,3,4,3.451295,0.000000,57.256290,53.208233,53.412949
0,14.000000,1,0,1.527587,0.000025,54.623825,55.909534,55.276695
2,14.200000,2,3,-0.365858,3.326352,57.321144,55.060677,54.996933
1,14.200000,2,1,-0.365858,1.561113,53.663258,55.983238,56.013580
3,14.200000,3,4,3.326352,0.000000,55.208565,52.932152,53.161224
0,14.200000,1,0,1.561113,0.000025,53.804569,55.181427,55.220314
2,14.400000,2,3,-0.360859,3.300146,55.630703,55.205471,55.050510
1,14.400000,2,1,-0.360859,1.440577,51.907490,55.538174,55.815018
3,14.400000,3,4,3.300146,0.000000,52.396027,52.952976,53.107677
0,14.400000,1,0,1.440577,0.000026,57.145069,55.181927,55.421684
2,14.600000,2,3,-0.191765,3.365185,54.939556,55.247555,55.227287
1,14.600000,2,1,-0.191765,1.393679,54.925835,55.786064,55.464626
3,14.600000,3,4,3.365185,0.000000,55.496128,54.538673,53.240086
0,14.600000,1,0,1.393679,0.000026,56.488819,55.921059,55.499035
2,14.800000,2,3,-0.296055,3.253716,56.203735,54.921715,55.239376
1,14.800000,2,1,-0.296055,1.488004,55.102970,55.868881,55.787243
3,14.800000,3,4,3.253716,0.000000,54.545528,52.774651,53.012154
0,14.800000,1,0,1.488004,0.000026,54.548550,55.629150,55.342896
2,15.000000,2,3,-0.255630,3.302453,58.996899,55.540722,55.225380
1,15.000000,2,1,-0.255630,1.521897,55.366463,56.513065,55.776779
3,15.000000,3,4,3.302453,0.000000,48.103184,52.075340,53.112404
0,15.000000,1,0,1.521897,0.000027,54.808479,55.682816,55.286240
2,15.200000,2,3,-0.238142,3.276063,54.773884,55.422409,55.299080
1,15.200000,2,1,-0.238142,1.494102,54.821754,55.932114,55.703995
3,15.200000,3,4,3.276063,0.000000,56.805679,53.181938,53.058235
0,15.200000,1,0,1.494102,0.000027,53.306934,55.353481,55.332726
2,15.400000,2,3,-0.205194,3.085317,57.060795,55.598030,55.667236
1,15.400000,2,1,-0.205194,1.614933,57.206028,55.719025,55.844810
3,15.400000,3,4,3.085317,0.000000,50.249222,51.609684,52.658470
0,15.400000,1,0,1.614933,0.000027,54.538624,55.479111,55.129181
2,15.600000,2,3,-0.307949,3.091929,52.242634,55.989227,55.488800
1,15.600000,2,1,-0.307949,1.667902,59.469181,56.031982,56.089928
3,15.600000,3,4,3.091929,0.000000,52.477142,51.443832,52.672577
0,15.600000,1,0,1.667902,0.000028,59.511570,54.466080,55.038738
2,15.800000,2,3,-0.372479,3.161683,61.749035,56.305664,55.265621
1,15.800000,2,1,-0.372479,1.642411,57.677094,57.744965,56.150520
3,15.800000,3,4,3.161683,0.000000,58.346600,51.345207,52.820290
0,15.800000,1,0,1.642411,0.000028,56.084972,54.717495,55.082359
2,16.000000,2,3,-0.321805,3.270000,55.681805,56.247852,55.168392
1,16.000000,2,1,-0.321805,1.627620,53.879230,57.510025,56.048721
3,16.000000,3,4,3.270000,0.000000,53.283722,52.724152,53.045753
0,16.000000,1,0,1.627620,0.000028,52.793625,55.094898,55.107590
2,16.200000,2,3,-0.313789,3.340200,54.582333,55.469769,55.062523
1,16.200000,2,1,-0.313789,1.665638,54.596260,57.648941,56.095493
3,16.200000,3,4,3.340200,0.000000,53.081924,52.394558,53.189411
0,16.200000,1,0,1.665638,0.000029,55.935974,55.607555,55.042622
2,16.400000,2,3,-0.244323,3.518388,55.868683,55.349438,54.874897
1,16.400000,2,1,-0.244323,1.645295,55.607098,57.188438,55.954880
3,16.400000,3,4,3.518388,0.000000,52.388153,54.015594,53.545750
0,16.400000,1,0,1.645295,0.000029,53.261299,56.079754,55.077435
2,16.600000,2,3,-0.237363,3.550498,50.882423,55.135410,54.831028
1,16.600000,2,1,-0.237363,1.392483,63.643074,55.762409,55.537586
3,16.600000,3,4,3.550498,0.000000,56.374016,53.169155,53.608734
0,16.600000,1,0,1.392483,0.000029,59.312408,55.525856,55.501007
2,16.800000,2,3,-0.190665,3.605484,48.660709,55.115673,54.816532
1,16.800000,2,1,-0.190665,1.207891,58.843758,54.919975,55.152046
3,16.800000,3,4,3.605484,0.000000,48.350288,52.009361,53.715759
0,16.800000,1,0,1.207891,0.000030,53.901165,56.116226,55.800163
2,17.000000,2,3,-0.065867,3.645708,58.582523,55.610878,54.963547
1,17.000000,2,1,-0.065867,1.210428,57.501377,54.257389,54.942581
3,17.000000,3,4,3.645708,0.000000,55.876087,54.514439,53.793381
0,17.000000,1,0,1.210428,0.000030,54.403492,55.914856,55.796108
2,17.200000,2,3,-0.106532,3.685837,55.226002,56.362114,54.823151
1,17.200000,2,1,-0.106532,1.250428,51.581108,53.813702,55.081238
3,17.200000,3,4,3.685837,0.000000,60.933796,54.357769,53.870277
0,17.200000,1,0,1.250428,0.000030,55.831642,55.388176,55.731956
2,17.400000,2,3,-0.210963,3.756948,50.428116,55.410896,54.511692
1,17.400000,2,1,-0.210963,1.214590,50.764641,54.692875,55.197762
3,17.400000,3,4,3.756948,0.000000,54.854931,54.343040,54.005219
0,17.400000,1,0,1.214590,0.000031,58.529518,55.541573,55.789452
2,17.600000,2,3,-0.230545,3.735640,54.921692,54.938358,54.514801
1,17.600000,2,1,-0.230545,1.094069,55.492409,54.957867,55.025848
3,17.600000,3,4,3.735640,0.000000,55.129570,53.009644,53.964958
0,17.600000,1,0,1.094069,0.000031,58.276260,55.919926,55.980606
2,17.800000,2,3,-0.218365,3.760206,58.364899,54.600895,54.492489
1,17.800000,2,1,-0.218365,1.149809,56.042221,54.961617,55.100372
3,17.800000,3,4,3.760206,0.000000,53.548267,53.556099,54.011356
0,17.800000,1,0,1.149809,0.000032,60.545494,56.379570,55.892616
2,18.000000,2,3,-0.274113,3.678295,56.638565,54.424320,54.539562
1,18.000000,2,1,-0.274113,1.220254,51.570992,55.048786,55.313423
3,18.000000,3,4,3.678295,0.000000,59.216812,53.984272,53.855865
0,18.000000,1,0,1.220254,0.000032,56.564808,56.308929,55.780388
2,18.200000,2,3,-0.325525,3.729261,54.268909,54.717457,54.354187
1,18.200000,2,1,-0.325525,1.184448,56.057007,55.434326,55.339478
3,18.200000,3,4,3.729261,0.000000,49.978863,54.872154,53.952873
0,18.200000,1,0,1.184448,0.000032,54.957027,56.768379,55.837578
2,18.400000,2,3,-0.184395,3.876724,50.645618,55.869350,54.342613
1,18.400000,2,1,-0.184395,1.286925,55.591763,56.394329,55.274822
3,18.400000,3,4,3.876724,0.000000,57.642250,55.161274,54.228775
0,18.400000,1,0,1.286925,0.000033,50.339043,56.509373,55.673088
2,18.600000,2,3,-0.131120,3.905940,56.918114,55.660412,54.386513
1,18.600000,2,1,-0.131120,1.454412,51.167698,55.944183,55.464771
3,18.600000,3,4,3.905940,0.000000,55.778828,55.321159,54.282612
0,18.600000,1,0,1.454412,0.000033,56.355804,55.348469,55.398773
2,18.800000,2,3,-0.169418,3.768445,59.549816,55.428593,54.565643
1,18.800000,2,1,-0.169418,1.446599,55.296787,55.286236,55.514915
3,18.800000,3,4,3.768445,0.000000,56.586163,53.851490,54.026875
0,18.800000,1,0,1.446599,0.000033,54.634953,54.987133,55.411724
2,19.000000,2,3,-0.051019,3.758432,51.396572,56.091908,54.793228
1,19.000000,2,1,-0.051019,1.461423,54.511257,55.356358,55.343597
3,19.000000,3,4,3.758432,0.000000,54.067463,53.453365,54.008011
0,19.000000,1,0,1.461423,0.000034,51.864727,55.491756,55.387138
2,19.200000,2,3,-0.194889,3.742840,55.573620,56.006817,54.565887
1,19.200000,2,1,-0.194889,1.342041,55.154129,55.665089,55.384346
3,19.200000,3,4,3.742840,0.000000,55.198631,51.837208,53.978577
0,19.200000,1,0,1.342041,0.000034,51.806835,55.093559,55.583580
2,19.400000,2,3,-0.244165,3.669725,54.263138,55.514477,54.608498
1,19.400000,2,1,-0.244165,1.358683,53.892769,56.026833,55.493282
3,19.400000,3,4,3.669725,0.000000,53.706791,53.514923,53.839470
0,19.400000,1,0,1.358683,0.000034,55.149933,55.742859,55.556412
2,19.600000,2,3,-0.279505,3.565451,59.465233,55.206406,54.730778
1,19.600000,2,1,-0.279505,1.415793,59.497410,55.762836,55.644249
3,19.600000,3,4,3.565451,0.000000,53.057434,55.069546,53.637947
0,19.600000,1,0,1.415793,0.000035,53.871784,55.176788,55.462646
2,19.800000,2,3,-0.092809,3.757041,54.835152,55.476757,54.722145
1,19.800000,2,1,-0.092809,1.327801,62.863979,56.195358,55.189407
3,19.800000,3,4,3.757041,0.000000,60.599030,53.375988,54.005390
0,19.800000,1,0,1.327801,0.000035,59.343445,54.954746,55.606781
2,20.000000,2,3,-0.026835,3.749805,58.293167,55.544228,54.850624
1,20.000000,2,1,-0.026835,1.316822,56.785755,55.293636,55.058495
3,20.000000,3,4,3.749805,0.000000,56.066296,53.860603,53.991737
0,20.000000,1,0,1.316822,0.000035,58.045002,55.855671,55.624634
2,20.200000,2,3,-0.043119,3.674504,48.980843,55.953068,54.953102
1,20.200000,2,1,-0.043119,1.304618,57.968369,54.984444,55.065475
3,20.200000,3,4,3.674504,0.000000,55.776325,54.705376,53.848618
0,20.200000,1,0,1.304618,0.000036,60.934643,55.200737,55.644440
2,20.400000,2,3,-0.000053,3.748250,52.245888,55.637241,54.899948
1,20.400000,2,1,-0.000053,1.329865,50.759903,54.887085,55.034950
3,20.400000,3,4,3.748250,0.000000,53.562183,52.460617,53.988800
0,20.400000,1,0,1.329865,0.000036,54.614494,55.540955,55.603424
2,20.600000,2,3,0.148179,3.893645,53.415497,55.410461,54.904873
1,20.600000,2,1,0.148179,1.309995,58.236687,55.057957,54.742718
3,20.600000,3,4,3.893645,0.000000,52.176300,54.436836,54.259987
0,20.600000,1,0,1.309995,0.000037,55.460026,55.906315,55.635719
2,20.800000,2,3,-0.072695,3.749599,56.001026,54.217323,54.770683
1,20.800000,2,1,-0.072695,1.321351,57.636341,55.114586,55.144394
3,20.800000,3,4,3.749599,0.000000,53.475346,54.365360,53.991348
0,20.800000,1,0,1.321351,0.000037,57.588295,54.629082,55.617275
2,21.000000,2,3,-0.106551,3.700459,54.080589,53.993553,54.797508
1,21.000000,2,1,-0.106551,1.342883,53.799362,55.518082,55.238037
3,21.000000,3,4,3.700459,0.000000,58.054142,55.932980,53.898163
0,21.000000,1,0,1.342883,0.000037,55.851933,54.731945,55.582214
2,21.200000,2,3,-0.178410,3.696042,51.305454,54.554264,54.678627
1,21.200000,2,1,-0.178410,1.418798,52.427464,56.440334,55.484005
3,21.200000,3,4,3.696042,0.000000,58.238235,53.398758,53.889748
0,21.200000,1,0,1.418798,0.000038,57.078274,54.487213,55.457691
2,21.400000,2,3,-0.146566,3.655741,55.723854,54.699852,54.805748
1,21.400000,2,1,-0.146566,1.460021,58.064888,56.167400,55.499428
3,21.400000,3,4,3.655741,0.000000,54.531788,53.940269,53.812660
0,21.400000,1,0,1.460021,0.000038,55.623325,53.947269,55.389473
2,21.600000,2,3,-0.238182,3.690978,51.090683,54.696224,54.581223
1,21.600000,2,1,-0.238182,1.487746,53.692863,55.396015,55.693802
3,21.600000,3,4,3.690978,0.000000,54.349731,54.819149,53.880089
0,21.600000,1,0,1.487746,0.000038,57.039043,54.232239,55.343346
2,21.800000,2,3,-0.343179,3.858552,53.589176,54.564442,54.082458
1,21.800000,2,1,-0.343179,1.582264,56.450005,55.844124,56.011189
3,21.800000,3,4,3.858552,0.000000,53.239742,54.075607,54.195152
0,21.800000,1,0,1.582264,0.000039,53.421185,54.741901,55.184612
2,22.000000,2,3,-0.184820,3.851901,53.252609,54.116383,54.387131
1,22.000000,2,1,-0.184820,1.569012,60.397396,55.758041,55.738754
3,22.000000,3,4,3.851901,0.000000,57.101768,55.199562,54.182816
0,22.000000,1,0,1.569012,0.000039,52.317303,55.125504,55.207008
2,22.200000,2,3,-0.060243,3.811693,50.711803,53.774612,54.683083
1,22.200000,2,1,-0.060243,1.625048,55.293816,56.066650,55.628006
3,22.200000,3,4,3.811693,0.000000,50.802883,54.156116,54.107967
0,22.200000,1,0,1.625048,0.000039,52.761696,55.569569,55.111992
2,22.400000,2,3,-0.111713,3.819321,54.363018,53.645336,54.577866
1,22.400000,2,1,-0.111713,1.706667,56.901897,56.301895,55.842030
3,22.400000,3,4,3.819321,0.000000,54.797935,53.594425,54.122208
0,22.400000,1,0,1.706667,0.000040,52.469379,55.051949,54.972088
2,22.600000,2,3,0.020569,3.865375,51.368561,53.678192,54.731045
1,22.600000,2,1,0.020569,1.669416,56.965141,55.498291,55.568657
3,22.600000,3,4,3.865375,0.000000,54.998035,54.451229,54.207787
0,22.600000,1,0,1.669416,0.000040,57.955231,54.682583,55.036163
2,22.800000,2,3,0.109586,3.886781,62.700062,54.506168,54.849655
1,22.800000,2,1,0.109586,1.549865,52.848042,53.991394,55.222618
3,22.800000,3,4,3.886781,0.000000,57.866856,53.787560,54.247337
0,22.800000,1,0,1.549865,0.000040,58.212509,54.652542,55.239288
2,23.000000,2,3,0.088873,3.898712,57.637543,54.578922,54.792549
1,23.000000,2,1,0.088873,1.556831,51.830021,53.593418,55.269180
3,23.000000,3,4,3.898712,0.000000,49.025253,53.007172,54.269318
0,23.000000,1,0,1.556831,0.000041,59.333538,55.354248,55.227554
2,23.200000,2,3,0.063938,3.923290,54.557583,54.842438,54.705353
1,23.200000,2,1,0.063938,1.675176,62.359852,54.006046,55.507072
3,23.200000,3,4,3.923290,0.000000,51.541756,54.249569,54.314461
0,23.200000,1,0,1.675176,0.000041,50.339020,55.798584,55.026283
2,23.400000,2,3,0.021069,3.929040,58.366692,54.202332,54.619049
1,23.400000,2,1,0.021069,1.598852,56.904140,53.994129,55.451988
3,23.400000,3,4,3.929040,0.000000,55.203243,54.723274,54.324993
0,23.400000,1,0,1.598852,0.000041,53.457409,55.476494,55.156517
2,23.600000,2,3,0.072725,3.869378,57.041695,55.218243,54.815651
1,23.600000,2,1,0.072725,1.488064,54.963318,54.038445,55.180489
3,23.600000,3,4,3.869378,0.000000,56.222660,54.139584,54.215195
0,23.600000,1,0,1.488064,0.000042,52.042747,55.906116,55.342823
2,23.800000,2,3,0.128454,3.827636,54.665333,55.560104,54.984924
1,23.800000,2,1,0.128454,1.464539,57.330860,53.407040,55.045525
3,23.800000,3,4,3.827636,0.000000,53.270683,54.268959,54.137707
0,23.800000,1,0,1.464539,0.000042,55.744564,56.711506,55.381977
2,24.000000,2,3,0.086655,3.806972,52.279385,55.494457,54.948444
1,24.000000,2,1,0.086655,1.344686,52.352173,53.522636,54.910942
3,24.000000,3,4,3.806972,0.000000,52.451469,55.248940,54.099144
0,24.000000,1,0,1.344686,0.000043,51.346367,56.430737,55.579285
2,24.200000,2,3,-0.031092,3.936624,57.387596,55.908264,54.512047
1,24.200000,2,1,-0.031092,1.475670,53.323257,53.495205,55.334122
3,24.200000,3,4,3.936624,0.000000,57.621872,52.948433,54.338871
0,24.200000,1,0,1.475670,0.000043,55.152939,56.743191,55.363468
2,24.400000,2,3,0.212670,4.032582,59.674004,55.837238,54.774864
1,24.400000,2,1,0.212670,1.466420,54.042297,53.556068,54.903511
3,24.400000,3,4,4.032582,0.000000,54.471809,55.294304,54.512955
0,24.400000,1,0,1.466420,0.000043,56.278404,56.178165,55.378853
2,24.600000,2,3,0.296790,3.965193,52.721352,56.521961,55.037834
1,24.600000,2,1,0.296790,1.325583,53.510098,52.977207,54.505760
3,24.600000,3,4,3.965193,0.000000,57.669167,54.995895,54.390991
0,24.600000,1,0,1.325583,0.000044,54.312508,56.437218,55.610405
2,24.800000,2,3,0.395448,4.039725,56.526535,56.553883,55.079124
1,24.800000,2,1,0.395448,1.370634,50.663700,52.964375,54.408783
3,24.800000,3,4,4.039725,0.000000,51.151463,54.688248,54.525799
0,24.800000,1,0,1.370634,0.000044,60.394932,57.041767,55.536873
2,25.000000,2,3,0.469273,4.072909,52.941971,55.693806,55.148331
1,25.000000,2,1,0.469273,1.451148,54.267239,52.878128,54.420933
3,25.000000,3,4,4.072909,0.000000,48.393597,54.678204,54.585285
0,25.000000,1,0,1.451148,0.000044,58.494064,56.356548,55.404205
2,25.200000,2,3,0.537377,4.147611,62.557625,56.482632,55.137123
1,25.200000,2,1,0.537377,1.569054,55.064758,52.848732,54.510952
3,25.200000,3,4,4.147611,0.000000,51.609997,56.657234,54.718018
0,25.200000,1,0,1.569054,0.000045,54.264091,56.355186,55.206947
2,25.400000,2,3,0.628360,4.222124,52.376461,55.417530,55.165077
1,25.400000,2,1,0.628360,1.585770,58.986546,53.274437,54.376434
3,25.400000,3,4,4.222124,0.000000,59.067822,55.170113,54.848816
0,25.400000,1,0,1.585770,0.000045,54.589436,55.867889,55.178688
2,25.600000,2,3,0.669202,4.350764,56.454590,55.301949,55.015244
1,25.600000,2,1,0.669202,1.668115,51.195724,53.371124,54.451813
3,25.600000,3,4,4.350764,0.000000,55.323429,55.240891,55.070984
0,25.600000,1,0,1.668115,0.000045,58.305073,55.758705,55.038406
2,25.80000