0,0.200000,0,1,0.000000,0.000000,58.280891,NaN,57.577248
3,0.200000,3,4,0.000000,0.000000,44.705727,43.272400,42.529121
2,0.200000,3,2,0.000000,0.000000,57.928150,NaN,60.000000
1,0.200000,1,2,0.000000,0.000000,52.059204,NaN,52.474251
0,0.400000,0,1,0.000001,0.034135,59.092659,NaN,57.530823
3,0.400000,3,4,0.300001,0.000000,47.307549,42.586250,44.045746
2,0.400000,3,2,0.300001,-0.162865,63.056915,NaN,59.485447
1,0.400000,1,2,0.034135,-0.162865,51.497051,NaN,52.893822
0,0.600000,0,1,0.000001,0.078604,58.799419,60.653858,57.470047
3,0.600000,3,4,0.600001,0.000000,47.948215,46.867783,45.376335
2,0.600000,3,2,0.600001,-0.389867,60.667515,59.504478,58.868279
1,0.600000,1,2,0.078604,-0.389867,55.326744,52.608723,53.446648
0,0.800000,0,1,0.000001,0.140665,55.275337,58.933174,57.384647
3,0.800000,3,4,0.819095,0.000000,50.558258,45.402267,46.254440
2,0.800000,3,2,0.819095,-0.295420,56.872635,58.151913,58.717030
1,0.800000,1,2,0.140665,-0.295420,52.987316,54.657993,53.382156
0,1.000000,0,1,0.000002,0.168630,55.879829,56.164707,57.345947
3,1.000000,3,4,1.051300,0.000000,48.141556,46.547157,47.113571
2,1.000000,3,2,1.051300,-0.420339,57.273109,59.103863,58.271637
1,1.000000,1,2,0.168630,-0.420339,54.938602,54.315712,53.683292
0,1.200000,0,1,0.000002,0.260281,54.850555,55.944927,57.218132
3,1.200000,3,4,1.279399,0.000000,48.519630,47.420151,47.896111
2,1.200000,3,2,1.279399,-0.619034,59.712513,58.185593,57.714226
1,1.200000,1,2,0.260281,-0.619034,52.724434,53.887440,54.233170
0,1.400000,0,1,0.000002,0.428159,59.490086,56.983967,56.980042
3,1.400000,3,4,1.465823,0.000000,50.026993,49.388134,48.496281
2,1.400000,3,2,1.465823,-0.675919,60.354210,57.148102,57.383156
1,1.400000,1,2,0.428159,-0.675919,58.465248,54.491978,54.640503
0,1.600000,0,1,0.000003,0.409708,58.433823,56.613029,57.006466
3,1.600000,3,4,1.756462,0.000000,51.816830,50.123112,49.370430
2,1.600000,3,2,1.756462,-0.844361,54.753654,56.486198,56.729584
1,1.600000,1,2,0.409708,-0.844361,55.445148,53.902161,54.904068
0,1.800000,0,1,0.000003,0.433849,59.203754,57.642719,56.971878
3,1.800000,3,4,1.836625,0.000000,47.707157,48.783207,49.599651
2,1.800000,3,2,1.836625,-0.961696,57.597198,56.028706,56.435844
1,1.800000,1,2,0.433849,-0.961696,52.723022,53.830898,55.146938
0,2.000000,0,1,0.000004,0.389336,54.880909,58.308388,57.035568
3,2.000000,3,4,1.960603,0.000000,55.172634,51.500973,49.944893
2,2.000000,3,2,1.960603,-1.033591,52.883282,55.828255,56.136452
1,2.000000,1,2,0.389336,-1.033591,52.179955,53.923454,55.193325
0,2.200000,0,1,0.000004,0.392121,57.272278,57.200085,57.031593
3,2.200000,3,4,2.173984,0.000000,45.567432,50.866001,50.514542
2,2.200000,3,2,2.173984,-1.083917,57.028896,55.563282,55.719879
1,2.200000,1,2,0.392121,-1.083917,57.464386,54.457718,55.282734
0,2.400000,0,1,0.000004,0.339940,55.715443,57.613495,57.105812
3,2.400000,3,4,2.292259,0.000000,54.317757,51.367462,50.817883
2,2.400000,3,2,2.292259,-1.006029,58.716114,55.672909,55.654644
1,2.400000,1,2,0.339940,-1.006029,52.930439,54.958370,55.062447
0,2.600000,0,1,0.000005,0.389551,61.491364,57.280380,57.035263
3,2.600000,3,4,2.444859,0.000000,50.136463,50.372219,51.197132
2,2.600000,3,2,2.444859,-0.957469,52.459427,55.043781,55.484768
1,2.600000,1,2,0.389551,-0.957469,61.746738,54.596737,55.064247
0,2.800000,0,1,0.000005,0.402107,65.753914,56.793785,57.017338
3,2.800000,3,4,2.418405,0.000000,50.746197,51.880188,51.132332
2,2.800000,3,2,2.418405,-1.083138,61.170959,54.671661,55.320255
1,2.800000,1,2,0.402107,-1.083138,53.904377,54.093750,55.298157
0,3.000000,0,1,0.000005,0.512674,53.853970,56.831066,56.858177
3,3.000000,3,4,2.449541,0.000000,53.978195,50.682350,51.208565
2,3.000000,3,2,2.449541,-1.158156,53.039349,54.956188,55.141434
1,3.000000,1,2,0.512674,-1.158156,54.505787,54.874702,55.604500
0,3.200000,0,1,0.000006,0.530654,59.632999,57.455910,56.832073
3,3.200000,3,4,2.359820,0.000000,53.638630,51.475838,50.987423
2,3.200000,3,2,2.359820,-1.096912,57.888092,54.238579,55.394867
1,3.200000,1,2,0.530654,-1.096912,57.558300,54.961899,55.533852
0,3.400000,0,1,0.000006,0.605292,57.999916,57.261375,56.723038
3,3.400000,3,4,2.382106,0.000000,49.966885,50.975533,51.042778
2,3.400000,3,2,2.382106,-1.043785,50.586506,54.643353,55.445923
1,3.400000,1,2,0.605292,-1.043785,61.034790,54.533901,55.569031
0,3.600000,0,1,0.000006,0.670160,60.930279,57.249569,56.627373
3,3.600000,3,4,2.407257,0.000000,48.821056,49.358387,51.104904
2,3.600000,3,2,2.407257,-1.109590,57.541130,54.848938,55.294655
1,3.600000,1,2,0.670160,-1.109590,55.465389,54.597565,55.780342
0,3.800000,0,1,0.000007,0.759955,54.718170,57.705776,56.493542
3,3.800000,3,4,2.549875,0.000000,49.444000,52.282333,51.450638
2,3.800000,3,2,2.549875,-1.072776,52.667107,55.045300,55.116005
1,3.800000,1,2,0.759955,-1.072776,57.100632,55.608337,55.864861
0,4.000000,0,1,0.000007,0.731845,55.561672,57.560543,56.535614
3,4.000000,3,4,2.727999,0.000000,53.251774,51.087910,51.867538
2,4.000000,3,2,2.727999,-1.010353,53.312889,55.152092,54.917213
1,4.000000,1,2,0.731845,-1.010353,55.472965,55.844807,55.720039
0,4.200000,0,1,0.000007,0.705957,58.346546,57.110775,56.574219
3,4.200000,3,4,2.729494,0.000000,47.875942,51.448803,51.870972
2,4.200000,3,2,2.729494,-0.933699,55.753757,54.697041,55.046761
1,4.200000,1,2,0.705957,-0.933699,59.398842,55.999966,55.553642
0,4.400000,0,1,0.000008,0.539171,52.481354,57.137836,56.819687
3,4.400000,3,4,2.679387,0.000000,52.058315,50.710419,51.755341
2,4.400000,3,2,2.679387,-0.972907,55.675953,55.088547,55.065422
1,4.400000,1,2,0.539171,-0.972907,53.656075,55.895779,55.342991
0,4.600000,0,1,0.000008,0.686537,61.233810,57.856941,56.603088
3,4.600000,3,4,2.805163,0.000000,51.772179,50.863220,52.043289
2,4.600000,3,2,2.805163,-0.969278,58.493019,55.011322,54.854462
1,4.600000,1,2,0.686537,-0.969278,56.041801,57.461811,55.580032
0,4.800000,0,1,0.000008,0.935746,51.023613,57.592430,56.226669
3,4.800000,3,4,2.844045,0.000000,54.576469,53.234211,52.130779
2,4.800000,3,2,2.844045,-1.093863,56.826042,54.285648,54.565563
1,4.800000,1,2,0.935746,-1.093863,59.607796,57.809887,56.173279
0,5.000000,0,1,0.000009,1.075356,58.716946,56.901581,56.009949
3,5.000000,3,4,3.006194,0.000000,52.755619,52.339043,52.488228
2,5.000000,3,2,3.006194,-1.079365,52.494774,54.282078,54.297844
1,5.000000,1,2,1.075356,-1.079365,53.512222,58.257435,56.364819
0,5.200000,0,1,0.000009,0.980568,56.474571,55.889477,56.157562
3,5.200000,3,4,3.016243,0.000000,52.790199,53.647575,52.510002
2,5.200000,3,2,3.016243,-0.990486,58.144798,54.666916,54.441597
1,5.200000,1,2,0.980568,-0.990486,56.200066,58.233303,56.082458
0,5.400000,0,1,0.000010,1.124381,53.787632,56.947922,55.932808
3,5.400000,3,4,3.019076,0.000000,56.581818,52.435314,52.516129
2,5.400000,3,2,3.019076,-0.925073,55.156940,54.776096,54.554379
1,5.400000,1,2,1.124381,-0.925073,56.825920,58.201912,56.203888
0,5.600000,0,1,0.000010,1.152753,51.068199,56.231667,55.887917
3,5.600000,3,4,3.061940,0.000000,59.756836,52.000973,52.608452
2,5.600000,3,2,3.061940,-0.939128,52.499771,55.084869,54.451851
1,5.600000,1,2,1.152753,-0.939128,56.747555,58.116638,56.269035
0,5.800000,0,1,0.000010,1.113950,55.410778,56.635597,55.949272
3,5.800000,3,4,3.193982,0.000000,48.168457,53.216801,52.888012
2,5.800000,3,2,3.193982,-0.768163,55.605927,54.290024,54.522068
1,5.800000,1,2,1.113950,-0.768163,58.966728,58.396252,55.943047
0,6.000000,0,1,0.000011,1.121150,49.664749,56.430832,55.937912
3,6.000000,3,4,3.105581,0.000000,55.773003,50.934090,52.701645
2,6.000000,3,2,3.105581,-0.634213,55.037334,54.498203,54.914715
1,6.000000,1,2,1.121150,-0.634213,53.899387,57.522083,55.741219
0,6.200000,0,1,0.000011,1.036222,56.382347,56.328190,56.071140
3,6.200000,3,4,3.115472,0.000000,53.853943,53.508049,52.722656
2,6.200000,3,2,3.115472,-0.680099,55.562168,54.058929,54.817543
1,6.200000,1,2,1.036222,-0.680099,54.499954,56.127476,55.678288
0,6.400000,0,1,0.000011,1.006165,56.758167,56.069885,56.117905
3,6.400000,3,4,3.146558,0.000000,51.229435,52.205574,52.788429
2,6.400000,3,2,3.146558,-0.613665,57.256119,53.621418,54.879227
1,6.400000,1,2,1.006165,-0.613665,46.214523,55.735519,55.521172
0,6.600000,0,1,0.000012,1.108425,53.923828,56.378326,55.957977
3,6.600000,3,4,3.367241,0.000000,53.635948,52.306358,53.244247
2,6.600000,3,2,3.367241,-0.594639,53.423435,53.624382,54.522545
1,6.600000,1,2,1.108425,-0.594639,56.396336,55.429203,55.656837
0,6.800000,0,1,0.000012,1.059433,56.283669,56.304001,56.034893
3,6.800000,3,4,3.414397,0.000000,53.846848,52.019321,53.339211
2,6.800000,3,2,3.414397,-0.554913,52.778717,53.633678,54.509178
1,6.800000,1,2,1.059433,-0.554913,56.072067,55.939278,55.512173
0,7.000000,0,1,0.000012,0.991655,53.569992,56.606998,56.140404
3,7.000000,3,4,3.347449,0.000000,51.734283,52.726269,53.204140
2,7.000000,3,2,3.347449,-0.474161,57.702286,54.833263,54.771881
1,7.000000,1,2,0.991655,-0.474161,58.997646,56.064785,55.265583
0,7.200000,0,1,0.000013,1.046977,56.950153,56.609142,56.054359
3,7.200000,3,4,3.363177,0.000000,53.456089,54.708710,53.236023
2,7.200000,3,2,3.363177,-0.466894,51.800781,55.453884,54.757004
1,7.200000,1,2,1.046977,-0.466894,52.753654,55.437458,55.345978
0,7.400000,0,1,0.000013,1.061888,54.267181,56.429119,56.031052
3,7.400000,3,4,3.445670,0.000000,50.891151,53.130974,53.401737
2,7.400000,3,2,3.445670,-0.369165,52.530506,55.767284,54.783783
1,7.400000,1,2,1.061888,-0.369165,52.173859,54.847431,55.207054
0,7.600000,0,1,0.000013,1.016336,57.293938,55.655521,56.102104
3,7.600000,3,4,3.485658,0.000000,52.690807,52.124496,53.481163
2,7.600000,3,2,3.485658,-0.341419,53.865677,55.542805,54.762272
1,7.600000,1,2,1.016336,-0.341419,55.234974,55.108345,55.082596
0,7.800000,0,1,0.000014,0.990225,59.308208,55.942024,56.142624
3,7.800000,3,4,3.439411,0.000000,49.686886,51.965591,53.389252
2,7.800000,3,2,3.439411,-0.374423,57.032440,55.776779,54.785538
1,7.800000,1,2,0.990225,-0.374423,51.334827,54.906708,55.094360
0,8.000000,0,1,0.000014,0.935261,58.683403,56.665276,56.227425
3,8.000000,3,4,3.500514,0.000000,56.443653,52.908077,53.510529
2,8.000000,3,2,3.500514,-0.381710,58.047375,55.985577,54.664841
1,8.000000,1,2,0.935261,-0.381710,49.952137,54.991642,55.012722
0,8.200000,0,1,0.000015,0.732271,59.159950,57.628414,56.534988
3,8.200000,3,4,3.497028,0.000000,58.905388,53.672421,53.503647
2,8.200000,3,2,3.497028,-0.345355,54.748295,55.590721,54.735317
1,8.200000,1,2,0.732271,-0.345355,52.978172,54.394184,54.593346
0,8.400000,0,1,0.000015,0.844057,53.543159,58.811958,56.366695
3,8.400000,3,4,3.462748,0.000000,53.893074,53.482533,53.435730
2,8.400000,3,2,3.462748,-0.393854,53.190125,55.541534,54.710217
1,8.400000,1,2,0.844057,-0.393854,52.680855,54.580570,54.875977
0,8.600000,0,1,0.000015,0.803746,61.678024,58.293877,56.427685
3,8.600000,3,4,3.581597,0.000000,47.038177,53.029610,53.669395
2,8.600000,3,2,3.581597,-0.489772,53.840504,55.409203,54.323860
1,8.600000,1,2,0.803746,-0.489772,49.434822,53.610966,54.972336
0,8.800000,0,1,0.000016,0.778977,55.342442,58.720661,56.464993
3,8.800000,3,4,3.497559,0.000000,52.565449,54.232681,53.504692
2,8.800000,3,2,3.497559,-0.582919,47.280678,54.953972,54.307167
1,8.800000,1,2,0.778977,-0.582919,54.604374,53.739014,55.089664
0,9.000000,0,1,0.000016,0.950215,57.898624,58.786247,56.204422
3,9.000000,3,4,3.586739,0.000000,56.195896,53.938438,53.679390
2,9.000000,3,2,3.586739,-0.491836,56.607315,54.868690,54.310654
1,9.000000,1,2,0.950215,-0.491836,60.783916,54.978168,55.225601
0,9.200000,0,1,0.000016,1.037051,58.717201,57.786434,56.069855
3,9.200000,3,4,3.587300,0.000000,50.177158,54.692524,53.680481
2,9.200000,3,2,3.587300,-0.424940,51.347340,54.773251,54.431610
1,9.200000,1,2,1.037051,-0.424940,57.941765,55.619652,55.259159
0,9.400000,0,1,0.000017,1.010986,50.480621,57.596294,56.110424
3,9.400000,3,4,3.751275,0.000000,52.349133,53.345409,53.994511
2,9.400000,3,2,3.751275,-0.477695,47.652412,54.977566,54.031334
1,9.400000,1,2,1.010986,-0.477695,52.672630,55.477474,55.303909
0,9.600000,0,1,0.000017,1.124456,52.871552,57.461311,55.932701
3,9.600000,3,4,3.768440,0.000000,57.534473,54.784992,54.026863
2,9.600000,3,2,3.768440,-0.392780,53.145435,53.864185,54.158051
1,9.600000,1,2,1.124456,-0.392780,57.040527,56.411289,55.351585
0,9.800000,0,1,0.000017,1.144639,54.820660,56.769650,55.900787
3,9.800000,3,4,3.762537,0.000000,54.420139,52.605095,54.015747
2,9.800000,3,2,3.762537,-0.383252,52.450710,54.374691,54.186710
1,9.800000,1,2,1.144639,-0.383252,52.870163,55.451752,55.369324
0,10.000000,0,1,0.000018,1.188888,56.232281,56.560104,55.830479
3,10.000000,3,4,3.800383,0.000000,48.671448,53.885689,54.086815
2,10.000000,3,2,3.800383,-0.253899,52.213470,54.620602,54.355110
1,10.000000,1,2,1.188888,-0.253899,59.127686,56.128445,55.226845
0,10.200000,0,1,0.000018,1.077206,61.204834,56.151829,56.007065
3,10.200000,3,4,3.923901,0.000000,52.761456,54.118496,54.315578
2,10.200000,3,2,3.923901,-0.299566,56.900055,54.814426,54.041683
1,10.200000,1,2,1.077206,-0.299566,55.329124,55.429066,55.115021
0,10.400000,0,1,0.000018,0.956263,53.425579,55.962044,56.195107
3,10.400000,3,4,3.786091,0.000000,55.525497,53.700752,54.060036
2,10.400000,3,2,3.786091,-0.301690,56.590851,54.558979,54.293762
1,10.400000,1,2,0.956263,-0.301690,58.503197,55.367134,54.910805
0,10.600000,0,1,0.000019,0.972952,61.651917,57.583069,56.169350
3,10.600000,3,4,3.824723,0.000000,53.970715,54.575584,54.132278
2,10.600000,3,2,3.824723,-0.310436,47.249741,54.582535,54.206406
1,10.600000,1,2,0.972952,-0.310436,63.113693,55.444668,54.954849
0,10.800000,0,1,0.000019,1.012678,56.259945,56.866901,56.107800
3,10.800000,3,4,3.924937,0.000000,52.744980,54.260872,54.317474
2,10.800000,3,2,3.924937,-0.244179,56.090595,55.452240,54.143360
1,10.800000,1,2,1.012678,-0.244179,52.026363,55.859913,54.908905
0,11.000000,0,1,0.000019,1.157520,51.493515,56.464550,55.880371
3,11.000000,3,4,3.921983,0.000000,50.379837,53.186779,54.312065
2,11.000000,3,2,3.921983,-0.267335,57.644588,55.279953,54.105675
1,11.000000,1,2,1.157520,-0.267335,53.439499,55.569813,55.196583
0,11.200000,0,1,0.000020,1.248927,57.679516,55.456669,55.734352
3,11.200000,3,4,3.893267,0.000000,57.788689,53.473854,54.259293
2,11.200000,3,2,3.893267,-0.187685,54.670391,55.711353,54.306297
1,11.200000,1,2,1.248927,-0.187685,58.393852,55.273514,55.216431
0,11.400000,0,1,0.000020,1.376855,50.899055,55.930714,55.526642
3,11.400000,3,4,3.876059,0.000000,55.042622,54.578030,54.227547
2,11.400000,3,2,3.876059,-0.209199,53.478699,55.406937,54.298393
1,11.400000,1,2,1.376855,-0.209199,58.065613,55.028103,55.465630
0,11.600000,0,1,0.000021,1.412499,57.542370,55.204353,55.468052
3,11.600000,3,4,3.844695,0.000000,51.175022,53.746647,54.169441
2,11.600000,3,2,3.844695,-0.225836,60.680473,55.404591,54.325394
1,11.600000,1,2,1.412499,-0.225836,52.185116,54.729904,55.551479
0,11.800000,0,1,0.000021,1.405485,59.058571,55.681675,55.479607
3,11.800000,3,4,3.796185,0.000000,50.491302,54.770004,54.078957
2,11.800000,3,2,3.796185,-0.244987,49.474903,55.088402,54.379021
1,11.800000,1,2,1.405485,-0.244987,55.814697,54.606506,55.571312
0,12.000000,0,1,0.000021,1.331174,55.899593,55.428711,55.601273
3,12.000000,3,4,3.888056,0.000000,53.239162,54.062752,54.249687
2,12.000000,3,2,3.888056,-0.294332,54.644661,54.814430,54.118618
1,12.000000,1,2,1.331174,-0.294332,52.620770,54.566933,55.530476
0,12.200000,0,1,0.000022,1.164811,59.188717,55.545479,55.868797
3,12.200000,3,4,3.810064,0.000000,56.692638,54.697170,54.104919
2,12.200000,3,2,3.810064,-0.256774,57.795769,53.783543,54.332153
1,12.200000,1,2,1.164811,-0.256774,51.471298,54.661652,55.191055
0,12.400000,0,1,0.000022,1.176368,49.787327,55.934296,55.850426
3,12.400000,3,4,3.695915,0.000000,52.247799,53.408527,53.889503
2,12.400000,3,2,3.695915,-0.127858,56.672775,54.187412,54.768082
1,12.400000,1,2,1.176368,-0.127858,57.862305,54.588612,54.990795
0,12.600000,0,1,0.000022,1.095935,52.647079,55.975323,55.977657
3,12.600000,3,4,3.666703,0.000000,54.332870,53.336037,53.833679
2,12.600000,3,2,3.666703,-0.143492,53.089390,54.505253,54.791924
1,12.600000,1,2,1.095935,-0.143492,59.300117,54.540451,54.878616
0,12.800000,0,1,0.000023,1.010396,55.892994,56.820187,56.111351
3,12.800000,3,4,3.704580,0.000000,56.703590,52.326321,53.906006
2,12.800000,3,2,3.704580,-0.083885,57.449154,54.678513,54.829971
1,12.800000,1,2,1.010396,-0.083885,53.387177,53.890366,54.623062
0,13.000000,0,1,0.000023,1.032857,58.721592,56.940689,56.076405
3,13.000000,3,4,3.672657,0.000000,51.106503,53.357628,53.845081
2,13.000000,3,2,3.672657,-0.013367,53.684135,55.409546,55.007572
1,13.000000,1,2,1.032857,-0.013367,56.039627,53.968830,54.537106
0,13.200000,0,1,0.000023,1.100019,54.929710,56.290596,55.971233
3,13.200000,3,4,3.823686,0.000000,60.085270,53.724064,54.130348
2,13.200000,3,2,3.823686,0.009699,55.598820,55.805126,54.785271
1,13.200000,1,2,1.100019,0.009699,53.058094,53.470039,54.616005
0,13.400000,0,1,0.000024,1.065384,57.623894,55.570644,56.025597
3,13.400000,3,4,3.898309,0.000000,52.363121,54.827492,54.268574
2,13.400000,3,2,3.898309,-0.055707,56.368679,55.448139,54.536674
1,13.400000,1,2,1.065384,-0.055707,56.662624,53.599846,54.670723
0,13.600000,0,1,0.000024,1.157741,51.669441,55.278984,55.880028
3,13.600000,3,4,3.858162,0.000000,49.842163,53.633110,54.194427
2,13.600000,3,2,3.858162,-0.078322,54.088577,55.596306,54.568115
1,13.600000,1,2,1.157741,-0.078322,58.764004,54.450695,54.872761
0,13.800000,0,1,0.000024,1.300915,55.582481,55.171776,55.650429
3,13.800000,3,4,3.731301,0.000000,54.211369,55.334557,53.956741
2,13.800000,3,2,3.731301,-0.031977,57.137115,55.079865,54.873909
1,13.800000,1,2,1.300915,-0.031977,60.288734,55.728973,55.040054
0,14.000000,0,1,0.000025,1.334757,55.894863,55.309349,55.595440
3,14.000000,3,4,3.741011,0.000000,52.471169,55.035164,53.975121
2,14.000000,3,2,3.741011,-0.090171,51.313660,56.016468,54.755051
1,14.000000,1,2,1.334757,-0.090171,57.715252,55.020855,55.196709
0,14.200000,0,1,0.000025,1.235678,56.538048,55.435364,55.755646
3,14.200000,3,4,3.631286,0.000000,50.985294,50.968945,53.765617
2,14.200000,3,2,3.631286,-0.084015,46.015812,56.226597,54.957115
1,14.200000,1,2,1.235678,-0.084015,49.528877,55.298286,55.017399
0,14.400000,0,1,0.000026,1.125607,56.154545,55.414951,55.930901
3,14.400000,3,4,3.673617,0.000000,53.243977,55.720886,53.846916
2,14.400000,3,2,3.673617,-0.012570,52.404781,57.200275,55.007294
1,14.400000,1,2,1.125607,-0.012570,59.306606,55.471104,54.700985
0,14.600000,0,1,0.000026,1.200468,54.782047,55.523323,55.812019
3,14.600000,3,4,3.779362,0.000000,53.009090,54.417839,54.047401
2,14.600000,3,2,3.779362,0.024770,59.151642,56.669453,54.889019
1,14.600000,1,2,1.200468,0.024770,53.364342,54.907001,54.767151
0,14.800000,0,1,0.000026,1.295740,55.197857,54.937988,55.658813
3,14.800000,3,4,3.929202,0.000000,48.675842,52.888035,54.325287
2,14.800000,3,2,3.929202,-0.101951,53.071404,55.999332,54.397263
1,14.800000,1,2,1.295740,-0.101951,45.225975,55.373051,55.150581
0,15.000000,0,1,0.000027,1.383520,54.467232,54.769936,55.515717
3,15.000000,3,4,4.027827,0.000000,52.611393,55.012894,54.504391
2,15.000000,3,2,4.027827,-0.119240,53.441032,54.880466,54.184341
1,15.000000,1,2,1.383520,-0.119240,52.373676,56.240429,55.327446
0,15.200000,0,1,0.000027,1.369079,56.522411,54.143291,55.539391
3,15.200000,3,4,4.130926,0.000000,59.293163,53.919582,54.688511
2,15.200000,3,2,4.130926,-0.232478,58.684303,53.964962,53.775421
1,15.200000,1,2,1.369079,-0.232478,57.215584,56.272739,55.491158
0,15.400000,0,1,0.000027,1.427117,53.756454,53.748138,55.443943
3,15.400000,3,4,4.057395,0.000000,56.888260,54.463531,54.557514
2,15.400000,3,2,4.057395,-0.281910,54.722328,53.692348,53.821747
1,15.400000,1,2,1.427117,-0.281910,51.584812,56.711246,55.666489
0,15.600000,0,1,0.000028,1.337913,53.335342,54.343197,55.590302
3,15.600000,3,4,4.017589,0.000000,52.403072,54.920578,54.485935
2,15.600000,3,2,4.017589,-0.264430,55.355762,53.383961,53.931068
1,15.600000,1,2,1.337913,-0.264430,51.992989,56.435658,55.492455
0,15.800000,0,1,0.000028,1.340096,58.894756,54.756222,55.586746
3,15.800000,3,4,3.989379,0.000000,55.457176,54.719418,54.434921
2,15.800000,3,2,3.989379,-0.277810,54.759811,53.398460,53.959190
1,15.800000,1,2,1.340096,-0.277810,48.515305,55.687851,55.518013
0,16.000000,0,1,0.000028,1.305348,56.927258,54.825321,55.643246
3,16.000000,3,4,4.014882,0.000000,57.231701,54.983742,54.481049
2,16.000000,3,2,4.014882,-0.118979,53.041000,53.562653,54.208809
1,16.000000,1,2,1.305348,-0.118979,56.739731,56.050560,55.195690
0,16.200000,0,1,0.000029,1.331769,55.753265,55.506866,55.600311
3,16.200000,3,4,3.922243,0.000000,54.823265,54.389328,54.312538
2,16.200000,3,2,3.922243,-0.176777,49.315311,53.917564,54.273102
1,16.200000,1,2,1.331769,-0.176777,58.205730,54.898331,55.337101
0,16.400000,0,1,0.000029,1.457377,48.299324,55.418983,55.393845
3,16.400000,3,4,4.076718,0.000000,52.599007,54.335468,54.592094
2,16.400000,3,2,4.076718,-0.126998,53.255348,54.489578,54.078743
1,16.400000,1,2,1.457377,-0.126998,49.560349,55.180344,55.462864
0,16.600000,0,1,0.000029,1.521543,58.265503,55.474300,55.286839
3,16.600000,3,4,3.999875,0.000000,56.700157,54.522346,54.453930
2,16.600000,3,2,3.999875,-0.063833,50.994984,54.150383,54.337883
1,16.600000,1,2,1.521543,-0.063833,59.964138,55.211800,55.464516
0,16.800000,0,1,0.000030,1.603441,55.076756,55.091251,55.148712
3,16.800000,3,4,3.981671,0.000000,46.255283,54.316257,54.420940
2,16.800000,3,2,3.981671,-0.031338,54.426361,54.619373,54.430214
1,16.800000,1,2,1.603441,-0.031338,54.032753,55.227180,55.545662
0,17.000000,0,1,0.000030,1.594293,54.795181,55.824230,55.164227
3,17.000000,3,4,3.913531,0.000000,54.631214,53.381439,54.296558
2,17.000000,3,2,3.913531,0.026408,56.813591,54.388294,54.656143
1,17.000000,1,2,1.594293,0.026408,51.960773,56.101173,55.435638
0,17.200000,0,1,0.000030,1.592349,51.861210,55.343250,55.167526
3,17.200000,3,4,3.911305,0.000000,51.546467,54.960934,54.292473
2,17.200000,3,2,3.911305,-0.036366,57.860447,55.023029,54.548065
1,17.200000,1,2,1.592349,-0.036366,54.735741,55.887634,55.535732
0,17.400000,0,1,0.000031,1.626905,49.989151,55.167076,55.108810
3,17.400000,3,4,4.012531,0.000000,54.040249,53.751179,54.476807
2,17.400000,3,2,4.012531,0.127642,57.367012,55.514194,54.660110
1,17.400000,1,2,1.626905,0.127642,54.723831,56.057289,55.321602
0,17.600000,0,1,0.000031,1.802415,51.584026,55.301872,54.805618
3,17.600000,3,4,4.195236,0.000000,56.481079,54.230110,54.801796
2,17.600000,3,2,4.195236,0.253689,58.265076,55.953323,54.559044
1,17.600000,1,2,1.802415,0.253689,53.634823,55.679958,55.403923
0,17.800000,0,1,0.000032,1.729213,62.067116,54.716995,54.933105
3,17.800000,3,4,4.287430,0.000000,55.470490,52.994686,54.962170
2,17.800000,3,2,4.287430,0.177204,55.987457,55.929195,54.252464
1,17.800000,1,2,1.729213,0.177204,49.464188,55.115345,55.409363
0,18.000000,0,1,0.000032,1.727571,53.498047,54.935940,54.935947
3,18.000000,3,4,4.297110,0.000000,56.955082,53.645729,54.978874
2,18.000000,3,2,4.297110,0.165214,52.432365,54.810963,54.212444
1,18.000000,1,2,1.727571,0.165214,56.523392,55.373730,55.426498
0,18.200000,0,1,0.000032,1.793378,56.803890,54.573349,54.821438
3,18.200000,3,4,4.239775,0.000000,53.131660,55.746086,54.879570
2,18.200000,3,2,4.239775,0.308159,55.991283,55.002300,54.576828
1,18.200000,1,2,1.793378,0.308159,54.741905,55.608257,55.298119
0,18.400000,0,1,0.000033,1.794892,56.828922,54.466522,54.818794
3,18.400000,3,4,4.320509,0.000000,52.580971,55.395828,55.019138
2,18.400000,3,2,4.320509,0.380327,54.726055,55.587727,54.561489
1,18.400000,1,2,1.794892,0.380327,54.592911,55.705936,55.179180
0,18.600000,0,1,0.000033,1.835514,58.068432,54.193306,54.747482
3,18.600000,3,4,4.281984,0.000000,53.401047,53.878719,54.952763
2,18.600000,3,2,4.281984,0.149444,56.859417,55.428093,54.211250
1,18.600000,1,2,1.835514,0.149444,54.087135,55.357193,55.629272
0,18.800000,0,1,0.000033,1.643260,58.894493,54.362457,55.080917
3,18.800000,3,4,4.261937,0.000000,56.764709,56.217575,54.918060
2,18.800000,3,2,4.261937,0.169893,47.925808,55.170639,54.285934
1,18.800000,1,2,1.643260,0.169893,58.597607,55.944271,55.278255
0,19.000000,0,1,0.000034,1.589790,52.338524,54.707542,55.171860
3,19.000000,3,4,4.373873,0.000000,53.543171,55.317928,55.110416
2,19.000000,3,2,4.373873,0.150677,47.566448,55.212460,54.042191
1,19.000000,1,2,1.589790,0.150677,53.210831,54.779202,55.220650
0,19.200000,0,1,0.000034,1.622460,53.105225,55.241024,55.116386
3,19.200000,3,4,4.314272,0.000000,56.815460,55.094238,55.008423
2,19.200000,3,2,4.314272,0.203508,53.966896,54.051102,54.251472
1,19.200000,1,2,1.622460,0.203508,59.414715,54.684551,55.186604
0,19.400000,0,1,0.000034,1.719388,52.923847,54.802334,54.950108
3,19.400000,3,4,4.115769,0.000000,51.414715,54.353424,54.661636
2,19.400000,3,2,4.115769,0.176379,58.677418,54.511364,54.562908
1,19.400000,1,2,1.719388,0.176379,56.686577,54.265968,55.394436
0,19.600000,0,1,0.000035,1.653859,54.160583,54.081882,55.062801
3,19.600000,3,4,4.151865,0.000000,52.283775,55.758766,54.725525
2,19.600000,3,2,4.151865,0.016031,53.215305,54.530170,54.205154
1,19.600000,1,2,1.653859,0.016031,55.918167,54.942856,55.550652
0,19.800000,0,1,0.000035,1.650983,56.783073,54.610905,55.067719
3,19.800000,3,4,4.109063,0.000000,56.674904,54.367416,54.649727
2,19.800000,3,2,4.109063,-0.076354,54.103855,53.788818,54.112965
1,19.800000,1,2,1.650983,-0.076354,53.441158,55.966137,55.696079
0,20.000000,0,1,0.000035,1.743630,54.295330,54.659309,54.908119
3,20.000000,3,4,3.900718,0.000000,49.602932,52.899384,54.273010
2,20.000000,3,2,3.900718,-0.166713,56.648216,53.807468,54.331070
1,20.000000,1,2,1.743630,-0.166713,58.623955,56.012390,55.987488
0,20.200000,0,1,0.000036,1.816707,55.884670,54.373890,54.780560
3,20.200000,3,4,3.954790,0.000000,52.051590,54.699081,54.372040
2,20.200000,3,2,3.954790,-0.161524,59.010948,54.405174,54.241234
1,20.200000,1,2,1.816707,-0.161524,55.369770,56.800934,56.093636
0,20.400000,0,1,0.000036,1.729919,52.595474,54.493584,54.931892
3,20.400000,3,4,3.983324,0.000000,55.787960,53.968288,54.423939
2,20.400000,3,2,3.983324,-0.075029,52.737061,53.956268,54.347672
1,20.400000,1,2,1.729919,-0.075029,54.265728,56.921440,55.820618
0,20.600000,0,1,0.000037,1.629246,59.653919,54.807068,55.104836
3,20.600000,3,4,3.862016,0.000000,51.511543,53.822643,54.201569
2,20.600000,3,2,3.862016,-0.004663,59.826347,53.707542,54.692390
1,20.600000,1,2,1.629246,-0.004663,61.327766,56.723419,55.544235
0,20.800000,0,1,0.000037,1.672446,51.739479,54.973454,55.030960
3,20.800000,3,4,4.017300,0.000000,50.515968,54.543968,54.485413
2,20.800000,3,2,4.017300,0.145987,51.684982,53.997166,54.684185
1,20.800000,1,2,1.672446,0.145987,48.894943,56.918976,55.366943
0,21.000000,0,1,0.000037,1.600072,55.914520,54.994469,55.154442
3,21.000000,3,4,4.000443,0.000000,55.027287,54.075947,54.454956
2,21.000000,3,2,4.000443,0.052327,53.937115,53.143181,54.547264
1,21.000000,1,2,1.600072,0.052327,49.743019,56.755157,55.402294
0,21.200000,0,1,0.000038,1.674140,58.469559,55.078075,55.028053
3,21.200000,3,4,3.992139,0.000000,57.334934,56.160221,54.439922
2,21.200000,3,2,3.992139,0.057487,58.341419,53.587440,54.571392
1,21.200000,1,2,1.674140,0.057487,55.349304,56.308331,55.515961
0,21.400000,0,1,0.000038,1.728776,54.162411,55.227139,54.933872
3,21.400000,3,4,4.026003,0.000000,54.092281,53.993969,54.501106
2,21.400000,3,2,4.026003,0.137759,52.901550,53.414745,54.654152
1,21.400000,1,2,1.728776,0.137759,59.589542,56.377598,55.473812
0,21.600000,0,1,0.000038,1.788301,56.042503,55.000656,54.830330
3,21.600000,3,4,4.026924,0.000000,54.692051,55.123138,54.502762
2,21.600000,3,2,4.026924,0.156489,54.013512,53.338772,54.685738
1,21.600000,1,2,1.788301,0.156489,54.652157,55.674335,55.540806
0,21.800000,0,1,0.000039,1.890694,55.072716,54.943417,54.649864
3,21.800000,3,4,4.126702,0.000000,56.134815,53.992886,54.681030
2,21.800000,3,2,4.126702,0.199167,56.568554,52.878216,54.584126
1,21.800000,1,2,1.890694,0.199167,56.377373,55.992432,55.638130
0,22.000000,0,1,0.000039,1.800829,53.710320,55.022583,54.808411
3,22.000000,3,4,4.070017,0.000000,59.776844,55.368660,54.580116
2,22.000000,3,2,4.070017,0.340070,54.243141,52.935989,54.931778
1,22.000000,1,2,1.800829,0.340070,53.989578,55.983891,55.257088
0,22.200000,0,1,0.000039,1.877304,51.332901,54.603138,54.673637
3,22.200000,3,4,4.146216,0.000000,45.566521,55.156376,54.715553
2,22.200000,3,2,4.146216,0.475635,56.879745,53.842854,55.034096
1,22.200000,1,2,1.877304,0.475635,52.455284,56.238701,55.157330
0,22.400000,0,1,0.000040,1.827816,55.808640,54.856003,54.761040
3,22.400000,3,4,4.229814,0.000000,57.051243,56.115154,54.862225
2,22.400000,3,2,4.229814,0.644824,55.468914,54.656525,55.179932
1,22.400000,1,2,1.827816,0.644824,56.763485,55.933437,54.779968
0,22.600000,0,1,0.000040,1.927135,54.928429,55.510231,54.584915
3,22.600000,3,4,4.361801,0.000000,54.187160,54.609146,55.089836
2,22.600000,3,2,4.361801,0.695661,52.100937,54.102367,55.041710
1,22.600000,1,2,1.927135,0.695661,54.417923,54.778011,54.864769
0,22.800000,0,1,0.000040,1.913620,53.877098,55.722702,54.609047
3,22.800000,3,4,4.419399,0.000000,56.574703,54.185299,55.187687
2,22.800000,3,2,4.419399,0.731393,54.193546,54.310257,55.004166
1,22.800000,1,2,1.913620,0.731393,61.342636,54.215576,54.778625
0,23.000000,0,1,0.000041,1.816152,56.286106,55.340420,54.781540
3,23.000000,3,4,4.158311,0.000000,53.809929,55.046745,54.736897
2,23.000000,3,2,4.158311,0.704456,56.773407,54.417492,55.399643
1,23.000000,1,2,1.816152,0.704456,49.620239,54.042969,54.654045
0,23.200000,0,1,0.000041,1.771767,50.251972,55.886921,54.859192
3,23.200000,3,4,4.145349,0.000000,57.627720,54.787514,54.714020
2,23.200000,3,2,4.145349,0.697050,58.139492,55.052265,55.408852
1,23.200000,1,2,1.771767,0.697050,51.555149,54.265579,54.588150
0,23.400000,0,1,0.000041,1.816336,55.843006,55.813602,54.781219
3,23.400000,3,4,4.117700,0.000000,49.733727,53.559761,54.665066
2,23.400000,3,2,4.117700,0.697173,53.064777,54.652924,55.454781
1,23.400000,1,2,1.816336,0.697173,55.575302,54.580917,54.667297
0,23.600000,0,1,0.000042,1.890195,64.403465,55.842396,54.650757
3,23.600000,3,4,4.059762,0.000000,58.656895,54.105057,54.561756
2,23.600000,3,2,4.059762,0.807170,57.956852,55.099709,55.728424
1,23.600000,1,2,1.890195,0.807170,55.795956,54.182304,54.602989
0,23.800000,0,1,0.000042,1.838043,59.144897,55.783920,54.743042
3,23.800000,3,4,4.135602,0.000000,52.567219,54.441971,54.696789
2,23.800000,3,2,4.135602,0.727495,55.459240,55.664345,55.475250
1,23.800000,1,2,1.838043,0.727495,54.340923,54.338989,54.652004
0,24.000000,0,1,0.000043,1.847819,57.315857,55.134151,54.725800
3,24.000000,3,4,4.207635,0.000000,53.112038,54.773109,54.823505
2,24.000000,3,2,4.207635,0.634292,51.787079,54.539268,55.199627
1,24.000000,1,2,1.847819,0.634292,58.093674,54.268066,54.833458
0,24.200000,0,1,0.000043,1.749876,52.053707,55.104134,54.897293
3,24.200000,3,4,4.314172,0.000000,56.462296,54.391129,55.008247
2,24.200000,3,2,4.314172,0.587100,55.122044,54.976871,54.936760
1,24.200000,1,2,1.749876,0.587100,55.546989,55.175430,54.744408
0,24.400000,0,1,0.000043,1.727817,55.924786,55.626106,54.935543
3,24.400000,3,4,4.270392,0.000000,60.280979,53.768288,54.932709
2,24.400000,3,2,4.270392,0.606680,53.951279,55.207359,55.045872
1,24.400000,1,2,1.727817,0.606680,48.547714,54.940742,54.670799
0,24.600000,0,1,0.000044,1.640489,57.330101,55.893757,55.085670
3,24.600000,3,4,4.206076,0.000000,55.531742,54.893501,54.820778
2,24.600000,3,2,4.206076,0.589804,56.701687,55.052544,55.126862
1,24.600000,1,2,1.640489,0.589804,54.825027,54.393757,54.545113
0,24.800000,0,1,0.000044,1.614663,59.138271,55.457455,55.129669
3,24.800000,3,4,4.141039,0.000000,53.125828,55.831123,54.706406
2,24.800000,3,2,4.141039,0.558134,54.945290,54.934334,55.183464
1,24.800000,1,2,1.614663,0.558134,55.949051,54.313713,54.555595
0,25.000000,0,1,0.000044,1.620117,54.143120,55.737461,55.120392
3,25.000000,3,4,4.139666,0.000000,52.777641,54.814552,54.703976
2,25.000000,3,2,4.139666,0.549360,55.910763,54.990818,55.170933
1,25.000000,1,2,1.620117,0.549360,55.110565,54.912544,54.581070
0,25.200000,0,1,0.000045,1.537796,58.999706,55.398365,55.259590
3,25.200000,3,4,4.182050,0.000000,55.826149,54.329876,54.778664
2,25.200000,3,2,4.182050,0.597579,54.128887,55.624672,55.180809
1,25.200000,1,2,1.537796,0.597579,54.493229,54.348728,54.345058
0,25.400000,0,1,0.000045,1.641713,58.101219,55.321884,55.083580
3,25.400000,3,4,4.284972,0.000000,54.371201,54.210766,54.957924
2,25.400000,3,2,4.284972,0.463553,50.454979,55.589630,54.772221
1,25.400000,1,2,1.641713,0.463553,56.471306,53.931808,54.771477
0,25.600000,0,1,0.000045,1.793007,53.317173,54.902744,54.822113
3,25.600000,3,4,4.257550,0.000000,46.712379,55.858585,54.910454
2,25.600000,3,2,4.257550,0.558715,55.054401,55.611843,54.985519
1,25.600000,1,2,1.793007,0.558715,55.762100,54.507084,54.869678
0,25.800000,0,1,0.000046,1.746775,56.741039,54.562492,54.9