3,0.200000,4,3,0.000000,0.000000,46.800484,41.861343,42.529121
1,0.200000,2,1,0.000000,0.000000,51.177120,NaN,52.474251
2,0.200000,2,3,0.000000,0.000000,59.556320,NaN,60.000000
0,0.200000,1,0,0.000000,0.000000,57.740433,NaN,57.577248
3,0.400000,4,3,0.000000,0.213873,48.289497,42.630695,43.631569
1,0.400000,2,1,0.068101,0.132111,55.290569,NaN,52.612366
2,0.400000,2,3,0.068101,0.213873,58.350845,NaN,59.840565
0,0.400000,1,0,0.132111,0.000001,56.902531,NaN,57.396454
3,0.600000,4,3,0.000000,0.513873,42.982018,44.374458,45.010719
1,0.600000,2,1,-0.143982,0.236901,56.301304,55.832741,53.271339
2,0.600000,2,3,-0.143982,0.513873,59.489792,63.532265,59.261166
0,0.600000,1,0,0.236901,0.000001,62.641666,54.305481,57.250877
3,0.800000,4,3,0.000000,0.813873,40.549412,45.875450,46.234318
1,0.800000,2,1,-0.092940,0.255567,54.008141,53.399509,53.205814
2,0.800000,2,3,-0.092940,0.813873,58.448433,59.286636,58.967903
0,0.800000,1,0,0.255567,0.000001,53.064754,54.728500,57.224743
3,1.000000,4,3,0.000000,1.113874,49.868919,47.128830,47.333916
1,1.000000,2,1,-0.239107,0.223730,58.831558,53.558247,53.435455
2,1.000000,2,3,-0.239107,1.113874,61.826645,58.030952,58.421661
0,1.000000,1,0,0.223730,0.000002,61.030083,56.658646,57.269287
3,1.200000,4,3,0.000000,1.282096,49.475662,47.879528,47.905037
1,1.200000,2,1,-0.302043,0.198554,54.350227,53.223892,53.510246
2,1.200000,2,3,-0.302043,1.282096,60.149746,57.306934,58.127464
0,1.200000,1,0,0.198554,0.000002,52.638874,57.415989,57.304382
3,1.400000,4,3,0.000000,1.400593,46.137543,48.275486,48.290031
1,1.400000,2,1,-0.351661,0.335680,49.030102,53.524574,53.872734
2,1.400000,2,3,-0.351661,1.400593,56.652824,56.502201,57.908379
0,1.400000,1,0,0.335680,0.000002,57.819950,57.422436,57.111847
3,1.600000,4,3,0.000000,1.563517,52.259331,48.975246,48.798035
1,1.600000,2,1,-0.591988,0.557950,60.351608,54.740864,54.721771
2,1.600000,2,3,-0.591988,1.563517,58.034737,55.866680,57.364124
0,1.600000,1,0,0.557950,0.000003,61.316906,56.577362,56.792320
3,1.800000,4,3,0.000000,1.860767,49.342121,50.057686,49.667747
1,1.800000,2,1,-0.536443,0.550069,53.158077,54.468761,54.609211
2,1.800000,2,3,-0.536443,1.860767,60.568516,55.337318,57.024323
0,1.800000,1,0,0.550069,0.000003,58.331055,56.226608,56.803810
3,2.000000,4,3,0.000000,1.903122,48.266029,49.415932,49.786190
1,2.000000,2,1,-0.627153,0.816110,59.697403,54.575588,55.227646
2,2.000000,2,3,-0.627153,1.903122,55.267658,54.699081,56.832615
0,2.000000,1,0,0.816110,0.000004,53.913414,57.083309,56.408997
3,2.200000,4,3,0.000000,2.203123,50.419655,51.489803,50.590065
1,2.200000,2,1,-0.789788,1.013054,57.952648,55.681278,55.817261
2,2.200000,2,3,-0.789788,2.203123,56.756004,54.399555,56.138443
0,2.200000,1,0,1.013054,0.000004,52.590557,56.300362,56.107189
3,2.400000,4,3,0.000000,2.305649,48.314156,50.997524,50.851692
1,2.400000,2,1,-0.753341,0.974859,54.222641,56.252361,55.697472
2,2.400000,2,3,-0.753341,2.305649,58.169559,54.727051,56.035568
0,2.400000,1,0,0.974859,0.000004,58.437725,55.005650,56.166382
3,2.600000,4,3,0.000000,2.365956,49.116600,51.992863,51.002693
1,2.600000,2,1,-0.891180,0.955323,65.138893,56.293800,55.886719
2,2.600000,2,3,-0.891180,2.365956,51.680664,54.570568,55.721111
0,2.600000,1,0,0.955323,0.000005,50.397709,55.802353,56.196533
3,2.800000,4,3,0.000000,2.486727,52.149818,51.440128,51.298912
1,2.800000,2,1,-0.822773,0.872772,56.179771,56.355236,55.644650
2,2.800000,2,3,-0.822773,2.486727,48.710922,54.331421,55.636463
0,2.800000,1,0,0.872772,0.000005,45.910629,56.142796,56.323025
3,3.000000,4,3,0.000000,2.603662,50.282097,50.610058,51.578224
1,3.000000,2,1,-0.805106,0.950524,57.580196,55.967052,55.741646
2,3.000000,2,3,-0.805106,2.603662,56.141102,54.501709,55.474167
0,3.000000,1,0,0.950524,0.000005,56.833702,56.981331,56.203926
3,3.200000,4,3,0.000000,2.603567,56.713837,52.148582,51.577995
1,3.200000,2,1,-0.943529,0.998653,56.028526,56.793289,56.037399
2,3.200000,2,3,-0.943529,2.603567,49.493896,55.037014,55.243881
0,3.200000,1,0,0.998653,0.000006,53.398483,56.153530,56.129547
3,3.400000,4,3,0.000000,2.740095,53.680042,51.942413,51.895279
1,3.400000,2,1,-0.904861,0.860833,55.405407,57.010941,55.757809
2,3.400000,2,3,-0.904861,2.740095,57.832130,54.692867,55.077965
0,3.400000,1,0,0.860833,0.000006,56.143715,56.325390,56.341198
3,3.600000,4,3,0.000000,2.763593,54.053345,52.921783,51.948959
1,3.600000,2,1,-0.920481,0.843389,59.462856,56.487904,55.754883
2,3.600000,2,3,-0.920481,2.763593,53.162495,55.025505,55.010925
0,3.600000,1,0,0.843389,0.000006,56.471874,56.392811,56.367695
3,3.800000,4,3,0.000000,2.876287,54.567856,50.291374,52.202797
1,3.800000,2,1,-0.726675,0.952216,56.949818,56.390251,55.617607
2,3.800000,2,3,-0.726675,2.876287,51.110401,55.241867,55.149475
0,3.800000,1,0,0.952216,0.000007,56.534855,56.639317,56.201324
3,4.000000,4,3,0.000000,2.967351,52.951851,50.441658,52.403667
1,4.000000,2,1,-0.694385,1.040131,53.618145,55.826057,55.707657
2,4.000000,2,3,-0.694385,2.967351,52.378139,54.833366,55.049259
0,4.000000,1,0,1.040131,0.000007,55.574368,56.219284,56.065037
3,4.200000,4,3,0.000000,3.052368,49.592297,51.535942,52.587906
1,4.200000,2,1,-0.719348,0.982075,53.462460,55.827164,55.654175
2,4.200000,2,3,-0.719348,3.052368,55.670227,53.771515,54.859207
0,4.200000,1,0,0.982075,0.000007,59.622169,56.464283,56.155228
3,4.400000,4,3,0.000000,3.092996,50.731312,53.300205,52.674850
1,4.400000,2,1,-0.807344,0.914030,58.074181,54.184494,55.686451
2,4.400000,2,3,-0.807344,3.092996,55.812805,53.519066,54.632641
0,4.400000,1,0,0.914030,0.000008,60.243942,56.486809,56.259995
3,4.600000,4,3,0.000000,3.234347,53.304554,52.831589,52.972054
1,4.600000,2,1,-0.815788,0.877921,56.686836,54.739491,55.641670
2,4.600000,2,3,-0.815788,3.234347,58.767933,53.708664,54.362679
0,4.600000,1,0,0.877921,0.000008,57.398132,56.466717,56.315182
3,4.800000,4,3,0.000000,3.283252,49.371437,52.805218,53.073017
1,4.800000,2,1,-0.745292,0.828709,56.477009,54.991982,55.445744
2,4.800000,2,3,-0.745292,3.283252,57.580421,53.440174,54.402008
0,4.800000,1,0,0.828709,0.000008,53.626488,56.202522,56.389946
3,5.000000,4,3,0.000000,3.245193,48.682560,53.613525,52.994530
1,5.000000,2,1,-0.794915,0.815400,51.947933,54.941631,55.505554
2,5.000000,2,3,-0.794915,3.245193,56.986553,53.958050,54.380959
0,5.000000,1,0,0.815400,0.000009,56.125416,55.670914,56.410080
3,5.200000,4,3,0.000000,3.157142,52.894230,53.932365,52.810734
1,5.200000,2,1,-0.773520,0.907084,57.111526,55.432373,55.620392
2,5.200000,2,3,-0.773520,3.157142,55.163204,53.965816,54.578533
0,5.200000,1,0,0.907084,0.000009,55.441677,55.586987,56.270638
3,5.400000,4,3,0.000000,3.243351,54.032330,52.660820,52.990715
1,5.400000,2,1,-0.913866,1.067020,58.442673,55.772190,56.097763
2,5.400000,2,3,-0.913866,3.243351,50.240509,54.044197,54.165493
0,5.400000,1,0,1.067020,0.000010,58.183308,55.761459,56.023010
3,5.600000,4,3,0.000000,3.298535,50.000530,52.737316,53.104374
1,5.600000,2,1,-0.894598,0.897337,59.594357,56.156590,55.799835
2,5.600000,2,3,-0.894598,3.298535,59.554089,53.219879,54.098549
0,5.600000,1,0,0.897337,0.000010,56.172035,55.273407,56.285545
3,5.800000,4,3,0.000000,3.438612,51.633041,52.753059,53.387657
1,5.800000,2,1,-0.894603,0.908931,52.821560,55.237453,55.818363
2,5.800000,2,3,-0.894603,3.438612,52.542511,52.603378,53.833420
0,5.800000,1,0,0.908931,0.000010,55.331524,56.087658,56.267807
3,6.000000,4,3,0.000000,3.486944,55.178360,53.105972,53.483711
1,6.000000,2,1,-0.768878,0.934446,60.532684,54.827297,55.657257
2,6.000000,2,3,-0.768878,3.486944,59.365459,52.290333,53.980698
0,6.000000,1,0,0.934446,0.000011,48.498474,56.825733,56.228672
3,6.200000,4,3,0.000000,3.571603,55.766602,53.841938,53.649940
1,6.200000,2,1,-0.664311,0.875678,58.775795,54.044323,55.389427
2,6.200000,2,3,-0.664311,3.571603,52.206276,52.743149,54.018261
0,6.200000,1,0,0.875678,0.000011,60.195770,56.934425,56.318604
3,6.400000,4,3,0.000000,3.585162,51.321465,54.352139,53.676327
1,6.400000,2,1,-0.651767,0.939286,58.157673,54.970219,55.473869
2,6.400000,2,3,-0.651767,3.585162,56.462978,52.452007,54.016350
0,6.400000,1,0,0.939286,0.000011,55.753349,57.644272,56.221233
3,6.600000,4,3,0.000000,3.530186,53.413185,53.405499,53.568935
1,6.600000,2,1,-0.577972,0.976960,52.113842,54.381947,55.414204
2,6.600000,2,3,-0.577972,3.530186,51.922226,52.524967,54.256279
0,6.600000,1,0,0.976960,0.000012,55.034218,57.752197,56.163147
3,6.800000,4,3,0.000000,3.662564,50.483791,54.472157,53.825748
1,6.800000,2,1,-0.594045,1.099183,61.493301,54.676846,55.640892
2,6.800000,2,3,-0.594045,3.662564,56.807774,52.806789,53.979210
0,6.800000,1,0,1.099183,0.000012,56.500969,57.652290,55.972534
3,7.000000,4,3,0.000000,3.732304,58.014118,53.879795,53.958641
1,7.000000,2,1,-0.577753,1.188797,57.314774,54.922974,55.759182
2,7.000000,2,3,-0.577753,3.732304,54.116631,52.250900,53.877697
0,7.000000,1,0,1.188797,0.000012,59.861809,57.470779,55.830616
3,7.200000,4,3,0.000000,3.695464,50.527916,53.515911,53.888641
1,7.200000,2,1,-0.569337,1.111259,55.016663,55.101017,55.620380
2,7.200000,2,3,-0.569337,3.695464,54.152222,52.177269,53.963715
0,7.200000,1,0,1.111259,0.000013,53.316128,56.735241,55.953514
3,7.400000,4,3,0.000000,3.841391,56.101669,54.219421,54.163300
1,7.400000,2,1,-0.616956,1.032709,60.957726,54.328110,55.569992
2,7.400000,2,3,-0.616956,3.841391,54.931412,52.508072,53.590981
0,7.400000,1,0,1.032709,0.000013,55.392986,56.892487,56.076622
3,7.600000,4,3,0.000000,3.776021,49.477013,53.178158,54.041122
1,7.600000,2,1,-0.632516,1.179605,62.342072,55.231899,55.832062
2,7.600000,2,3,-0.632516,3.776021,47.727089,52.327488,53.688137
0,7.600000,1,0,1.179605,0.000013,56.603203,56.747761,55.845261
3,7.800000,4,3,0.000000,3.725642,52.377472,54.070076,53.946014
1,7.800000,2,1,-0.592105,1.053464,57.199245,54.883282,55.563305
2,7.800000,2,3,-0.592105,3.725642,57.783047,52.468327,53.863014
0,7.800000,1,0,1.053464,0.000014,57.453854,57.153484,56.044228
3,8.000000,4,3,0.000000,3.687489,52.785152,54.053719,53.873428
1,8.000000,2,1,-0.548587,1.117203,57.070957,54.594666,55.596291
2,8.000000,2,3,-0.548587,3.687489,56.914959,52.541607,54.017956
0,8.000000,1,0,1.117203,0.000014,50.681004,57.177063,55.944145
3,8.200000,4,3,0.000000,3.902959,55.598713,54.650356,54.277130
1,8.200000,2,1,-0.392074,1.080923,54.410046,54.802448,55.277634
2,8.200000,2,3,-0.392074,3.902959,56.490120,52.576698,53.906326
0,8.200000,1,0,1.080923,0.000015,55.060833,57.553654,56.001228
3,8.400000,4,3,0.000000,3.912034,53.041126,54.132080,54.293808
1,8.400000,2,1,-0.200831,1.032126,54.566101,54.334202,54.867355
2,8.400000,2,3,-0.200831,3.912034,55.470608,52.007469,54.247601
0,8.400000,1,0,1.032126,0.000015,57.255287,57.619274,56.077530
3,8.600000,4,3,0.000000,3.931021,48.169647,53.517536,54.328621
1,8.600000,2,1,-0.173238,0.996069,52.948715,54.239243,54.755909
2,8.600000,2,3,-0.173238,3.931021,56.568512,52.358532,54.263458
0,8.600000,1,0,0.996069,0.000015,51.537868,57.480679,56.133568
3,8.800000,4,3,0.000000,4.045683,58.586426,54.559143,54.536507
1,8.800000,2,1,-0.147437,0.970473,50.337097,53.689182,54.665077
2,8.800000,2,3,-0.147437,4.045683,56.746719,52.276096,54.098572
0,8.800000,1,0,0.970473,0.000016,59.134163,57.344101,56.173176
3,9.000000,4,3,0.000000,4.017546,55.740417,55.785179,54.485855
1,9.000000,2,1,-0.034398,0.917579,48.996567,53.661682,54.366531
2,9.000000,2,3,-0.034398,4.017546,59.326176,52.237617,54.359375
0,9.000000,1,0,0.917579,0.000016,56.217663,57.535336,56.254570
3,9.200000,4,3,0.000000,3.899838,49.875877,55.120129,54.271393
1,9.200000,2,1,-0.100172,1.098763,56.590408,53.350208,54.807930
2,9.200000,2,3,-0.100172,3.899838,54.883457,53.329521,54.453762
0,9.200000,1,0,1.098763,0.000016,56.934074,58.345928,55.973198
3,9.400000,4,3,0.000000,3.950755,57.100384,55.610523,54.364681
1,9.400000,2,1,-0.143461,1.227984,58.303810,54.331760,55.105949
2,9.400000,2,3,-0.143461,3.950755,57.262249,53.919796,54.281937
0,9.400000,1,0,1.227984,0.000017,53.119442,57.242886,55.767975
3,9.600000,4,3,0.000000,3.934777,54.267273,52.994572,54.335495
1,9.600000,2,1,-0.154359,1.220023,55.116043,54.861015,55.110954
2,9.600000,2,3,-0.154359,3.934777,49.672306,54.329430,54.291275
0,9.600000,1,0,1.220023,0.000017,57.187229,56.684795,55.780731
3,9.800000,4,3,0.000000,4.085562,53.910381,55.472851,54.607880
1,9.800000,2,1,-0.057479,1.276577,54.119228,54.995663,55.042046
2,9.800000,2,3,-0.057479,4.085562,51.529907,55.028446,54.191803
0,9.800000,1,0,1.276577,0.000017,52.379642,56.082912,55.689789
3,10.000000,4,3,0.000000,4.124455,54.159355,54.376514,54.677048
1,10.000000,2,1,-0.041447,1.439328,55.891499,55.849564,55.290672
2,10.000000,2,3,-0.041447,4.124455,48.105797,54.828281,54.149345
0,10.000000,1,0,1.439328,0.000018,54.985207,55.344009,55.423737
3,10.200000,4,3,0.000000,4.123941,56.069511,56.191399,54.676132
1,10.200000,2,1,0.035936,1.284775,53.921345,56.310841,54.894981
2,10.200000,2,3,0.035936,4.123941,54.705559,54.281254,54.293350
0,10.200000,1,0,1.284775,0.000018,58.526127,54.370022,55.676544
3,10.400000,4,3,0.000000,4.161213,55.929123,56.047539,54.742012
1,10.400000,2,1,0.216649,1.277284,56.158688,55.666733,54.562954
2,10.400000,2,3,0.216649,4.161213,54.068066,54.481003,54.553635
0,10.400000,1,0,1.277284,0.000018,50.247047,55.113869,55.688648
3,10.600000,4,3,0.000000,4.165005,59.582764,54.111912,54.748688
1,10.600000,2,1,0.242177,1.390557,53.728020,55.247200,54.719017
2,10.600000,2,3,0.242177,4.165005,52.410198,54.768188,54.592537
0,10.600000,1,0,1.390557,0.000019,58.613400,55.161255,55.504150
3,10.800000,4,3,0.000000,4.142955,56.169132,55.817024,54.709793
1,10.800000,2,1,0.222950,1.442701,53.887341,55.441936,54.844322
2,10.800000,2,3,0.222950,4.142955,55.923714,54.414154,54.597580
0,10.800000,1,0,1.442701,0.000019,52.763184,55.046768,55.418156
3,11.000000,4,3,0.000000,4.110853,50.256592,55.001492,54.652908
1,11.000000,2,1,0.040504,1.570562,57.263885,55.472488,55.372925
2,11.000000,2,3,0.040504,4.110853,52.450760,54.405785,54.325729
0,11.000000,1,0,1.570562,0.000019,59.668118,55.781094,55.204361
3,11.200000,4,3,0.000000,4.035576,55.000957,54.593079,54.518341
1,11.200000,2,1,0.041874,1.599911,54.964485,55.068642,55.419346
2,11.200000,2,3,0.041874,4.035576,58.442131,54.148926,54.465172
0,11.200000,1,0,1.599911,0.000020,50.703114,55.105991,55.154686
3,11.400000,4,3,0.000000,4.050716,52.079994,54.080288,54.545540
1,11.400000,2,1,0.136138,1.609010,49.366562,55.186058,55.277428
2,11.400000,2,3,0.136138,4.050716,56.719116,54.692703,54.607265
0,11.400000,1,0,1.609010,0.000020,58.289982,54.251728,55.139236
3,11.600000,4,3,0.000000,4.151687,56.195564,54.574734,54.725212
1,11.600000,2,1,0.232507,1.496232,52.761871,55.526245,54.920815
2,11.600000,2,3,0.232507,4.151687,51.731209,54.461956,54.599052
0,11.600000,1,0,1.496232,0.000021,54.669022,54.269440,55.329163
3,11.800000,4,3,0.000000,4.153650,58.492538,55.220192,54.728676
1,11.800000,2,1,0.344892,1.483618,50.358673,55.010864,54.701958
2,11.800000,2,3,0.344892,4.153650,53.141296,54.107834,54.794441
0,11.800000,1,0,1.483618,0.000021,51.650539,55.025791,55.350197
3,12.000000,4,3,0.000000,4.082914,56.000847,55.000214,54.603157
1,12.000000,2,1,0.291064,1.497343,57.078613,55.802666,54.820782
2,12.000000,2,3,0.291064,4.082914,54.848694,54.578823,54.824055
0,12.000000,1,0,1.497343,0.000021,55.052071,54.846600,55.327309
3,12.200000,4,3,0.000000,4.142002,52.805790,55.423302,54.708107
1,12.200000,2,1,0.282701,1.626693,51.155785,56.154522,55.059067
2,12.200000,2,3,0.282701,4.142002,52.040241,54.868896,54.705444
0,12.200000,1,0,1.626693,0.000022,59.703163,54.779022,55.109158
3,12.400000,4,3,0.000000,4.113207,55.853786,55.529873,54.657089
1,12.400000,2,1,0.387005,1.631347,52.257381,56.640076,54.887169
2,12.400000,2,3,0.387005,4.113207,48.035282,55.614727,54.938263
0,12.400000,1,0,1.631347,0.000022,56.984898,55.282791,55.101227
3,12.600000,4,3,0.000000,4.203036,59.515831,56.004276,54.815460
1,12.600000,2,1,0.400777,1.616302,57.845364,55.747257,54.836945
2,12.600000,2,3,0.400777,4.203036,55.084408,56.137138,54.805836
0,12.600000,1,0,1.616302,0.000022,59.314240,54.509857,55.126846
3,12.800000,4,3,0.000000,4.150306,58.651005,55.263046,54.722775
1,12.800000,2,1,0.424161,1.587710,55.252728,55.893440,54.745773
2,12.800000,2,3,0.424161,4.150306,54.684429,56.273949,54.938362
0,12.800000,1,0,1.587710,0.000023,60.751438,54.940804,55.175369
3,13.000000,4,3,0.000000,4.218753,55.240295,55.285427,54.842934
1,13.000000,2,1,0.378389,1.679596,59.237579,55.779114,54.985596
2,13.000000,2,3,0.378389,4.218753,54.306385,56.231014,54.738876
0,13.000000,1,0,1.679596,0.000023,53.299782,55.048031,55.018661
3,13.200000,4,3,0.000000,4.318269,52.624310,55.892075,55.015289
1,13.200000,2,1,0.269008,1.791216,54.139572,56.234486,55.359867
2,13.200000,2,3,0.269008,4.318269,57.300064,55.685383,54.364273
0,13.200000,1,0,1.791216,0.000023,54.633923,54.914375,54.825203
3,13.400000,4,3,0.000000,4.230263,52.919800,54.964256,54.863007
1,13.400000,2,1,0.356283,1.702014,61.170982,55.468330,55.062042
2,13.400000,2,3,0.356283,4.230263,61.090912,55.214417,54.679459
0,13.400000,1,0,1.702014,0.000024,53.597401,54.952778,54.980083
3,13.600000,4,3,0.000000,4.385143,58.016048,55.283649,55.129601
1,13.600000,2,1,0.260127,1.768253,53.691757,55.499519,55.336399
2,13.600000,2,3,0.260127,4.385143,50.798973,55.740559,54.225166
0,13.600000,1,0,1.768253,0.000024,54.778439,55.351654,54.865288
3,13.800000,4,3,0.000000,4.383022,54.415600,55.939487,55.125992
1,13.800000,2,1,0.283711,1.788544,59.094006,55.383217,55.330902
2,13.800000,2,3,0.283711,4.383022,53.980427,55.863949,54.272568
0,13.800000,1,0,1.788544,0.000024,52.109985,54.103161,54.829880
3,14.000000,4,3,0.000000,4.398200,58.676319,55.840851,55.151775
1,14.000000,2,1,0.176758,1.615631,58.645000,55.215645,55.220245
2,14.000000,2,3,0.176758,4.398200,50.354794,54.841442,54.045486
0,14.000000,1,0,1.615631,0.000025,53.851635,54.089588,55.127991
3,14.200000,4,3,0.000000,4.352435,58.658741,54.217628,55.073841
1,14.200000,2,1,0.121258,1.703352,51.460453,53.965729,55.459103
2,14.200000,2,3,0.121258,4.352435,61.442043,53.722004,54.027180
0,14.200000,1,0,1.703352,0.000025,55.366600,54.418476,54.977779
3,14.400000,4,3,0.000000,4.431069,54.523823,54.193779,55.207405
1,14.400000,2,1,0.194485,1.715226,56.525299,53.803898,55.357422
2,14.400000,2,3,0.194485,4.431069,54.124847,53.518494,54.016998
0,14.400000,1,0,1.715226,0.000026,52.804459,54.983494,54.957283
3,14.600000,4,3,0.000000,4.434070,58.273521,55.688480,55.212471
1,14.600000,2,1,0.319590,1.606481,51.864769,53.769329,54.960899
2,14.600000,2,3,0.319590,4.434070,55.605995,53.559658,54.244621
0,14.600000,1,0,1.606481,0.000026,58.246498,55.032032,55.143543
3,14.800000,4,3,0.000000,4.413482,51.859501,54.697926,55.177673
1,14.800000,2,1,0.311330,1.580876,51.119255,53.923267,54.930901
2,14.800000,2,3,0.311330,4.413482,51.779423,53.241543,54.267342
0,14.800000,1,0,1.580876,0.000026,54.212776,54.578575,55.186939
3,15.000000,4,3,0.000000,4.359212,58.081615,56.525570,55.085419
1,15.000000,2,1,0.418659,1.571603,54.061264,54.520584,54.727074
2,15.000000,2,3,0.418659,4.359212,64.608154,53.847530,54.560822
0,15.000000,1,0,1.571603,0.000027,54.225941,55.152443,55.202614
3,15.200000,4,3,0.000000,4.269857,57.216763,55.363293,54.931786
1,15.200000,2,1,0.436593,1.518565,57.187176,53.937031,54.601112
2,15.200000,2,3,0.436593,4.269857,50.452911,53.885250,54.751385
0,15.200000,1,0,1.518565,0.000027,53.666092,54.775612,55.291824
3,15.400000,4,3,0.000000,4.343950,57.313148,56.236210,55.059326
1,15.400000,2,1,0.384540,1.423287,58.839733,53.781380,54.523674
2,15.400000,2,3,0.384540,4.343950,58.230061,53.956821,54.526985
0,15.400000,1,0,1.423287,0.000027,61.363766,54.626251,55.450264
3,15.600000,4,3,0.000000,4.280444,56.944256,55.145905,54.950100
1,15.600000,2,1,0.321606,1.318158,54.233585,53.966702,54.447540
2,15.600000,2,3,0.321606,4.280444,53.303829,54.665699,54.528011
0,15.600000,1,0,1.318158,0.000028,54.108223,55.241772,55.622452
3,15.800000,4,3,0.000000,4.359564,58.695923,55.494587,55.086018
1,15.800000,2,1,0.413824,1.391863,54.548386,54.680386,54.413971
2,15.800000,2,3,0.413824,4.359564,53.668667,54.943138,54.551529
0,15.800000,1,0,1.391863,0.000028,56.480423,56.117588,55.502022
3,16.000000,4,3,0.000000,4.300001,50.782314,54.591457,54.983856
1,16.000000,2,1,0.491869,1.330449,51.447884,54.171974,54.157681
2,16.000000,2,3,0.491869,4.300001,51.330547,55.089218,54.795540
0,16.000000,1,0,1.330449,0.000028,52.029278,54.855423,55.602463
3,16.200000,4,3,0.000000,4.268574,55.664230,54.307476,54.929562
1,16.200000,2,1,0.537252,1.328293,53.872345,54.121212,54.068916
2,16.200000,2,3,0.537252,4.268574,56.206055,55.337757,54.929398
0,16.200000,1,0,1.328293,0.000029,54.104057,54.800781,55.605972
3,16.400000,4,3,0.000000,4.197458,56.274200,56.139576,54.805691
1,16.400000,2,1,0.463467,1.473445,51.935688,54.196339,54.471825
2,16.400000,2,3,0.463467,4.197458,53.661736,55.850605,54.924774
0,16.400000,1,0,1.473445,0.000029,57.058430,54.978996,55.367149
3,16.600000,4,3,0.000000,4.246466,54.004032,54.333328,54.891205
1,16.600000,2,1,0.501625,1.658683,54.451248,54.554401,54.734329
2,16.600000,2,3,0.501625,4.246466,56.456490,55.556519,54.905960
0,16.600000,1,0,1.658683,0.000029,57.390114,54.146343,55.054535
3,16.800000,4,3,0.000000,4.285586,56.382412,55.681049,54.958984
1,16.800000,2,1,0.489811,1.580048,53.628521,55.100681,54.615852
2,16.800000,2,3,0.489811,4.285586,56.683483,55.542877,54.817188
0,16.800000,1,0,1.580048,0.000030,52.744656,54.276932,55.188347
3,17.000000,4,3,0.000000,4.283944,52.368584,54.263210,54.956146
1,17.000000,2,1,0.535718,1.470557,55.864254,55.189079,54.335224
2,17.000000,2,3,0.535718,4.283944,55.047058,55.681713,54.900082
0,17.000000,1,0,1.470557,0.000030,52.518356,54.660496,55.371956
3,17.200000,4,3,0.000000,4.112159,58.435963,56.253136,54.655228
1,17.200000,2,1,0.499234,1.516615,56.227612,54.317406,54.485188
2,17.200000,2,3,0.499234,4.112159,53.245693,55.335320,55.132549
0,17.200000,1,0,1.516615,0.000030,53.345139,55.301250,55.295097
3,17.400000,4,3,0.000000,4.156153,53.065571,54.595058,54.733089
1,17.400000,2,1,0.435459,1.605450,57.477425,54.831055,54.757111
2,17.400000,2,3,0.435459,4.156153,52.892406,56.405098,54.947792
0,17.400000,1,0,1.605450,0.000031,61.374058,54.611347,55.145302
3,17.600000,4,3,0.000000,4.073359,53.766460,53.878662,54.586090
1,17.600000,2,1,0.317756,1.520235,51.482498,55.262375,54.814133
2,17.600000,2,3,0.317756,4.073359,60.333210,56.247791,54.887260
0,17.600000,1,0,1.520235,0.000031,56.858025,53.869469,55.289032
3,17.800000,4,3,0.000000,4.055068,52.033230,54.957367,54.553345
1,17.800000,2,1,0.303422,1.504133,58.194832,55.264782,54.811039
2,17.800000,2,3,0.303422,4.055068,55.907837,56.454079,54.894142
0,17.800000,1,0,1.504133,0.000032,55.499908,54.317101,55.315979
3,18.000000,4,3,0.000000,3.960679,52.481880,54.106640,54.382774
1,18.000000,2,1,0.267292,1.423100,55.905514,55.064304,54.732124
2,18.000000,2,3,0.267292,3.960679,53.909962,56.993912,54.994904
0,18.000000,1,0,1.423100,0.000032,50.011566,54.811855,55.450584
3,18.200000,4,3,0.000000,3.991777,55.682964,54.277954,54.439266
1,18.200000,2,1,0.237643,1.365648,56.581890,54.696278,54.682976
2,18.200000,2,3,0.237643,3.991777,64.020020,57.132488,54.889816
0,18.200000,1,0,1.365648,0.000032,60.095654,54.183739,55.545013
3,18.400000,4,3,0.000000,4.092408,49.046684,55.347420,54.620087
1,18.400000,2,1,0.228488,1.412881,57.156410,54.754398,54.782425
2,18.400000,2,3,0.228488,4.092408,52.742004,57.523621,54.697273
0,18.400000,1,0,1.412881,0.000033,60.034328,54.820751,55.467442
3,18.600000,4,3,0.000000,4.178677,59.102882,54.403778,54.772739
1,18.600000,2,1,0.235013,1.317410,56.222942,54.924789,54.601868
2,18.600000,2,3,0.235013,4.178677,51.144905,57.067123,54.555252
0,18.600000,1,0,1.317410,0.000033,57.035580,54.684307,55.623672
3,18.800000,4,3,0.000000,4.174510,55.572510,55.554966,54.765415
1,18.800000,2,1,0.184725,1.390542,47.384933,54.625420,54.819973
2,18.800000,2,3,0.184725,4.174510,54.362873,56.190186,54.472252
0,18.800000,1,0,1.390542,0.000033,56.479801,55.189453,55.504204
3,19.000000,4,3,0.000000,4.248190,55.589890,57.070377,54.894203
1,19.000000,2,1,0.334013,1.511792,55.430134,54.467709,54.770809
2,19.000000,2,3,0.334013,4.248190,53.817474,56.481899,54.607983
0,19.000000,1,0,1.511792,0.000034,56.878246,55.011086,55.303177
3,19.200000,4,3,0.000000,4.428238,58.023441,54.738640,55.202625
1,19.200000,2,1,0.268941,1.532066,53.192814,54.705143,54.919777
2,19.200000,2,3,0.268941,4.428238,51.787434,55.200569,54.161629
0,19.200000,1,0,1.532066,0.000034,56.372555,54.188751,55.269196
3,19.400000,4,3,0.000000,4.342211,57.379349,54.677013,55.056351
1,19.400000,2,1,0.166923,1.526319,56.249508,55.233383,55.085396
2,19.400000,2,3,0.166923,4.342211,54.087234,53.924004,54.131863
0,19.400000,1,0,1.526319,0.000034,60.760414,54.584541,55.278839
3,19.600000,4,3,0.000000,4.255428,50.362267,55.826019,54.906769
1,19.600000,2,1,0.077837,1.571547,56.237640,55.829994,55.312325
2,19.600000,2,3,0.077837,4.255428,53.264511,54.430466,54.127567
0,19.600000,1,0,1.571547,0.000035,55.117641,54.894077,55.202721
3,19.800000,4,3,0.000000,4.107677,45.572498,53.975471,54.647263
1,19.800000,2,1,0.131783,1.545660,56.690475,56.445900,55.178017
2,19.800000,2,3,0.131783,4.107677,50.817280,54.006397,54.497314
0,19.800000,1,0,1.545660,0.000035,51.989529,54.738068,55.246357
3,20.000000,4,3,0.000000,4.085388,53.104313,54.906487,54.607574
1,20.000000,2,1,0.116426,1.394225,48.004406,55.975178,54.945183
2,20.000000,2,3,0.116426,4.085388,56.150070,54.367718,54.509804
0,20.000000,1,0,1.394225,0.000035,56.659161,55.747276,55.498154
3,20.200000,4,3,0.000000,4.126607,56.443344,54.196133,54.680862
1,20.200000,2,1,0.125303,1.493009,52.037651,54.809158,55.099575
2,20.200000,2,3,0.125303,4.126607,51.825871,54.709156,54.451424
0,20.200000,1,0,1.493009,0.000036,56.122711,55.498680,55.334564
3,20.400000,4,3,0.000000,4.265347,54.323151,55.901260,54.923973
1,20.400000,2,1,0.069243,1.473880,52.234711,55.091949,55.162361
2,20.400000,2,3,0.069243,4.265347,52.162674,54.484535,54.092991
0,20.400000,1,0,1.473880,0.000036,56.868183,55.411064,55.366436
3,20.600000,4,3,0.000000,4.354048,49.137478,54.346848,55.076595
1,20.600000,2,1,0.054769,1.542473,54.540661,55.522331,55.302277
2,20.600000,2,3,0.054769,4.354048,59.757652,54.300415,53.898247
0,20.600000,1,0,1.542473,0.000037,54.772411,56.250351,55.251717
3,20.800000,4,3,0.000000,4.180137,57.635780,56.362328,54.775307
1,20.800000,2,1,-0.000959,1.518407,58.323196,56.192173,55.355133
2,20.800000,2,3,-0.000959,4.180137,51.950180,53.467159,54.121033
0,20.800000,1,0,1.518407,0.000037,53.083611,57.003822,55.292107
3,21.000000,4,3,0.000000,4.201746,52.444607,55.048874,54.813202
1,21.000000,2,1,-0.059416,1.386002,53.687553,55.969189,55.231277
2,21.000000,2,3,-0.059416,4.201746,54.846485,54.385582,53.970596
0,21.000000,1,0,1.386002,0.000037,57.049297,56.951523,55.511665
3,21.200000,4,3,0.000000,4.265558,55.565865,55.301304,54.924339
1,21.200000,2,1,-0.039492,1.266856,56.243401,55.325150,54.994446
2,21.200000,2,3,-0.039492,4.265558,53.922161,53.653419,53.887245
0,21.200000,1,0,1.266856,0.000038,55.969337,57.281906,55.705509
3,21.400000,4,3,0.000000,4.300174,54.092461,55.238525,54.984154
1,21.400000,2,1,0.039172,1.357054,51.772873,55.322193,55.014290
2,21.400000,2,3,0.039172,4.300174,57.632736,54.333450,53.970901
0,21.400000,1,0,1.357054,0.000038,54.776440,57.277489,55.559082
3,21.600000,4,3,0.000000,4.181495,56.796272,55.396309,54.777691
1,21.600000,2,1,0.107344,1.406933,52.949135,55.224613,54.982803
2,21.600000,2,3,0.107344,4.181495,56.802334,54.766685,54.318764
0,21.600000,1,0,1.406933,0.000038,51.629555,56.619209,55.477249
3,21.800000,4,3,0.000000,4.332492,58.162811,55.691315,55.039703
1,21.800000,2,1,0.200129,1.419465,52.933483,54.110851,54.843601
2,21.800000,2,3,0.200129,4.332492,56.334507,55.570354,54.211578
0,21.800000,1,0,1.419465,0.000039,53.251373,56.331600,55.456596
3,22.000000,4,3,0.000000,4.254094,54.642639,54.706921,54.904457
1,22.000000,2,1,0.415496,1.386228,53.156574,53.159710,54.400688
2,22.000000,2,3,0.415496,4.254094,54.322262,55.420303,54.741989
0,22.000000,1,0,1.386228,0.000039,54.920704,55.542473,55.511292
3,22.200000,4,3,0.000000,4.274896,51.528564,55.349701,54.940506
1,22.200000,2,1,0.241200,1.606746,62.045593,52.810287,55.095894
2,22.200000,2,3,0.241200,4.274896,56.760029,54.797760,54.392632
0,22.200000,1,0,1.606746,0.000039,57.656193,55.237183,55.143116
3,22.400000,4,3,0.000000,4.215237,51.291599,53.310799,54.836792
1,22.400000,2,1,0.302521,1.538860,55.339359,54.700500,54.873245
2,22.400000,2,3,0.302521,4.215237,58.500889,54.425312,54.610588
0,22.400000,1,0,1.538860,0.000040,54.081757,54.139122,55.257797
3,22.600000,4,3,0.000000,4.167144,52.324215,54.369041,54.752457
1,22.600000,2,1,0.289863,1.564727,55.549400,54.871132,54.940109
2,22.600000,2,3,0.289863,4.167144,52.521034,54.706150,54.673607
0,22.600000,1,0,1.564727,0.000040,49.857780,54.871281,55.214241
3,22.800000,4,3,0.000000,4.221300,53.312908,55.114540,54.847378
1,22.800000,2,1,0.155715,1.449645,51.808773,55.037823,54.973045
2,22.800000,2,3,0.155715,4.221300,56.188671,53.952244,54.334446
0,22.800000,1,0,1.449645,0.000040,51.548370,54.645340,55.406689
3,23.000000,4,3,0.000000,4.232062,53.852730,56.301746,54.866142
1,23.000000,2,1,0.251788,1.341300,50.758667,54.804394,54.614563
2,23.000000,2,3,0.251788,4.232062,56.087708,53.717312,54.489418
0,23.000000,1,0,1.341300,0.000041,56.098122,55.357471,55.584801
3,23.200000,4,3,0.000000,4.176122,57.954212,55.334450,54.768250
1,23.200000,2,1,0.184246,1.467726,52.402683,54.853680,54.955006
2,23.200000,2,3,0.184246,4.176122,53.376293,53.542515,54.468472
0,23.200000,1,0,1.467726,0.000041,57.961872,55.580391,55.376678
3,23.400000,4,3,0.000000,4.092904,57.355949,55.987499,54.620972
1,23.400000,2,1,0.093315,1.495924,51.832844,54.636642,55.158924
2,23.400000,2,3,0.093315,4.092904,51.392853,53.628429,54.454525
0,23.400000,1,0,1.495924,0.000041,55.505741,55.130043,55.329712
3,23.600000,4,3,0.000000,4.078223,57.815926,53.857319,54.594780
1,23.600000,2,1,0.057340,1.565813,53.117752,55.268501,55.336975
2,23.600000,2,3,0.057340,4.078223,58.355827,53.817520,54.415928
0,23.600000,1,0,1.565813,0.000042,58.125275,55.609272,55.212410
3,23.800000,4,3,0.000000,4.155202,53.745724,53.044716,54.731415
1,23.800000,2,1,0.038826,1.511603,56.519768,55.437359,55.277267
2,23.800000,2,3,0.038826,4.155202,52.072670,54.252190,54.241123
0,23.800000,1,0,1.511603,0.000042,58.046448,55.005341,55.303505
3,24.000000,4,3,0.000000,4.006378,53.983360,54.473633,54.465691
1,24.000000,2,1,0.098705,1.518585,54.024815,55.207748,55.188171
2,24.000000,2,3,0.098705,4.006378,54.102180,53.922962,54.619583
0,24.000000,1,0,1.518585,0.000043,56.782345,55.147423,55.291817
3,24.200000,4,3,0.000000,3.785239,54.913738,54.413536,54.058434
1,24.200000,2,1,0.060069,1.534717,62.535801,55.334518,55.280403
2,24.200000,2,3,0.060069,3.785239,58.716343,54.358261,54.940048
0,24.200000,1,0,1.534717,0.000043,55.627831,54.928421,55.264763
3,24.400000,4,3,0.000000,3.714739,57.142803,55.404118,53.925323
1,24.400000,2,1,0.097216,1.576540,56.344868,55.355350,55.288242
2,24.400000,2,3,0.097216,3.714739,58.756474,54.918671,55.124733
0,24.400000,1,0,1.576540,0.000043,54.448639,55.639858,55.194298
3,24.600000,4,3,0.000000,3.763919,56.953995,53.325447,54.018353
1,24.600000,2,1,0.107225,1.456822,58.798752,55.126545,55.068657
2,24.600000,2,3,0.107225,3.763919,56.789848,55.564812,55.057892
0,24.600000,1,0,1.456822,0.000044,58.058865,55.868225,55.394791
3,24.800000,4,3,0.000000,3.751757,53.179722,53.629059,53.995422
1,24.800000,2,1,0.143620,1.461010,54.948418,55.320049,55.013443
2,24.800000,2,3,0.143620,3.751757,54.685169,55.231464,55.140686
0,24.800000,1,0,1.461010,0.000044,54.685719,56.166004,55.387840
3,25.000000,4,3,0.000000,3.739419,49.521172,53.311665,53.972107
1,25.000000,2,1,0.258708,1.508855,49.924564,54.945572,54.897255
2,25.000000,2,3,0.258708,3.739419,56.682690,54.862476,55.355003
0,25.000000,1,0,1.508855,0.000044,52.908363,56.502724,55.308105
3,25.200000,4,3,0.000000,3.797209,56.248802,53.845253,54.080875
1,25.200000,2,1,0.261820,1.446815,57.994869,54.635761,54.783485
2,25.200000,2,3,0.261820,3.797209,56.462936,55.511261,55.263561
0,25.200000,1,0,1.446815,0.000045,57.202663,56.492298,55.411385
3,25.400000,4,3,0.000000,3.527459,56.042587,54.169304,53.563580
1,25.400000,2,1,0.233243,1.411368,57.783279,53.989265,54.771416
2,25.400000,2,3,0.233243,3.527459,58.826511,55.811272,55.661240
0,25.400000,1,0,1.411368,0.000045,54.486362,56.791210,55.469955
3,25.600000,4,3,0.000000,3.647243,55.884846,52.745029,53.796333
1,25.600000,2,1,0.096327,1.351860,58.118591,53.263718,54.906609
2,25.600000,2,3,0.096327,3.647243,54.793266,56.412975,55.237450
0,25.600000,1,0,1.351860,0.000045,49.721893,56.454262,55.567577
3,25.800000,4,3,0.000000,3.700753,54.415718,53.532299,53.898720
1,25.800000,2,1,0.060867,1.371881,57.034164,53.268654,55.002480
2,