2,0.200000,2,3,0.000000,0.000000,59.831219,NaN,60.000000
1,0.200000,2,1,0.000000,0.000000,54.573151,NaN,52.474251
3,0.200000,3,4,0.000000,0.000000,41.985416,43.905117,42.529121
0,0.200000,1,0,0.000000,0.000000,59.735119,NaN,57.577248
2,0.400000,2,3,-0.256594,0.274098,56.693924,NaN,59.407955
1,0.400000,2,1,-0.256594,0.183090,50.136723,NaN,53.389343
3,0.400000,3,4,0.274098,0.000000,40.438171,43.532021,43.922836
0,0.400000,1,0,0.183090,0.000001,59.146809,NaN,57.325878
2,0.600000,2,3,-0.392657,0.574098,59.276440,59.819431,58.896095
1,0.600000,2,1,-0.392657,0.334059,52.869133,52.050072,53.947639
3,0.600000,3,4,0.574098,0.000000,45.908333,43.538815,45.267666
0,0.600000,1,0,0.334059,0.000001,57.459446,57.022804,57.114136
2,0.800000,2,3,-0.470398,0.866206,59.968571,55.900280,58.442207
1,0.800000,2,1,-0.470398,0.458333,52.025719,55.111050,54.324043
3,0.800000,3,4,0.866206,0.000000,48.354626,46.947685,46.434326
0,0.800000,1,0,0.458333,0.000001,58.336384,55.655445,56.936687
2,1.000000,2,3,-0.581929,1.094692,58.715015,56.781460,58.007492
1,1.000000,2,1,-0.581929,0.533606,52.981674,54.424629,54.660858
3,1.000000,3,4,1.094692,0.000000,48.330730,47.195652,47.266846
0,1.000000,1,0,0.533606,0.000002,61.667259,57.302364,56.827774
2,1.200000,2,3,-0.727651,1.394693,59.417809,56.995808,57.409927
1,1.200000,2,1,-0.727651,0.630863,55.879734,53.579811,55.083893
3,1.200000,3,4,1.394693,0.000000,55.481129,48.115223,48.271183
0,1.200000,1,0,0.630863,0.000002,59.809505,58.202343,56.685417
2,1.400000,2,3,-0.668854,1.570504,60.356297,56.798790,57.247440
1,1.400000,2,1,-0.668854,0.672782,56.790974,53.631195,55.055035
3,1.400000,3,4,1.570504,0.000000,53.262665,49.722298,48.819298
0,1.400000,1,0,0.672782,0.000002,53.653988,56.219013,56.623482
2,1.600000,2,3,-0.651979,1.704137,54.167049,56.987209,57.082851
1,1.600000,2,1,-0.651979,0.591656,55.943726,53.939320,54.885937
3,1.600000,3,4,1.704137,0.000000,47.449776,49.886883,49.218163
0,1.600000,1,0,0.591656,0.000003,59.539742,55.855061,56.743034
2,1.800000,2,3,-0.755029,1.800525,55.809929,56.018555,56.795807
1,1.800000,2,1,-0.755029,0.539482,49.432556,53.428123,54.974052
3,1.800000,3,4,1.800525,0.000000,43.959690,48.878696,49.497025
0,1.800000,1,0,0.539482,0.000003,60.956707,56.490524,56.819229
2,2.000000,2,3,-0.636454,1.962686,59.922520,56.452911,56.732056
1,2.000000,2,1,-0.636454,0.574190,55.219604,54.103409,54.828415
3,2.000000,3,4,1.962686,0.000000,53.212925,51.520687,49.950600
0,2.000000,1,0,0.574190,0.000004,49.153786,56.530106,56.768600
2,2.200000,2,3,-0.718606,2.114252,56.328468,56.258331,56.383652
1,2.200000,2,1,-0.718606,0.725650,53.294823,53.296646,55.229317
3,2.200000,3,4,2.114252,0.000000,48.137417,50.456898,50.358067
0,2.200000,1,0,0.725650,0.000004,60.644485,56.853962,56.544861
2,2.400000,2,3,-0.880271,2.178880,51.815884,55.818966,56.035316
1,2.400000,2,1,-0.880271,0.931289,58.014221,54.268108,55.831165
3,2.400000,3,4,2.178880,0.000000,52.710648,50.445473,50.527271
0,2.400000,1,0,0.931289,0.000004,53.845867,55.191219,56.233513
2,2.600000,2,3,-0.817967,2.174735,52.748848,55.290604,56.138763
1,2.600000,2,1,-0.817967,0.996874,58.362282,55.042683,55.836395
3,2.600000,3,4,2.174735,0.000000,50.075413,50.450588,50.516499
0,2.600000,1,0,0.996874,0.000005,56.913750,54.184185,56.132309
2,2.800000,2,3,-0.786901,2.263597,56.163723,55.212795,56.048843
1,2.800000,2,1,-0.786901,1.069869,52.869034,55.064373,55.902992
3,2.800000,3,4,2.263597,0.000000,54.861084,51.125359,50.745148
0,2.800000,1,0,1.069869,0.000005,54.231888,54.332577,56.018543
2,3.000000,2,3,-0.829263,2.311097,57.535645,55.922039,55.907532
1,3.000000,2,1,-0.829263,1.063226,55.343544,55.096291,55.959404
3,3.000000,3,4,2.311097,0.000000,56.848145,50.869545,50.865421
0,3.000000,1,0,1.063226,0.000005,50.768917,54.192924,56.028946
2,3.200000,2,3,-0.840781,2.407807,52.519356,55.838196,55.734863
1,3.200000,2,1,-0.840781,1.123268,55.729141,56.296185,56.071545
3,3.200000,3,4,2.407807,0.000000,58.201553,51.569828,51.106258
0,3.200000,1,0,1.123268,0.000006,55.795132,54.537460,55.934563
2,3.400000,2,3,-0.901603,2.568060,57.301788,55.072800,55.373390
1,3.400000,2,1,-0.901603,0.974701,57.540051,55.896812,55.933876
3,3.400000,3,4,2.568060,0.000000,53.312893,51.722324,51.493942
0,3.400000,1,0,0.974701,0.000006,53.777908,54.171318,56.166630
2,3.600000,2,3,-0.886468,2.590534,56.436424,54.823502,55.361183
1,3.600000,2,1,-0.886468,0.932665,54.348671,55.982674,55.843231
3,3.600000,3,4,2.590534,0.000000,51.160126,51.481754,51.547218
0,3.600000,1,0,0.932665,0.000006,57.283386,54.553101,56.231400
2,3.800000,2,3,-0.824336,2.874431,53.643848,53.552261,54.985641
1,3.800000,2,1,-0.824336,1.019792,51.155945,55.280804,55.882954
3,3.800000,3,4,2.874431,0.000000,50.150364,50.954674,52.198666
0,3.800000,1,0,1.019792,0.000007,54.213749,55.509857,56.096718
2,4.000000,2,3,-0.885038,2.781777,59.968636,52.520844,55.040554
1,4.000000,2,1,-0.885038,0.950113,56.781647,55.323063,55.868706
3,4.000000,3,4,2.781777,0.000000,46.527645,53.808315,51.990322
0,4.000000,1,0,0.950113,0.000007,56.183067,54.712402,56.204567
2,4.200000,2,3,-0.650407,2.879540,52.476143,53.362560,55.272697
1,4.200000,2,1,-0.650407,0.949779,48.737591,55.612228,55.488907
3,4.200000,3,4,2.879540,0.000000,57.050945,53.068485,52.210037
0,4.200000,1,0,0.949779,0.000007,58.175568,55.529305,56.205078
2,4.400000,2,3,-0.531118,2.933192,56.052658,54.172676,55.382286
1,4.400000,2,1,-0.531118,0.783258,56.005074,54.418652,55.008263
3,4.400000,3,4,2.933192,0.000000,51.605515,51.154388,52.328758
0,4.400000,1,0,0.783258,0.000008,59.013176,55.479237,56.458542
2,4.600000,2,3,-0.652099,3.043642,57.860085,53.569405,54.990852
1,4.600000,2,1,-0.652099,0.762796,50.838005,53.431049,55.179741
3,4.600000,3,4,3.043642,0.000000,47.669937,51.795441,52.569138
0,4.600000,1,0,0.762796,0.000008,57.389565,55.200626,56.489281
2,4.800000,2,3,-0.656933,3.011705,54.529675,53.894882,55.037430
1,4.800000,2,1,-0.656933,0.764713,53.663406,54.538517,55.191158
3,4.800000,3,4,3.011705,0.000000,51.036736,52.912758,52.500175
0,4.800000,1,0,0.764713,0.000008,56.762856,55.539558,56.486404
2,5.000000,2,3,-0.730332,3.046815,53.725681,54.715855,54.849739
1,5.000000,2,1,-0.730332,0.793485,56.568966,54.798931,55.362545
3,5.000000,3,4,3.046815,0.000000,49.977718,52.470097,52.575966
0,5.000000,1,0,0.793485,0.000009,55.365257,55.452457,56.443146
2,5.200000,2,3,-0.553548,3.035328,59.586636,54.526016,55.173355
1,5.200000,2,1,-0.553548,0.894818,53.878704,55.195648,55.236244
3,5.200000,3,4,3.035328,0.000000,55.385654,53.320221,52.551224
0,5.200000,1,0,0.894818,0.000009,54.872536,56.246235,56.289394
2,5.400000,2,3,-0.673422,3.030540,58.063465,55.021179,54.976685
1,5.400000,2,1,-0.673422,1.117893,59.131657,55.315987,55.798847
3,5.400000,3,4,3.030540,0.000000,54.582623,52.126266,52.540897
0,5.400000,1,0,1.117893,0.000010,55.281479,56.092136,55.943050
2,5.600000,2,3,-0.721052,3.114226,57.016636,54.406197,54.747837
1,5.600000,2,1,-0.721052,1.111101,56.518616,55.678551,55.863941
3,5.600000,3,4,3.114226,0.000000,56.162937,53.086151,52.720016
0,5.600000,1,0,1.111101,0.000010,53.215908,56.244862,55.953758
2,5.800000,2,3,-0.615548,3.026799,55.805706,54.335186,55.082420
1,5.800000,2,1,-0.615548,1.133413,48.174103,55.839077,55.730923
3,5.800000,3,4,3.026799,0.000000,51.893356,52.331062,52.532822
0,5.800000,1,0,1.133413,0.000010,59.937305,55.328899,55.918541
2,6.000000,2,3,-0.440998,3.108447,57.217056,55.039536,55.239929
1,6.000000,2,1,-0.440998,1.054376,56.906792,55.744358,55.315102
3,6.000000,3,4,3.108447,0.000000,55.370220,53.251080,52.707741
0,6.000000,1,0,1.054376,0.000011,50.957123,55.753601,56.042801
2,6.200000,2,3,-0.241223,3.215823,53.800243,55.455093,55.394348
1,6.200000,2,1,-0.241223,1.030435,55.217609,54.939259,54.934559
3,6.200000,3,4,3.215823,0.000000,55.093372,52.339436,52.933567
0,6.200000,1,0,1.030435,0.000011,52.982552,55.472614,56.080158
2,6.400000,2,3,-0.264767,3.302680,58.450703,54.514359,55.209583
1,6.400000,2,1,-0.264767,1.113459,55.884224,54.243042,55.117496
3,6.400000,3,4,3.302680,0.000000,50.271156,53.251453,53.112865
0,6.400000,1,0,1.113459,0.000011,53.560505,55.637550,55.950047
2,6.600000,2,3,-0.400711,3.144320,60.372711,53.861938,55.247353
1,6.600000,2,1,-0.400711,1.146746,50.875046,54.003815,55.401817
3,6.600000,3,4,3.144320,0.000000,58.372765,52.042416,52.783707
0,6.600000,1,0,1.146746,0.000012,56.581173,55.843460,55.897438
2,6.800000,2,3,-0.433734,3.136562,54.720749,54.249969,55.204773
1,6.800000,2,1,-0.433734,1.102210,57.392147,54.485031,55.382710
3,6.800000,3,4,3.136562,0.000000,57.930374,52.864643,52.767326
0,6.800000,1,0,1.102210,0.000012,60.754219,55.398415,55.967766
2,7.000000,2,3,-0.442946,3.150704,53.371319,53.927246,55.165268
1,7.000000,2,1,-0.442946,1.060625,48.427635,54.575512,55.328796
3,7.000000,3,4,3.150704,0.000000,54.780212,52.161785,52.797173
0,7.000000,1,0,1.060625,0.000012,55.686390,55.530704,56.033028
2,7.200000,2,3,-0.356896,3.257520,55.717804,53.613579,55.130013
1,7.200000,2,1,-0.356896,1.088293,56.031116,54.153683,55.230892
3,7.200000,3,4,3.257520,0.000000,53.524017,54.369339,53.020012
0,7.200000,1,0,1.088293,0.000013,59.540234,55.288860,55.989655
2,7.400000,2,3,-0.328744,3.199758,58.188400,53.825520,55.275120
1,7.400000,2,1,-0.328744,1.233748,54.037685,53.715038,55.426720
3,7.400000,3,4,3.199758,0.000000,58.671371,52.831539,52.900078
0,7.400000,1,0,1.233748,0.000013,53.070999,55.365307,55.758724
2,7.600000,2,3,-0.433506,3.147303,56.964561,54.007156,55.187008
1,7.600000,2,1,-0.433506,1.250825,51.899719,53.659229,55.626450
3,7.600000,3,4,3.147303,0.000000,59.452839,51.747868,52.790001
0,7.600000,1,0,1.250825,0.000013,47.087570,55.215515,55.731289
2,7.800000,2,3,-0.491477,3.233919,53.404099,54.164543,54.939659
1,7.800000,2,1,-0.491477,1.156685,60.831974,54.556435,55.567543
3,7.800000,3,4,3.233919,0.000000,46.822109,52.723648,52.971169
0,7.800000,1,0,1.156685,0.000014,51.221138,55.737049,55.881683
2,8.000000,2,3,-0.541490,3.196945,54.998505,53.666000,54.917072
1,8.000000,2,1,-0.541490,0.977286,54.018288,54.342346,55.354149
3,8.000000,3,4,3.196945,0.000000,56.477665,53.240845,52.894203
0,8.000000,1,0,0.977286,0.000014,58.648674,55.872890,56.162647
2,8.200000,2,3,-0.476869,3.116511,57.022232,53.906559,55.165726
1,8.200000,2,1,-0.476869,1.077256,62.859703,54.046757,55.412865
3,8.200000,3,4,3.116511,0.000000,52.596172,53.066429,52.724861
0,8.200000,1,0,1.077256,0.000015,56.818047,56.300159,56.006981
2,8.400000,2,3,-0.355925,3.238419,55.239777,53.766716,55.164093
1,8.400000,2,1,-0.355925,1.115026,53.871861,53.975262,55.274200
3,8.400000,3,4,3.238419,0.000000,51.471622,52.785473,52.980495
0,8.400000,1,0,1.115026,0.000015,55.200027,55.799767,55.947578
2,8.600000,2,3,-0.512550,3.235917,55.732967,53.215340,54.899662
1,8.600000,2,1,-0.512550,1.180609,56.468819,53.895287,55.640778
3,8.600000,3,4,3.235917,0.000000,50.470547,51.755802,52.975311
0,8.600000,1,0,1.180609,0.000015,53.812580,54.999039,55.843666
2,8.800000,2,3,-0.515406,3.319793,51.981487,53.615974,54.747978
1,8.800000,2,1,-0.515406,1.296487,56.872513,54.577168,55.831696
3,8.800000,3,4,3.319793,0.000000,56.668026,51.302151,53.147842
0,8.800000,1,0,1.296487,0.000016,52.722576,54.907391,55.657585
2,9.000000,2,3,-0.516569,3.310469,51.911095,53.652237,54.762337
1,9.000000,2,1,-0.516569,1.358868,52.001991,54.349686,55.932510
3,9.000000,3,4,3.310469,0.000000,56.940495,54.654785,53.128799
0,9.000000,1,0,1.358868,0.000016,56.720539,54.907486,55.556076
2,9.200000,2,3,-0.538209,3.255753,55.709099,53.485928,54.820362
1,9.200000,2,1,-0.538209,1.455785,62.401833,54.766682,56.118130
3,9.200000,3,4,3.255753,0.000000,50.190434,53.071114,53.016365
0,9.200000,1,0,1.455785,0.000016,53.667377,54.940899,55.396469
2,9.400000,2,3,-0.438226,3.271582,55.680340,54.447338,54.966599
1,9.400000,2,1,-0.438226,1.523967,61.143970,55.202545,56.068649
3,9.400000,3,4,3.271582,0.000000,50.219673,53.623848,53.049011
0,9.400000,1,0,1.523967,0.000017,59.891411,54.731464,55.282753
2,9.600000,2,3,-0.383822,3.392670,57.163094,54.619144,54.850880
1,9.600000,2,1,-0.383822,1.571207,52.603161,55.032043,56.057472
3,9.600000,3,4,3.392670,0.000000,53.455334,52.682930,53.295563
0,9.600000,1,0,1.571207,0.000017,53.431503,54.428589,55.203262
2,9.800000,2,3,-0.470530,3.475309,55.750427,55.127899,54.551350
1,9.800000,2,1,-0.470530,1.638082,62.706245,54.999271,56.294617
3,9.800000,3,4,3.475309,0.000000,51.341244,54.803333,53.460667
0,9.800000,1,0,1.638082,0.000017,57.648800,54.638111,55.089729
2,10.000000,2,3,-0.310940,3.345934,61.071205,55.026718,55.057583
1,10.000000,2,1,-0.310940,1.583430,57.552502,56.273838,55.962364
3,10.000000,3,4,3.345934,0.000000,52.102058,53.695679,53.201061
0,10.000000,1,0,1.583430,0.000018,56.917290,53.830353,55.182602
2,10.200000,2,3,-0.227867,3.243435,60.594254,55.813629,55.370667
1,10.200000,2,1,-0.227867,1.661881,59.595398,55.408165,55.955082
3,10.200000,3,4,3.243435,0.000000,53.470699,54.482403,52.990891
0,10.200000,1,0,1.661881,0.000018,55.682755,54.741291,55.049042
2,10.400000,2,3,-0.173892,3.223247,54.789879,56.095146,55.493301
1,10.400000,2,1,-0.173892,1.659878,54.409714,54.831867,55.866508
3,10.400000,3,4,3.223247,0.000000,52.409958,52.090954,52.949009
0,10.400000,1,0,1.659878,0.000018,53.884140,54.864445,55.052475
2,10.600000,2,3,-0.174475,3.313365,52.690220,55.203518,55.343124
1,10.600000,2,1,-0.174475,1.698159,61.058441,55.086758,55.928078
3,10.600000,3,4,3.313365,0.000000,50.398819,53.229336,53.134720
0,10.600000,1,0,1.698159,0.000019,57.189743,55.444057,54.986717
2,10.800000,2,3,-0.156366,3.402600,51.463970,54.836128,55.223892
1,10.800000,2,1,-0.156366,1.769077,57.920116,55.098854,56.011189
3,10.800000,3,4,3.402600,0.000000,57.388626,52.675404,53.315533
0,10.800000,1,0,1.769077,0.000019,52.892269,54.833309,54.863846
2,11.000000,2,3,-0.215136,3.386531,52.292900,54.469372,55.151672
1,11.000000,2,1,-0.215136,1.757607,54.942051,55.043819,56.085091
3,11.000000,3,4,3.386531,0.000000,53.775864,54.707951,53.283195
0,11.000000,1,0,1.757607,0.000019,50.297417,54.294491,54.883812
2,11.200000,2,3,-0.208978,3.354445,54.850040,54.672016,55.216373
1,11.200000,2,1,-0.208978,1.838883,58.045818,55.269253,56.201431
3,11.200000,3,4,3.354445,0.000000,57.296284,53.929806,53.218334
0,11.200000,1,0,1.838883,0.000020,54.406654,54.681549,54.741524
2,11.400000,2,3,-0.043466,3.302980,58.839916,55.611938,55.576340
1,11.400000,2,1,-0.043466,1.838231,53.531635,55.284855,55.942390
3,11.400000,3,4,3.302980,0.000000,54.758179,54.439499,53.113480
0,11.400000,1,0,1.838231,0.000020,53.755806,55.000778,54.742672
2,11.600000,2,3,0.125974,3.285100,52.033295,55.844070,55.877789
1,11.600000,2,1,0.125974,1.878709,52.063889,55.559929,55.736992
3,11.600000,3,4,3.285100,0.000000,55.966679,53.177711,53.076813
0,11.600000,1,0,1.878709,0.000021,56.227020,55.355179,54.671112
2,11.800000,2,3,0.210033,3.312648,55.669628,56.999378,55.967110
1,11.800000,2,1,0.210033,1.826025,53.134190,55.326180,55.514874
3,11.800000,3,4,3.312648,0.000000,50.572762,53.584900,53.133255
0,11.800000,1,0,1.826025,0.000021,53.819561,54.924053,54.764160
2,12.000000,2,3,0.148688,3.353120,53.323547,56.623234,55.805645
1,12.000000,2,1,0.148688,1.823157,48.906441,55.504726,55.610420
3,12.000000,3,4,3.353120,0.000000,53.142952,53.477646,53.215645
0,12.000000,1,0,1.823157,0.000021,52.924145,55.198277,54.769203
2,12.200000,2,3,0.112527,3.453216,56.860443,56.458366,55.585732
1,12.200000,2,1,0.112527,1.749953,57.522560,55.567516,55.549992
3,12.200000,3,4,3.453216,0.000000,49.183983,52.196175,53.416771
0,12.200000,1,0,1.749953,0.000022,60.808376,55.319725,54.897118
2,12.400000,2,3,-0.065276,3.430728,54.321182,55.765388,55.329506
1,12.400000,2,1,-0.065276,1.684561,58.227646,54.998962,55.732330
3,12.400000,3,4,3.430728,0.000000,50.023190,54.444988,53.371910
0,12.400000,1,0,1.684561,0.000022,56.671902,55.307011,55.010124
2,12.600000,2,3,0.093025,3.483726,51.018055,55.629410,55.503883
1,12.600000,2,1,0.093025,1.556286,57.850731,54.897598,55.261292
3,12.600000,3,4,3.483726,0.000000,55.130089,53.855762,53.477341
0,12.600000,1,0,1.556286,0.000022,55.528702,55.131790,55.228447
2,12.800000,2,3,0.171279,3.589507,56.401791,55.112019,55.458572
1,12.800000,2,1,0.171279,1.438097,59.597168,54.562397,54.926178
3,12.800000,3,4,3.589507,0.000000,49.299145,53.279671,53.684769
0,12.800000,1,0,1.438097,0.000023,56.859207,55.423004,55.425781
2,13.000000,2,3,-0.127074,3.698418,56.682709,54.500069,54.765060
1,13.000000,2,1,-0.127074,1.391423,57.279022,54.467274,55.353683
3,13.000000,3,4,3.698418,0.000000,51.512436,55.127132,53.894272
0,13.000000,1,0,1.391423,0.000023,57.092354,55.393665,55.502739
2,13.200000,2,3,-0.110214,3.808785,51.504005,53.629951,54.599377
1,13.200000,2,1,-0.110214,1.445995,57.460541,55.792629,55.416321
3,13.200000,3,4,3.808785,0.000000,52.591805,53.774235,54.102531
0,13.200000,1,0,1.445995,0.000023,54.545132,55.365097,55.412708
2,13.400000,2,3,-0.074449,3.843282,56.313808,52.851734,54.601639
1,13.400000,2,1,-0.074449,1.415103,54.978901,55.458141,55.305367
3,13.400000,3,4,3.843282,0.000000,57.325951,54.179592,54.166817
0,13.400000,1,0,1.415103,0.000024,58.994240,55.133564,55.463764
2,13.600000,2,3,-0.001121,3.762037,60.403343,52.930679,54.874119
1,13.600000,2,1,-0.001121,1.353731,54.105576,55.467072,55.077637
3,13.600000,3,4,3.762037,0.000000,51.228027,52.945633,54.014809
0,13.600000,1,0,1.353731,0.000024,58.815014,55.066914,55.564487
2,13.800000,2,3,0.051856,3.765620,54.753002,53.838562,54.959770
1,13.800000,2,1,0.051856,1.219629,55.610550,54.928371,54.753212
3,13.800000,3,4,3.765620,0.000000,55.146187,53.948307,54.021553
0,13.800000,1,0,1.219629,0.000024,55.609001,55.205711,55.781372
2,14.000000,2,3,-0.027546,3.691379,59.876949,53.848751,54.950851
1,14.000000,2,1,-0.027546,1.344049,54.747608,55.569782,55.106201
3,14.000000,3,4,3.691379,0.000000,58.267582,54.673569,53.880852
0,14.000000,1,0,1.344049,0.000025,57.802101,55.370548,55.580292
2,14.200000,2,3,0.049572,3.718350,55.963078,53.515499,55.037186
1,14.200000,2,1,0.049572,1.321176,53.530674,57.008347,54.934464
3,14.200000,3,4,3.718350,0.000000,53.171196,53.908558,53.932182
0,14.200000,1,0,1.321176,0.000025,55.136642,54.717926,55.617542
2,14.400000,2,3,-0.006785,3.740625,55.148499,53.408001,54.901497
1,14.400000,2,1,-0.006785,1.252281,55.897877,57.601177,54.912739
3,14.400000,3,4,3.740625,0.000000,55.906342,54.040714,53.974388
0,14.400000,1,0,1.252281,0.000026,49.616589,54.682411,55.728966
2,14.600000,2,3,-0.013870,3.690979,54.025181,53.573277,54.975155
1,14.600000,2,1,-0.013870,1.302895,50.873528,57.828903,55.012367
3,14.600000,3,4,3.690979,0.000000,52.784462,53.674854,53.880089
0,14.600000,1,0,1.302895,0.000026,53.967445,54.970558,55.647217
2,14.800000,2,3,-0.209984,3.621083,52.993855,53.881996,54.755249
1,14.800000,2,1,-0.209984,1.335653,50.289993,57.232754,55.398796
3,14.800000,3,4,3.621083,0.000000,53.893826,53.468651,53.745926
0,14.800000,1,0,1.335653,0.000026,53.277809,55.012123,55.593983
2,15.000000,2,3,-0.179154,3.525216,58.343227,53.374237,54.975983
1,15.000000,2,1,-0.179154,1.391157,59.163174,57.644814,55.439648
3,15.000000,3,4,3.525216,0.000000,50.621960,54.314724,53.559174
0,15.000000,1,0,1.391157,0.000027,51.115391,55.671089,55.503181
2,15.200000,2,3,-0.354631,3.682882,57.672844,53.083248,54.385685
1,15.200000,2,1,-0.354631,1.560186,58.848083,58.117954,55.994514
3,15.200000,3,4,3.682882,0.000000,50.214752,54.661682,53.864632
0,15.200000,1,0,1.560186,0.000027,57.859169,55.378479,55.221878
2,15.400000,2,3,-0.384108,3.636456,55.405640,52.659828,54.416504
1,15.400000,2,1,-0.384108,1.689680,55.222790,58.614101,56.241302
3,15.400000,3,4,3.636456,0.000000,51.995811,52.988098,53.775578
0,15.400000,1,0,1.689680,0.000027,54.898174,54.442890,55.001331
2,15.600000,2,3,-0.225528,3.764654,55.271286,52.526321,54.471535
1,15.600000,2,1,-0.225528,1.769938,55.429752,58.604462,56.120415
3,15.600000,3,4,3.764654,0.000000,53.364941,54.621387,54.019737
0,15.600000,1,0,1.769938,0.000028,61.334354,54.793224,54.862358
2,15.800000,2,3,-0.200209,3.698299,56.688721,52.363533,54.635902
1,15.800000,2,1,-0.200209,1.683408,56.973610,57.639320,55.945419
3,15.800000,3,4,3.698299,0.000000,51.146832,53.719200,53.894047
0,15.800000,1,0,1.683408,0.000028,55.817108,54.564209,55.012119
2,16.000000,2,3,-0.179567,3.761736,53.224323,52.616100,54.559479
1,16.000000,2,1,-0.179567,1.529732,56.680737,57.024113,55.666931
3,16.000000,3,4,3.761736,0.000000,58.204369,52.503674,54.014240
0,16.000000,1,0,1.529732,0.000028,52.694305,54.835381,55.273106
2,16.200000,2,3,-0.161283,3.836680,54.000286,53.359753,54.457466
1,16.200000,2,1,-0.161283,1.489073,57.525528,56.715023,55.571121
3,16.200000,3,4,3.836680,0.000000,47.970085,53.920593,54.154541
0,16.200000,1,0,1.489073,0.000029,56.505852,54.833817,55.341118
2,16.400000,2,3,-0.215989,3.956522,53.195107,53.963654,54.137039
1,16.400000,2,1,-0.215989,1.277049,60.663315,55.583908,55.311199
3,16.400000,3,4,3.956522,0.000000,55.436699,55.201107,54.375198
0,16.400000,1,0,1.277049,0.000029,52.862297,54.195389,55.689045
2,16.600000,2,3,-0.294772,4.075315,54.722172,53.807720,53.762543
1,16.600000,2,1,-0.294772,1.117760,56.698841,54.345764,55.175739
3,16.600000,3,4,4.075315,0.000000,51.674728,53.876900,54.589584
0,16.600000,1,0,1.117760,0.000029,51.942238,54.755928,55.943291
2,16.800000,2,3,-0.217669,4.129008,48.927151,53.633759,53.807594
1,16.800000,2,1,-0.217669,1.118304,59.743446,54.579620,55.045334
3,16.800000,3,4,4.129008,0.000000,53.363232,54.877556,54.685112
0,16.800000,1,0,1.118304,0.000030,54.523235,54.881977,55.942432
2,17.000000,2,3,-0.168185,4.114142,54.071033,53.408726,53.930481
1,17.000000,2,1,-0.168185,1.167990,54.434830,54.764332,55.045677
3,17.000000,3,4,4.114142,0.000000,54.929646,55.217018,54.658749
0,17.000000,1,0,1.167990,0.000030,52.803356,55.149826,55.863762
2,17.200000,2,3,-0.206433,4.155993,58.572289,52.664982,53.777306
1,17.200000,2,1,-0.206433,1.046735,54.927559,54.500778,54.902504
3,17.200000,3,4,4.155993,0.000000,53.646641,54.864700,54.732807
0,17.200000,1,0,1.046735,0.000030,58.511105,54.720779,56.054768
2,17.400000,2,3,-0.197729,4.120668,48.115189,53.224785,53.861771
1,17.400000,2,1,-0.197729,1.016602,51.806480,54.302521,54.834862
3,17.400000,3,4,4.120668,0.000000,51.979328,54.583435,54.670334
0,17.400000,1,0,1.016602,0.000031,62.808563,55.109436,56.101719
2,17.600000,2,3,-0.252517,4.100304,54.609962,53.730782,53.795788
1,17.600000,2,1,-0.252517,1.048078,53.313210,53.869274,54.984539
3,17.600000,3,4,4.100304,0.000000,51.772575,54.624458,54.634148
0,17.600000,1,0,1.048078,0.000031,52.628784,55.392666,56.052673
2,17.800000,2,3,-0.135226,4.047856,52.308266,53.856396,54.117325
1,17.800000,2,1,-0.135226,1.012600,52.592255,53.919548,54.718040
3,17.800000,3,4,4.047856,0.000000,57.194256,55.092098,54.540405
0,17.800000,1,0,1.012600,0.000032,51.680046,54.751244,56.107941
2,18.000000,2,3,-0.229583,4.021470,56.122917,54.097420,53.989708
1,18.000000,2,1,-0.229583,1.235555,46.952850,54.539112,55.264446
3,18.000000,3,4,4.021470,0.000000,55.026192,54.022377,54.492935
0,18.000000,1,0,1.235555,0.000032,54.712284,55.384830,55.755852
2,18.200000,2,3,-0.202092,3.988290,53.987350,54.081398,54.103691
1,18.200000,2,1,-0.202092,1.163617,57.594372,54.631458,55.096169
3,18.200000,3,4,3.988290,0.000000,58.912231,54.590038,54.432945
0,18.200000,1,0,1.163617,0.000032,57.280468,55.208569,55.870712
2,18.400000,2,3,-0.031653,3.921658,55.998432,54.355473,54.537941
1,18.400000,2,1,-0.031653,1.241737,56.704224,54.385464,54.937553
3,18.400000,3,4,3.921658,0.000000,55.269093,55.674191,54.311466
0,18.400000,1,0,1.241737,0.000033,56.750015,56.027439,55.745930
2,18.600000,2,3,-0.162168,3.934587,53.038303,53.959396,54.277267
1,18.600000,2,1,-0.162168,1.358174,56.070461,54.152294,55.356758
3,18.600000,3,4,3.934587,0.000000,58.029667,53.593723,54.335144
0,18.600000,1,0,1.358174,0.000033,53.491585,56.225761,55.557243
2,18.800000,2,3,-0.175896,3.901214,55.177128,53.845520,54.313339
1,18.800000,2,1,-0.175896,1.382590,52.445923,55.125675,55.420090
3,18.800000,3,4,3.901214,0.000000,53.605442,55.801941,54.273922
0,18.800000,1,0,1.382590,0.000033,59.971680,55.581936,55.517258
2,19.000000,2,3,-0.216979,3.864555,54.101791,54.366528,54.305229
1,19.000000,2,1,-0.216979,1.372758,54.803040,54.946957,55.471703
3,19.000000,3,4,3.864555,0.000000,54.872238,53.714832,54.206268
0,19.000000,1,0,1.372758,0.000034,60.063282,55.234669,55.533379
2,19.200000,2,3,-0.212184,3.841394,52.947590,54.064342,54.356392
1,19.200000,2,1,-0.212184,1.209223,51.250179,54.676868,55.190758
3,19.200000,3,4,3.841394,0.000000,55.677261,54.665707,54.163307
0,19.200000,1,0,1.209223,0.000034,55.736431,55.115139,55.798042
2,19.400000,2,3,-0.088177,3.860443,53.393059,53.942520,54.546360
1,19.400000,2,1,-0.088177,1.257197,55.890068,53.843517,55.061432
3,19.400000,3,4,3.860443,0.000000,55.410099,54.292870,54.198654
0,19.400000,1,0,1.257197,0.000034,56.903625,56.006157,55.721066
2,19.600000,2,3,-0.221141,3.921874,51.168945,53.963200,54.191853
1,19.600000,2,1,-0.221141,1.254805,55.463764,53.478615,55.282581
3,19.600000,3,4,3.921874,0.000000,55.284130,54.386478,54.311863
0,19.600000,1,0,1.254805,0.000035,53.342827,55.701488,55.724918
2,19.800000,2,3,-0.062935,3.963975,56.058605,53.655067,54.404976
1,19.800000,2,1,-0.062935,1.359630,54.413120,54.508343,55.192711
3,19.800000,3,4,3.963975,0.000000,55.401688,53.515709,54.388775
0,19.800000,1,0,1.359630,0.000035,52.974586,55.553650,55.554863
2,20.000000,2,3,-0.049087,4.016733,55.098362,53.269726,54.334015
1,20.000000,2,1,-0.049087,1.375725,52.934147,53.707214,55.196510
3,20.000000,3,4,4.016733,0.000000,55.116573,54.719975,54.484390
0,20.000000,1,0,1.375725,0.000035,51.214844,55.198158,55.528519
2,20.200000,2,3,-0.045112,3.891181,57.946232,54.111870,54.568455
1,20.200000,2,1,-0.045112,1.390679,56.183811,54.466415,55.215050
3,20.200000,3,4,3.891181,0.000000,56.148861,53.937187,54.255447
0,20.200000,1,0,1.390679,0.000036,55.118851,55.785427,55.503979
2,20.400000,2,3,-0.083570,3.827906,46.789501,54.922363,54.612801
1,20.400000,2,1,-0.083570,1.275422,51.921967,54.908897,55.084709
3,20.400000,3,4,3.827906,0.000000,49.345444,53.323376,54.138210
0,20.400000,1,0,1.275422,0.000036,59.512959,56.005703,55.691685
2,20.600000,2,3,-0.057156,3.758500,57.549561,54.840527,54.782341
1,20.600000,2,1,-0.057156,1.255092,59.406071,54.450699,55.004601
3,20.600000,3,4,3.758500,0.000000,50.018417,54.480305,54.008141
0,20.600000,1,0,1.255092,0.000037,56.307396,56.182007,55.724457
2,20.800000,2,3,-0.060473,3.741179,53.548401,54.535149,54.806900
1,20.800000,2,1,-0.060473,1.237230,53.561852,53.845768,54.979553
3,20.800000,3,4,3.741179,0.000000,47.099899,52.936069,53.975437
0,20.800000,1,0,1.237230,0.000037,51.859074,56.149261,55.753174
2,21.000000,2,3,-0.130156,3.797870,54.122059,54.320854,54.583248
1,21.000000,2,1,-0.130156,1.199167,52.787415,53.988953,55.033932
3,21.000000,3,4,3.797870,0.000000,55.551010,52.819508,54.082115
0,21.000000,1,0,1.199167,0.000037,57.766617,56.133648,55.814110
2,21.200000,2,3,-0.184383,3.849431,61.059456,53.803497,54.392418
1,21.200000,2,1,-0.184383,1.234445,56.056526,53.961674,55.186394
3,21.200000,3,4,3.849431,0.000000,51.110172,54.648472,54.178234
0,21.200000,1,0,1.234445,0.000038,58.387070,55.895710,55.757645
2,21.400000,2,3,-0.165859,3.902041,53.885185,53.954723,54.330212
1,21.400000,2,1,-0.165859,1.143907,59.656895,54.294655,55.000328
3,21.400000,3,4,3.902041,0.000000,56.155186,54.362541,54.275444
0,21.400000,1,0,1.143907,0.000038,58.311283,56.016609,55.901978
2,21.600000,2,3,-0.067012,3.832233,53.390839,53.748116,54.634590
1,21.600000,2,1,-0.067012,1.142670,49.791672,54.978085,54.826733
3,21.600000,3,4,3.832233,0.000000,52.898388,54.642094,54.146271
0,21.600000,1,0,1.142670,0.000038,56.672226,56.068806,55.903938
2,21.800000,2,3,-0.156134,3.941902,53.869965,53.807926,54.274918
1,21.800000,2,1,-0.156134,1.070596,60.371189,55.441753,54.856499
3,21.800000,3,4,3.941902,0.000000,52.732414,54.593384,54.348518
0,21.800000,1,0,1.070596,0.000039,57.189014,56.028179,56.017456
2,22.000000,2,3,-0.213310,3.800113,56.818150,52.817383,54.429466
1,22.000000,2,1,-0.213310,1.108849,57.668633,55.797573,55.021637
3,22.000000,3,4,3.800113,0.000000,50.690617,52.760395,54.086311
0,22.000000,1,0,1.108849,0.000039,58.734608,55.659267,55.957355
2,22.200000,2,3,-0.246254,3.772957,54.811565,52.992290,54.418961
1,22.200000,2,1,-0.246254,1.234889,54.101070,56.567898,55.291290
3,22.200000,3,4,3.772957,0.000000,57.656673,54.440582,54.035362
0,22.200000,1,0,1.234889,0.000039,59.264038,55.686516,55.756935
2,22.400000,2,3,-0.143088,3.821789,58.005024,53.394382,54.517151
1,22.400000,2,1,-0.143088,1.233307,54.745613,57.777374,55.114380
3,22.400000,3,4,3.821789,0.000000,55.679760,54.126133,54.126808
0,22.400000,1,0,1.233307,0.000040,57.726318,55.259537,55.759476
2,22.600000,2,3,-0.283277,3.969175,50.069702,53.188080,53.987068
1,22.600000,2,1,-0.283277,1.053163,50.659500,56.821136,55.046135
3,22.600000,3,4,3.969175,0.000000,52.623158,55.230652,54.398235
0,22.600000,1,0,1.053163,0.000040,52.008892,55.518261,56.044739
2,22.800000,2,3,-0.285504,3.980638,52.293243,52.151920,53.961174
1,22.800000,2,1,-0.285504,1.178086,59.466171,57.085556,55.261845
3,22.800000,3,4,3.980638,0.000000,53.800861,54.104012,54.419064
0,22.800000,1,0,1.178086,0.000040,58.789494,56.121906,55.847717
2,23.000000,2,3,-0.349911,4.008160,52.748413,52.498711,53.785690
1,23.000000,2,1,-0.349911,1.219319,55.970257,57.621742,55.437859
3,23.000000,3,4,4.008160,0.000000,53.581043,54.394161,54.468910
0,23.000000,1,0,1.219319,0.000041,57.874386,55.581100,55.781898
2,23.200000,2,3,-0.229374,4.031374,54.496017,52.510956,53.971382
1,23.200000,2,1,-0.229374,1.170355,56.798962,57.631252,55.154037
3,23.200000,3,4,4.031374,0.000000,57.157265,55.036068,54.510780
0,23.200000,1,0,1.170355,0.000041,58.788242,56.327457,55.860016
2,23.400000,2,3,-0.232872,4.107554,53.482162,52.343628,53.819595
1,23.400000,2,1,-0.232872,1.062525,50.335957,56.541298,54.975578
3,23.400000,3,4,4.107554,0.000000,50.315380,54.925854,54.647045
0,23.400000,1,0,1.062525,0.000041,54.877979,56.421272,56.030098
2,23.600000,2,3,-0.334232,4.142040,52.424461,52.439655,53.555809
1,23.600000,2,1,-0.334232,1.175112,51.943180,55.350140,55.338432
3,23.600000,3,4,4.142040,0.000000,54.783966,55.153591,54.708176
0,23.600000,1,0,1.175112,0.000042,59.356968,56.974396,55.852455
2,23.800000,2,3,-0.504539,4.239187,52.282928,52.438324,53.016949
1,23.800000,2,1,-0.504539,1.206907,55.764084,56.096977,55.670403
3,23.800000,3,4,4.239187,0.000000,57.069756,54.693310,54.878548
0,23.800000,1,0,1.206907,0.000042,55.236439,56.897282,55.801758
2,24.000000,2,3,-0.523692,4.133969,57.104176,51.276325,53.193283
1,24.000000,2,1,-0.523692,1.204864,57.293854,56.555218,55.698048
3,24.000000,3,4,4.133969,0.000000,58.035576,53.486153,54.693901
0,24.000000,1,0,1.204864,0.000043,57.479702,56.767838,55.805023
2,24.200000,2,3,-0.483134,4.285009,53.163174,51.310188,52.966396
1,24.200000,2,1,-0.483134,1.249655,55.399994,56.575726,55.704876
3,24.200000,3,4,4.285009,0.000000,61.489971,55.200287,54.957993
0,24.200000,1,0,1.249655,0.000043,52.192329,56.554798,55.733215
2,24.400000,2,3,-0.423328,4.205062,59.664032,50.862995,53.252609
1,24.400000,2,1,-0.423328,1.309356,56.031445,57.459564,55.704704
3,24.400000,3,4,4.205062,0.000000,57.347095,54.978882,54.819004
0,24.400000,1,0,1.309356,0.000043,54.287079,56.813946,55.636765
2,24.600000,2,3,-0.369673,4.046964,52.307499,51.878551,53.672394
1,24.600000,2,1,-0.369673,1.382240,56.172611,57.036369,55.735672
3,24.600000,3,4,4.046964,0.000000,52.292259,53.663563,54.538803
0,24.600000,1,0,1.382240,0.000044,53.917938,56.066872,55.517845
2,24.800000,2,3,-0.411086,4.077011,52.997795,52.899300,53.532539
1,24.800000,2,1,-0.411086,1.474853,57.613106,56.937042,55.949081
3,24.800000,3,4,4.077011,0.000000,53.950718,54.354492,54.592613
0,24.800000,1,0,1.474853,0.000044,56.293560,56.135315,55.364830
2,25.000000,2,3,-0.403948,4.123359,51.550117,52.774704,53.455029
1,25.000000,2,1,-0.403948,1.470798,55.150108,57.209087,55.931416
3,25.000000,3,4,4.123359,0.000000,48.033958,54.658031,54.675102
0,25.000000,1,0,1.470798,0.000044,52.227432,54.974270,55.371574
2,25.200000,2,3,-0.287851,4.112235,50.769215,52.714626,53.704536
1,25.200000,2,1,-0.287851,1.465503,52.433918,57.131927,55.737984
3,25.200000,3,4,4.112235,0.000000,49.401226,55.708256,54.655365
0,25.200000,1,0,1.465503,0.000045,55.102863,54.813126,55.380379
2,25.400000,2,3,-0.229420,4.140845,51.238518,53.069416,53.762199
1,25.400000,2,1,-0.229420,1.420357,61.659397,56.914536,55.570175
3,25.400000,3,4,4.140845,0.000000,53.653900,56.663200,54.706062
0,25.400000,1,0,1.420357,0.000045,55.787228,54.417164,55.455132
2,25.600000,2,3,-0.256633,3.891509,56.540665,53.373352,54.182346
1,25.600000,2,1,-0.256633,1.371948,59.979336,56.699509,55.535515
3,25.600000,3,4,3.891509,0.000000,54.358994,53.059799,54.256050
0,25.600000,1,0,1.371948,0.000045,54.240593,54.402901,55.5