0,0.200000,0,1,0.000000,0.000000,62.443775,NaN,57.577248
3,0.200000,4,3,0.000000,0.000000,41.292770,41.873959,42.529121
2,0.200000,2,3,0.000000,0.000000,57.570736,NaN,60.000000
1,0.200000,2,1,0.000000,0.000000,53.928806,NaN,52.474251
0,0.400000,0,1,0.000001,0.028695,60.256630,NaN,57.538239
3,0.400000,4,3,0.000000,0.300001,48.395645,44.489079,44.045746
2,0.400000,2,3,-0.058530,0.300001,63.051460,NaN,59.603580
1,0.400000,2,1,-0.058530,0.028695,52.435852,NaN,52.662025
0,0.600000,0,1,0.000001,0.177009,58.223118,55.768497,57.334320
3,0.600000,4,3,0.000000,0.600001,47.229820,44.530205,45.376335
2,0.600000,2,3,-0.057627,0.600001,59.152855,62.196522,59.261429
1,0.600000,2,1,-0.057627,0.177009,55.209572,54.040829,52.972160
0,0.800000,0,1,0.000001,0.370781,57.754745,57.171837,57.062004
3,0.800000,4,3,0.000000,0.872121,47.983585,44.800125,46.456703
2,0.800000,2,3,-0.200302,0.872121,54.602032,59.768288,58.768341
1,0.800000,2,1,-0.200302,0.370781,52.113384,53.591858,53.648491
0,1.000000,0,1,0.000002,0.269247,59.135387,56.984184,57.205547
3,1.000000,4,3,0.000000,0.983633,52.576054,47.216660,46.870148
2,1.000000,2,3,-0.263840,0.983633,57.954517,58.503120,58.553337
1,1.000000,2,1,-0.263840,0.269247,52.930336,55.899628,53.574188
0,1.200000,0,1,0.000002,0.457056,57.037315,56.527824,56.938526
3,1.200000,4,3,0.000000,1.243751,47.497696,46.694016,47.777470
2,1.200000,2,3,-0.526349,1.243751,53.650784,58.888264,57.884865
1,1.200000,2,1,-0.526349,0.457056,57.267029,55.533348,54.423710
0,1.400000,0,1,0.000002,0.271088,57.805519,56.201244,57.202965
3,1.400000,4,3,0.000000,1.338870,51.811337,47.745663,48.091198
2,1.400000,2,3,-0.626328,1.338870,62.253429,58.989449,57.624378
1,1.400000,2,1,-0.626328,0.271088,55.372185,56.044926,54.266544
0,1.600000,0,1,0.000003,0.187031,57.459846,57.434711,57.320404
3,1.600000,4,3,0.000000,1.431191,51.581852,48.634457,48.387268
2,1.600000,2,3,-0.726259,1.431191,57.230377,59.726658,57.361435
1,1.600000,2,1,-0.726259,0.187031,53.894203,57.057766,54.295731
0,1.800000,0,1,0.000003,0.233913,58.982533,58.202854,57.255058
3,1.800000,4,3,0.000000,1.608970,50.323940,48.651985,48.935616
2,1.800000,2,3,-0.938424,1.608970,56.606422,59.104706,56.807705
1,1.800000,2,1,-0.938424,0.233913,51.726673,57.054352,54.761238
0,2.000000,0,1,0.000004,0.380187,55.169029,57.342613,57.048615
3,2.000000,4,3,0.000000,1.830651,44.196041,49.247631,49.582733
2,2.000000,2,3,-0.963001,1.830651,49.848839,58.509838,56.442879
1,2.000000,2,1,-0.963001,0.380187,57.957909,57.165062,55.057690
0,2.200000,0,1,0.000004,0.517713,51.892120,56.930134,56.850864
3,2.200000,4,3,0.000000,2.067320,46.982758,50.349483,50.233524
2,2.200000,2,3,-1.029658,2.067320,53.929924,58.223301,55.975983
1,2.200000,2,1,-1.029658,0.517713,50.761917,56.886421,55.401672
0,2.400000,0,1,0.000004,0.504143,56.360340,57.061333,56.870537
3,2.400000,4,3,0.000000,2.130682,47.122234,49.573433,50.401337
2,2.400000,2,3,-1.168099,2.130682,57.726807,56.821259,55.653847
1,2.400000,2,1,-1.168099,0.504143,58.063164,57.736610,55.606796
0,2.600000,0,1,0.000005,0.637903,53.215176,57.133137,56.675045
3,2.600000,4,3,0.000000,2.228996,48.962521,51.275856,50.656685
2,2.600000,2,3,-1.121620,2.228996,50.089378,55.905952,55.569534
1,2.600000,2,1,-1.121620,0.637903,54.796970,58.045185,55.747902
0,2.800000,0,1,0.000005,0.465415,63.690819,56.962845,56.926491
3,2.800000,4,3,0.000000,2.226253,50.271011,51.246334,50.649643
2,2.800000,2,3,-1.036217,2.226253,52.554218,56.253201,55.712521
1,2.800000,2,1,-1.036217,0.465415,53.165131,58.463886,55.325562
0,3.000000,0,1,0.000005,0.569786,59.362720,56.708805,56.775040
3,3.000000,4,3,0.000000,2.337943,53.810532,51.940384,50.932812
2,3.000000,2,3,-0.962620,2.337943,51.670246,56.132145,55.650955
1,3.000000,2,1,-0.962620,0.569786,53.722675,58.234699,55.376831
0,3.200000,0,1,0.000006,0.612449,57.372173,56.146587,56.712521
3,3.200000,4,3,0.000000,2.375889,51.374237,51.275696,51.027359
2,3.200000,2,3,-1.114969,2.375889,48.228485,55.775379,55.338093
1,3.200000,2,1,-1.114969,0.612449,52.241199,57.304600,55.696213
0,3.400000,0,1,0.000006,0.675124,53.860222,56.454952,56.620018
3,3.400000,4,3,0.000000,2.480491,54.662117,50.470184,51.283813
2,3.400000,2,3,-1.055050,2.480491,54.207367,55.020439,55.263306
1,3.400000,2,1,-1.055050,0.675124,56.603882,57.219627,55.700657
0,3.600000,0,1,0.000006,0.701637,54.850418,56.800766,56.580643
3,3.600000,4,3,0.000000,2.578325,47.691185,51.644337,51.518307
2,3.600000,2,3,-1.046114,2.578325,54.243195,54.971764,55.112961
1,3.600000,2,1,-1.046114,0.701637,57.119469,57.061054,55.728977
0,3.800000,0,1,0.000007,0.698829,56.151524,56.190056,56.584824
3,3.800000,4,3,0.000000,2.737914,55.091328,50.858578,51.890282
2,3.800000,2,3,-0.984914,2.737914,56.054852,53.644661,54.944099
1,3.800000,2,1,-0.984914,0.698829,55.432240,56.967449,55.625492
0,4.000000,0,1,0.000007,0.707929,60.887444,56.008781,56.571281
3,4.000000,4,3,0.000000,2.782558,52.356369,51.880920,51.992096
2,4.000000,2,3,-0.939591,2.782558,55.389420,53.741131,54.945274
1,4.000000,2,1,-0.939591,0.707929,53.362530,56.603992,55.566490
0,4.200000,0,1,0.000007,0.857857,57.309078,55.915596,56.345726
3,4.200000,4,3,0.000000,2.836962,50.989479,51.804176,52.114891
2,4.200000,2,3,-0.931101,2.836962,47.536278,53.640156,54.865578
1,4.200000,2,1,-0.931101,0.857857,57.978424,56.274395,55.795078
0,4.400000,0,1,0.000008,1.010502,49.424782,55.613235,56.111160
3,4.400000,4,3,0.000000,2.835968,57.535660,53.219898,52.112663
2,4.400000,2,3,-0.909885,2.835968,52.883377,53.440048,54.904202
1,4.400000,2,1,-0.909885,1.010502,53.109531,57.147190,56.003258
0,4.600000,0,1,0.000008,1.001623,51.310875,55.145954,56.124947
3,4.600000,4,3,0.000000,2.811401,52.128216,51.587688,52.057373
2,4.600000,2,3,-0.902509,2.811401,59.378117,53.623577,54.959518
1,4.600000,2,1,-0.902509,1.001623,54.775242,57.177799,55.977730
0,4.800000,0,1,0.000008,1.084634,60.503506,55.455151,55.995392
3,4.800000,4,3,0.000000,2.781861,49.943798,53.105881,51.990513
2,4.800000,2,3,-0.893669,2.781861,57.860882,53.409184,55.025604
1,4.800000,2,1,-0.893669,1.084634,48.263954,57.401016,56.093746
0,5.000000,0,1,0.000009,1.063301,57.096516,55.482300,56.028835
3,5.000000,4,3,0.000000,2.952316,50.786819,51.871834,52.370758
2,5.000000,2,3,-0.837424,2.952316,59.309238,53.242222,54.827744
1,5.000000,2,1,-0.837424,1.063301,58.812660,57.534191,55.972366
0,5.200000,0,1,0.000009,1.024231,55.857449,54.536064,56.089817
3,5.200000,4,3,0.000000,3.023392,54.967644,51.721813,52.525459
2,5.200000,2,3,-0.843041,3.023392,52.309162,53.447006,54.692825
1,5.200000,2,1,-0.843041,1.024231,49.807610,57.084576,55.919605
0,5.400000,0,1,0.000010,1.045467,55.920486,55.307373,56.056713
3,5.400000,4,3,0.000000,2.903605,49.838890,52.389576,52.263447
2,5.400000,2,3,-0.758104,2.903605,58.842129,53.308678,55.049305
1,5.400000,2,1,-0.758104,1.045467,53.319538,56.935120,55.818424
0,5.600000,0,1,0.000010,1.098169,54.146538,54.904919,55.974125
3,5.600000,4,3,0.000000,3.026841,50.735348,51.503773,52.532913
2,5.600000,2,3,-0.742424,3.026841,59.440678,53.729866,54.863480
1,5.600000,2,1,-0.742424,1.098169,53.898689,56.810154,55.877342
0,5.800000,0,1,0.000010,1.112900,55.972237,54.987835,55.950928
3,5.800000,4,3,0.000000,3.241271,52.804440,52.101128,52.986404
2,5.800000,2,3,-0.751499,3.241271,56.522354,54.101147,54.466858
1,5.800000,2,1,-0.751499,1.112900,61.270340,56.940693,55.915062
0,6.000000,0,1,0.000011,1.151827,55.083950,54.831944,55.889385
3,6.000000,4,3,0.000000,3.281952,58.970989,52.427208,53.070343
2,6.000000,2,3,-0.729613,3.281952,53.616154,53.513660,54.432831
1,6.000000,2,1,-0.729613,1.151827,51.142719,56.975510,55.941982
0,6.200000,0,1,0.000011,1.193419,55.574924,54.845528,55.823242
3,6.200000,4,3,0.000000,3.276472,47.102146,53.292664,53.059074
2,6.200000,2,3,-0.597794,3.276472,54.277760,53.810947,54.678955
1,6.200000,2,1,-0.597794,1.193419,57.990452,57.056683,55.798683
0,6.400000,0,1,0.000011,1.163923,55.328918,54.465340,55.870193
3,6.400000,4,3,0.000000,3.352682,56.918327,51.853924,53.214756
2,6.400000,2,3,-0.607709,3.352682,55.873428,53.857594,54.525223
1,6.400000,2,1,-0.607709,1.163923,56.527447,56.347214,55.767334
0,6.600000,0,1,0.000012,1.088683,59.499428,54.633045,55.989040
3,6.600000,4,3,0.000000,3.363346,57.445686,52.239353,53.236366
2,6.600000,2,3,-0.512989,3.363346,55.472435,53.827801,54.675285
1,6.600000,2,1,-0.512989,1.088683,52.303272,56.038010,55.491348
0,6.800000,0,1,0.000012,1.046257,57.751465,54.799839,56.055485
3,6.800000,4,3,0.000000,3.386399,52.996624,51.946796,53.282928
2,6.800000,2,3,-0.527494,3.386399,56.082157,54.152939,54.608490
1,6.800000,2,1,-0.527494,1.046257,57.890694,55.894657,55.445332
0,7.000000,0,1,0.000012,1.102452,54.783897,54.436062,55.967388
3,7.000000,4,3,0.000000,3.543081,57.063404,53.810944,53.594219
2,7.000000,2,3,-0.517180,3.543081,57.414074,54.228722,54.344185
1,7.000000,2,1,-0.517180,1.102452,54.173359,56.475685,55.520844
0,7.200000,0,1,0.000013,1.158734,53.237717,54.509201,55.878433
3,7.200000,4,3,0.000000,3.629421,53.721645,54.920601,53.762016
2,7.200000,2,3,-0.634843,3.629421,46.081104,53.775806,53.964729
1,7.200000,2,1,-0.634843,1.158734,61.713524,56.805687,55.802464
0,7.400000,0,1,0.000013,1.317264,54.241344,54.956131,55.623878
3,7.400000,4,3,0.000000,3.692581,55.658993,54.570168,53.883148
2,7.400000,2,3,-0.541704,3.692581,59.720947,53.239941,54.021328
1,7.400000,2,1,-0.541704,1.317264,53.543373,56.924019,55.906471
0,7.600000,0,1,0.000013,1.307391,56.202183,54.919941,55.639908
3,7.600000,4,3,0.000000,3.596552,52.216980,54.144600,53.698444
2,7.600000,2,3,-0.781321,3.596552,59.393635,52.129993,53.747517
1,7.600000,2,1,-0.781321,1.307391,53.295376,56.937733,56.264183
0,7.800000,0,1,0.000014,1.251978,55.681915,54.944466,55.729435
3,7.800000,4,3,0.000000,3.424142,57.983727,53.027897,53.358734
2,7.800000,2,3,-0.843284,3.424142,55.196262,52.606094,53.958740
1,7.800000,2,1,-0.843284,1.251978,54.167503,57.283291,56.274208
0,8.000000,0,1,0.000014,1.368802,54.148632,55.301064,55.539825
3,8.000000,4,3,0.000000,3.424212,54.462936,53.448639,53.358875
2,8.000000,2,3,-0.788123,3.424212,52.671326,53.463879,54.062584
1,8.000000,2,1,-0.788123,1.368802,54.510120,56.981499,56.368164
0,8.200000,0,1,0.000015,1.412548,57.585079,55.244225,55.467960
3,8.200000,4,3,0.000000,3.378138,54.919601,53.322361,53.266266
2,8.200000,2,3,-0.846352,3.378138,55.667633,53.694767,54.039757
1,8.200000,2,1,-0.846352,1.412548,52.271252,56.823536,56.521770
0,8.400000,0,1,0.000015,1.472363,55.909397,55.205212,55.368923
3,8.400000,4,3,0.000000,3.403754,56.175163,53.003494,53.317852
2,8.400000,2,3,-0.698091,3.403754,49.531639,53.862869,54.267902
1,8.400000,2,1,-0.698091,1.472363,55.273735,57.258793,56.388668
0,8.600000,0,1,0.000015,1.596258,55.326736,54.330547,55.160873
3,8.600000,4,3,0.000000,3.393096,50.474968,53.717213,53.296417
2,8.600000,2,3,-0.555497,3.393096,53.325653,54.175083,54.546410
1,8.600000,2,1,-0.555497,1.596258,57.087643,56.938194,56.360313
0,8.800000,0,1,0.000016,1.629563,55.493416,54.279835,55.104256
3,8.800000,4,3,0.000000,3.426816,55.485779,54.898254,53.364082
2,8.800000,2,3,-0.730954,3.426816,52.134354,54.675282,54.164467
1,8.800000,2,1,-0.730954,1.629563,63.801018,56.821850,56.672707
0,9.000000,0,1,0.000016,1.573007,55.979305,53.638195,55.200222
3,9.000000,4,3,0.000000,3.605532,52.798943,53.439690,53.715851
2,9.000000,2,3,-0.745260,3.605532,56.762608,53.627106,53.799690
1,9.000000,2,1,-0.745260,1.573007,64.795212,57.746140,56.610207
0,9.200000,0,1,0.000016,1.516369,53.694214,53.622276,55.295486
3,9.200000,4,3,0.000000,3.676466,58.728031,53.220093,53.852371
2,9.200000,2,3,-0.812141,3.676466,55.431625,52.936989,53.531532
1,9.200000,2,1,-0.812141,1.516369,61.331726,57.480259,56.625393
0,9.400000,0,1,0.000017,1.436467,56.195408,53.316677,55.428467
3,9.400000,4,3,0.000000,3.725780,56.453053,53.690472,53.946278
2,9.400000,2,3,-0.743188,3.725780,53.610901,52.558041,53.570152
1,9.400000,2,1,-0.743188,1.436467,53.172157,56.872517,56.402592
0,9.600000,0,1,0.000017,1.488769,62.515335,54.204746,55.341606
3,9.600000,4,3,0.000000,3.647282,54.567192,54.263309,53.796410
2,9.600000,2,3,-0.716667,3.647282,48.919872,52.311649,53.774372
1,9.600000,2,1,-0.716667,1.488769,54.416958,56.926826,56.441505
0,9.800000,0,1,0.000017,1.420048,55.739353,53.980000,55.455597
3,9.800000,4,3,0.000000,3.616913,57.726910,52.546791,53.737869
2,9.800000,2,3,-0.901653,3.616913,53.583992,52.575832,53.472355
1,9.800000,2,1,-0.901653,1.420048,53.006126,57.006447,56.615299
0,10.000000,0,1,0.000018,1.600566,56.323265,54.382763,55.153568
3,10.000000,4,3,0.000000,3.690337,55.595348,52.824219,53.878868
2,10.000000,2,3,-0.797472,3.690337,54.567566,52.604729,53.533104
1,10.000000,2,1,-0.797472,1.600566,58.756989,57.551033,56.727913
0,10.200000,0,1,0.000018,1.663118,57.130299,54.145016,55.046921
3,10.200000,4,3,0.000000,3.800917,58.487335,54.627274,54.087818
2,10.200000,2,3,-0.989243,3.800917,57.641083,53.673748,52.920609
1,10.200000,2,1,-0.989243,1.663118,58.656734,57.209816,57.094887
0,10.400000,0,1,0.000018,1.741213,54.773415,54.121510,54.912285
3,10.400000,4,3,0.000000,3.783076,51.694225,53.796310,54.054375
2,10.400000,2,3,-0.924369,3.783076,58.777088,53.017460,53.091637
1,10.400000,2,1,-0.924369,1.741213,59.204823,57.648479,57.113628
0,10.600000,0,1,0.000019,1.769245,60.290730,54.707294,54.863548
3,10.600000,4,3,0.000000,3.770156,56.449512,53.563442,54.030094
2,10.600000,2,3,-0.791396,3.770156,50.492928,53.465420,53.386875
1,10.600000,2,1,-0.791396,1.769245,58.834660,57.445324,56.963966
0,10.800000,0,1,0.000019,1.720317,53.374290,54.597744,54.948475
3,10.800000,4,3,0.000000,3.773795,53.794323,53.458736,54.036938
2,10.800000,2,3,-0.807691,3.773795,52.796242,53.486938,53.347008
1,10.800000,2,1,-0.807691,1.720317,51.964531,57.596275,56.917000
0,11.000000,0,1,0.000019,1.809056,48.404579,55.123226,54.793957
3,11.000000,4,3,0.000000,3.934466,56.757561,53.402992,54.334923
2,11.000000,2,3,-0.770062,3.934466,52.923298,54.478630,53.097618
1,11.000000,2,1,-0.770062,1.809056,57.431408,57.396046,56.990467
0,11.200000,0,1,0.000020,1.683944,57.825775,54.998539,55.011185
3,11.200000,4,3,0.000000,3.932298,56.745861,54.602894,54.330956
2,11.200000,2,3,-0.665825,3.932298,54.548496,53.886005,53.313618
1,11.200000,2,1,-0.665825,1.683944,56.458721,57.618328,56.656845
0,11.400000,0,1,0.000020,1.560772,57.233349,55.518646,55.220879
3,11.400000,4,3,0.000000,3.861525,55.517921,54.372002,54.200661
2,11.400000,2,3,-0.500224,3.861525,50.394295,53.428066,53.778610
1,11.400000,2,1,-0.500224,1.560772,53.068825,56.842712,56.221649
0,11.600000,0,1,0.000021,1.531711,61.992229,56.523540,55.269768
3,11.600000,4,3,0.000000,3.877205,57.728111,52.795200,54.229660
2,11.600000,2,3,-0.452922,3.877205,50.498592,53.282692,53.839333
1,11.600000,2,1,-0.452922,1.531711,59.176544,55.658787,56.103592
0,11.800000,0,1,0.000021,1.351737,54.377102,57.012577,55.567741
3,11.800000,4,3,0.000000,3.929245,57.678795,55.056305,54.325367
2,11.800000,2,3,-0.346080,3.929245,53.130974,53.256245,53.943771
1,11.800000,2,1,-0.346080,1.351737,56.847954,55.665112,55.648331
0,12.000000,0,1,0.000021,1.266819,55.753090,57.210484,55.705544
3,12.000000,4,3,0.000000,4.046223,57.024632,52.914181,54.537472
2,12.000000,2,3,-0.510083,4.046223,52.474712,53.282150,53.397343
1,12.000000,2,1,-0.510083,1.266819,52.428268,54.780556,55.775780
0,12.200000,0,1,0.000022,1.194703,55.104607,57.912079,55.821213
3,12.200000,4,3,0.000000,3.919505,58.801071,54.474911,54.307518
2,12.200000,2,3,-0.395243,3.919505,52.437748,53.350555,53.868744
1,12.200000,2,1,-0.395243,1.194703,52.307541,55.902225,55.472046
0,12.400000,0,1,0.000022,1.264921,56.435013,57.790115,55.708603
3,12.400000,4,3,0.000000,3.859432,58.757065,54.622307,54.196781
2,12.400000,2,3,-0.388175,3.859432,54.378315,53.849316,53.996216
1,12.400000,2,1,-0.388175,1.264921,55.446693,55.620308,55.575596
0,12.600000,0,1,0.000022,1.433026,55.117519,56.957138,55.434170
3,12.600000,4,3,0.000000,3.814444,55.778126,54.380039,54.113106
2,12.600000,2,3,-0.276883,3.814444,58.364300,53.560791,54.287247
1,12.600000,2,1,-0.276883,1.433026,60.246975,56.550804,55.667915
0,12.800000,0,1,0.000023,1.327258,59.511978,56.253723,55.607643
3,12.800000,4,3,0.000000,3.836507,53.419804,55.096954,54.154221
2,12.800000,2,3,-0.048486,3.836507,53.941051,54.292610,54.659924
1,12.800000,2,1,-0.048486,1.327258,51.853214,55.851677,55.113274
0,13.000000,0,1,0.000023,1.325452,55.032475,56.100246,55.610584
3,13.000000,4,3,0.000000,3.869234,57.253567,54.863674,54.214928
2,13.000000,2,3,-0.169683,3.869234,56.609646,53.863361,54.383129
1,13.000000,2,1,-0.169683,1.325452,54.201248,55.417278,55.314705
0,13.200000,0,1,0.000023,1.376452,47.371433,55.612968,55.527306
3,13.200000,4,3,0.000000,3.902181,54.407959,54.715790,54.275700
2,13.200000,2,3,-0.160680,3.902181,51.317757,54.206409,54.339432
1,13.200000,2,1,-0.160680,1.376452,53.276588,55.556690,55.384682
0,13.400000,0,1,0.000024,1.311159,61.771751,55.439243,55.633812
3,13.400000,4,3,0.000000,3.931627,49.842007,54.954258,54.329727
2,13.400000,2,3,-0.149812,3.931627,54.580864,54.133129,54.305405
1,13.400000,2,1,-0.149812,1.311159,58.269543,56.420822,55.257446
0,13.600000,0,1,0.000024,1.422455,56.097183,55.854271,55.451637
3,13.600000,4,3,0.000000,3.940693,53.746140,54.480217,54.346310
2,13.600000,2,3,-0.057119,3.940693,59.206200,54.164223,54.457741
1,13.600000,2,1,-0.057119,1.422455,55.344173,57.641495,55.288658
0,13.800000,0,1,0.000024,1.349800,59.449730,55.451851,55.570908
3,13.800000,4,3,0.000000,3.903523,57.256565,54.344173,54.278168
2,13.800000,2,3,-0.086298,3.903523,56.345364,53.646095,54.472183
1,13.800000,2,1,-0.086298,1.349800,57.967758,58.188400,55.215569
0,14.000000,0,1,0.000025,1.476397,54.565224,56.502537,55.362228
3,14.000000,4,3,0.000000,3.668787,56.872070,53.462978,53.837673
2,14.000000,2,3,-0.177655,3.668787,57.151779,53.634308,54.728157
1,14.000000,2,1,-0.177655,1.476397,55.030544,56.822735,55.577156
0,14.200000,0,1,0.000025,1.489079,51.767960,55.929398,55.341103
3,14.200000,4,3,0.000000,3.791323,51.683285,55.254669,54.069847
2,14.200000,2,3,-0.135973,3.791323,52.680546,54.250027,54.584553
1,14.200000,2,1,-0.135973,1.489079,56.144764,56.855312,55.529732
0,14.400000,0,1,0.000026,1.597374,54.382626,55.859333,55.158997
3,14.400000,4,3,0.000000,3.846329,55.449463,53.820061,54.172478
2,14.400000,2,3,0.044200,3.846329,56.765572,54.757423,54.806061
1,14.400000,2,1,0.044200,1.597374,55.923454,57.043465,55.411293
0,14.600000,0,1,0.000026,1.581469,60.902958,56.089844,55.185936
3,14.600000,4,3,0.000000,3.792037,55.486141,54.260075,54.071182
2,14.600000,2,3,0.066295,3.792037,56.024960,55.324917,54.939060
1,14.600000,2,1,0.066295,1.581469,59.873055,55.934166,55.348152
0,14.800000,0,1,0.000026,1.562669,52.106926,56.411121,55.217690
3,14.800000,4,3,0.000000,3.704734,54.097637,54.213161,53.906300
2,14.800000,2,3,0.153540,3.704734,54.275928,56.053719,55.236984
1,14.800000,2,1,0.153540,1.562669,57.956734,55.616123,55.169975
0,15.000000,0,1,0.000027,1.647277,55.833668,56.614998,55.074043
3,15.000000,4,3,0.000000,3.787191,52.207546,55.062782,54.062099
2,15.000000,2,3,0.173545,3.787191,54.935108,55.422359,55.131325
1,15.000000,2,1,0.173545,1.647277,52.463085,54.551975,55.278870
0,15.200000,0,1,0.000027,1.676131,50.546074,56.067497,55.024616
3,15.200000,4,3,0.000000,3.868887,56.900612,54.783745,54.214287
2,15.200000,2,3,0.191526,3.868887,55.003078,55.856117,55.022461
1,15.200000,2,1,0.191526,1.676131,55.993603,54.072777,55.297089
0,15.400000,0,1,0.000027,1.753947,53.710873,55.886898,54.890190
3,15.400000,4,3,0.000000,3.820172,51.163635,54.001873,54.123795
2,15.400000,2,3,0.192602,3.820172,57.839153,55.824883,55.107628
1,15.400000,2,1,0.192602,1.753947,54.711300,54.158695,55.424820
0,15.600000,0,1,0.000028,1.867104,59.518845,55.551201,54.691689
3,15.600000,4,3,0.000000,3.880314,53.111454,54.314205,54.235405
2,15.600000,2,3,0.048208,3.880314,55.501770,56.052658,54.753426
1,15.600000,2,1,0.048208,1.867104,48.966976,55.281639,55.842850
0,15.800000,0,1,0.000028,1.941267,50.133419,55.024288,54.559593
3,15.800000,4,3,0.000000,3.935992,51.651146,54.071568,54.337715
2,15.800000,2,3,0.113984,3.935992,57.926147,55.326927,54.771183
1,15.800000,2,1,0.113984,1.941267,58.595669,56.046154,55.856197
0,16.000000,0,1,0.000028,2.045066,51.214336,55.019951,54.371979
3,16.000000,4,3,0.000000,3.840760,53.751316,54.229496,54.162132
2,16.000000,2,3,0.138763,3.840760,55.713150,54.670307,54.980072
1,16.000000,2,1,0.138763,2.045066,55.204376,56.053539,55.981140
0,16.200000,0,1,0.000029,1.974891,51.810844,54.624512,54.499176
3,16.200000,4,3,0.000000,3.691534,54.806625,54.338726,53.881149
2,16.200000,2,3,0.169492,3.691534,57.065159,55.497131,55.285954
1,16.200000,2,1,0.169492,1.974891,55.399124,56.473648,55.821342
0,16.400000,0,1,0.000029,1.888513,55.672241,54.805527,54.653725
3,16.400000,4,3,0.000000,3.677646,53.363388,54.020805,53.854626
2,16.400000,2,3,0.220112,3.677646,55.650974,56.211498,55.393539
1,16.400000,2,1,0.220112,1.888513,52.790718,56.547516,55.600540
0,16.600000,0,1,0.000029,1.907965,57.245361,54.750912,54.619110
3,16.600000,4,3,0.000000,3.731070,51.109837,53.804474,53.956306
2,16.600000,2,3,0.204801,3.731070,54.577503,56.353977,55.278866
1,16.600000,2,1,0.204801,1.907965,56.928795,56.560444,55.656998
0,16.800000,0,1,0.000030,1.849095,60.322304,53.756878,54.723526
3,16.800000,4,3,0.000000,3.784110,54.718887,53.819210,54.056320
2,16.800000,2,3,0.231538,3.784110,55.343163,56.407234,55.234661
1,16.800000,2,1,0.231538,1.849095,52.974949,56.246521,55.517441
0,17.000000,0,1,0.000030,1.728977,55.488621,53.268673,54.933510
3,17.000000,4,3,0.000000,3.712218,51.722595,54.756542,53.920532
2,17.000000,2,3,0.085781,3.712218,54.432076,55.826473,55.109558
1,17.000000,2,1,0.085781,1.728977,59.269466,55.582672,55.559425
0,17.200000,0,1,0.000030,1.876380,53.876694,53.533722,54.675259
3,17.200000,4,3,0.000000,3.759614,51.066784,54.450832,54.010239
2,17.200000,2,3,0.156097,3.759614,61.007404,55.468559,55.148533
1,17.200000,2,1,0.156097,1.876380,56.538479,56.264652,55.684689
0,17.400000,0,1,0.000031,1.718183,56.380928,53.206776,54.952187
3,17.400000,4,3,0.000000,3.730753,53.721653,53.515335,53.955704
2,17.400000,2,3,0.140221,3.730753,57.785179,55.585667,55.170547
1,17.400000,2,1,0.140221,1.718183,55.507183,55.911999,55.452286
0,17.600000,0,1,0.000031,1.673986,54.444397,53.253075,55.028305
3,17.600000,4,3,0.000000,3.808001,56.908092,53.791138,54.101067
2,17.600000,2,3,0.138236,3.808001,51.961784,55.002094,55.035496
1,17.600000,2,1,0.138236,1.673986,49.756504,55.707378,55.382385
0,17.800000,0,1,0.000032,1.692496,49.868622,53.564945,54.996490
3,17.800000,4,3,0.000000,3.783796,57.530102,53.834076,54.055725
2,17.800000,2,3,-0.002558,3.783796,53.821564,54.361893,54.833664
1,17.800000,2,1,-0.002558,1.692496,55.635933,55.953918,55.643852
0,18.000000,0,1,0.000032,1.669593,58.701485,54.035946,55.035847
3,18.000000,4,3,0.000000,3.836381,54.834660,53.957726,54.153988
2,18.000000,2,3,0.160919,3.836381,55.522873,53.650715,55.025719
1,18.000000,2,1,0.160919,1.669593,55.620655,56.014027,55.337311
0,18.200000,0,1,0.000032,1.706593,58.668179,54.185036,54.972198
3,18.200000,4,3,0.000000,3.820453,52.645012,54.899483,54.124321
2,18.200000,2,3,0.036032,3.820453,58.073555,53.099552,54.837040
1,18.200000,2,1,0.036032,1.706593,51.957703,55.503868,55.604057
0,18.400000,0,1,0.000033,1.585344,53.699272,54.188389,55.179390
3,18.400000,4,3,0.000000,3.785800,56.585167,54.977406,54.059486
2,18.400000,2,3,-0.000636,3.785800,54.611320,52.412243,54.833519
1,18.400000,2,1,-0.000636,1.585344,55.215954,55.693550,55.465508
0,18.600000,0,1,0.000033,1.603776,55.244366,54.736881,55.148148
3,18.600000,4,3,0.000000,3.863998,56.473724,54.346676,54.205238
2,18.600000,2,3,-0.049320,3.863998,56.457397,52.958183,54.609512
1,18.600000,2,1,-0.049320,1.603776,61.347393,55.813545,55.575596
0,18.800000,0,1,0.000033,1.491073,56.303291,55.238209,55.337791
3,18.800000,4,3,0.000000,3.753155,52.705860,53.047974,53.998058
2,18.800000,2,3,-0.151195,3.753155,53.927994,54.375137,54.625500
1,18.800000,2,1,-0.151195,1.491073,54.047718,55.087780,55.557907
0,19.000000,0,1,0.000034,1.553974,56.606308,55.834110,55.232361
3,19.000000,4,3,0.000000,3.759130,49.923035,52.508736,54.009331
2,19.000000,2,3,-0.186980,3.759130,51.236084,54.222153,54.550865
1,19.000000,2,1,-0.186980,1.553974,58.870804,55.189133,55.718033
0,19.200000,0,1,0.000034,1.538495,50.210964,55.747124,55.258400
3,19.200000,4,3,0.000000,3.817450,56.226425,53.969997,54.118713
2,19.200000,2,3,-0.150821,3.817450,55.241257,54.643936,54.511047
1,19.200000,2,1,-0.150821,1.538495,56.716248,55.915768,55.634544
0,19.400000,0,1,0.000034,1.479531,58.691307,55.509171,55.357025
3,19.400000,4,3,0.000000,3.796205,59.227196,53.476444,54.078995
2,19.400000,2,3,-0.194049,3.796205,59.101303,55.247345,54.471405
1,19.400000,2,1,-0.194049,1.479531,52.601990,54.823631,55.608971
0,19.600000,0,1,0.000035,1.514923,53.340126,55.612610,55.297935
3,19.600000,4,3,0.000000,3.798130,53.119385,54.788143,54.082600
2,19.600000,2,3,-0.051192,3.798130,55.586128,54.787235,54.723076
1,19.600000,2,1,-0.051192,1.514923,58.846802,55.156219,55.432713
0,19.800000,0,1,0.000035,1.529619,52.387352,55.609859,55.273308
3,19.800000,4,3,0.000000,3.881015,57.324368,55.904892,54.236694
2,19.800000,2,3,0.090944,3.881015,51.400497,54.842171,54.827168
1,19.800000,2,1,0.090944,1.529619,56.907902,55.077885,55.219910
0,20.000000,0,1,0.000035,1.402107,58.277058,55.734138,55.485191
3,20.000000,4,3,0.000000,3.874063,51.457836,54.666073,54.223854
2,20.000000,2,3,0.107507,3.874063,56.956638,55.184658,54.868202
1,20.000000,2,1,0.107507,1.402107,53.960846,55.372581,54.974205
0,20.200000,0,1,0.000036,1.476767,54.471527,56.113739,55.361633
3,20.200000,4,3,0.000000,3.965740,54.496799,53.350925,54.391987
2,20.200000,2,3,-0.015451,3.965740,58.095390,55.169407,54.487762
1,20.200000,2,1,-0.015451,1.476767,54.360451,55.278759,55.309830
0,20.400000,0,1,0.000036,1.433375,57.907654,56.349697,55.433617
3,20.400000,4,3,0.000000,3.970690,57.986408,53.388496,54.400993
2,20.400000,2,3,-0.003307,3.970690,51.576073,55.440205,54.500732
1,20.400000,2,1,-0.003307,1.433375,51.239040,55.511288,55.216553
0,20.600000,0,1,0.000037,1.380567,55.230137,56.395500,55.520580
3,20.600000,4,3,0.000000,3.992603,53.833820,54.407551,54.440765
2,20.600000,2,3,-0.115757,3.992603,56.732666,54.842007,54.255905
1,20.600000,2,1,-0.115757,1.380567,57.920330,55.483341,55.316689
0,20.800000,0,1,0.000037,1.374943,55.142845,56.592064,55.529800
3,20.800000,4,3,0.000000,4.059465,56.823383,54.559483,54.561226
2,20.800000,2,3,-0.262919,4.059465,51.889267,54.749321,53.854149
1,20.800000,2,1,-0.262919,1.374943,50.739853,55.519760,55.550705
0,21.000000,0,1,0.000037,1.214642,59.572926,57.068638,55.789379
3,21.000000,4,3,0.000000,4.033077,52.865299,53.081085,54.513844
2,21.000000,2,3,-0.073449,4.033077,58.155243,55.099930,54.259285
1,21.000000,2,1,-0.073449,1.214642,55.751507,55.294250,54.962971
0,21.200000,0,1,0.000038,1.096065,57.860546,57.407970,55.977478
3,21.200000,4,3,0.000000,3.996129,51.026958,54.224453,54.447151
2,21.200000,2,3,-0.100888,3.996129,55.358871,54.925426,54.276787
1,21.200000,2,1,-0.100888,1.096065,54.718235,54.531185,54.804455
0,21.400000,0,1,0.000038,1.126318,56.016201,57.982708,55.929794
3,21.400000,4,3,0.000000,3.872498,56.981869,54.822231,54.220963
2,21.400000,2,3,-0.184215,3.872498,53.792843,54.355705,54.350670
1,21.400000,2,1,-0.184215,1.126318,48.695679,54.292549,55.001648
0,21.600000,0,1,0.000038,1.073011,55.641113,58.126186,56.013672
3,21.600000,4,3,0.000000,3.751908,52.193314,54.237495,53.995705
2,21.600000,2,3,-0.150981,3.751908,50.253826,54.596718,54.628101
1,21.600000,2,1,-0.150981,1.073011,57.179409,54.859230,54.851727
0,21.800000,0,1,0.000039,1.064267,50.449009,57.396149,56.027367
3,21.800000,4,3,0.000000,3.871027,53.294178,54.864952,54.218243
2,21.800000,2,3,-0.239329,3.871027,53.488823,55.298443,54.252228
1,21.800000,2,1,-0.239329,1.064267,60.682747,54.643959,54.989708
0,22.000000,0,1,0.000039,0.984407,52.318092,57.118855,56.151672
3,22.000000,4,3,0.000000,3.701022,57.040100,52.637970,53.899231
2,22.000000,2,3,-0.217396,3.701022,56.312923,55.539448,54.600414
1,22.000000,2,1,-0.217396,0.984407,51.687874,55.344185,54.812950
0,22.200000,0,1,0.000039,1.041144,52.111259,57.472042,56.063507
3,22.200000,4,3,0.000000,3.682926,51.086452,54.200241,53.864716
2,22.200000,2,3,-0.155414,3.682926,49.448601,56.301640,54.742443
1,22.200000,2,1,-0.155414,1.041144,52.828846,55.524914,54.803764
0,22.400000,0,1,0.000040,1.233628,56.895176,57.330246,55.758961
3,22.400000,4,3,0.000000,3.661636,55.936737,54.852741,53.823967
2,22.400000,2,3,-0.041720,3.661636,59.451813,55.814995,54.977730
1,22.400000,2,1,-0.041720,1.233628,52.622105,55.620781,54.940948
0,22.600000,0,1,0.000040,1.389058,54.366638,57.168167,55.506649
3,22.600000,4,3,0.000000,3.672694,57.098988,52.668671,53.845154
2,22.600000,2,3,0.007571,3.672694,50.194332,55.938862,55.043457
1,22.600000,2,1,0.007571,1.389058,50.785492,55.875595,55.123047
0,22.800000,0,1,0.000040,1.418800,57.616035,56.924606,55.457695
3,22.800000,4,3,0.000000,3.744627,51.880245,54.490486,53.981956
2,22.800000,2,3,0.000076,3.744627,57.666904,56.034176,54.906464
1,22.800000,2,1,0.000076,1.418800,56.477802,55.459839,55.186218
0,23.000000,0,1,0.000041,1.470790,47.851929,56.002357,55.371582
3,23.000000,4,3,0.000000,3.904284,55.722122,54.311394,54.279568
2,23.000000,2,3,0.060890,3.904284,52.475140,55.578663,54.733536
1,23.000000,2,1,0.060890,1.470790,55.242386,55.310310,55.171280
0,23.200000,0,1,0.000041,1.572531,54.109215,55.968006,55.201069
3,23.200000,4,3,0.000000,3.863640,49.525810,53.564899,54.204575
2,23.200000,2,3,0.022266,3.863640,53.057579,55.288654,54.737095
1,23.200000,2,1,0.022266,1.572531,54.019901,55.765305,55.406471
0,23.400000,0,1,0.000041,1.578840,53.495281,55.998569,55.190407
3,23.400000,4,3,0.000000,3.833969,48.101318,54.537968,54.149498
2,23.400000,2,3,0.086049,3.833969,58.669460,55.079987,54.900612
1,23.400000,2,1,0.086049,1.578840,57.481529,55.582088,55.310783
0,23.600000,0,1,0.000042,1.637112,56.469925,55.486214,55.091431
3,23.600000,4,3,0.000000,3.872147,55.403622,54.900444,54.220314
2,23.600000,2,3,0.303133,3.872147,53.727798,55.364811,55.206940
1,23.600000,2,1,0.303133,1.637112,48.876011,55.412487,55.041916
0,23.800000,0,1,0.000042,1.679629,54.085773,55.462749,55.018639
3,23.800000,4,3,0.000000,3.991630,60.049492,53.042809,54.439003
2,23.800000,2,3,0.297173,3.991630,54.198792,56.270710,54.993061
1,23.800000,2,1,0.297173,1.679629,61.788193,54.946411,55.124695
0,24.000000,0,1,0.000043,1.651327,54.820938,56.368668,55.067146
3,24.000000,4,3,0.000000,3.765034,59.871559,54.960602,54.020454
2,24.000000,2,3,0.255052,3.765034,57.555050,56.146263,55.306145
1,24.000000,2,1,0.255052,1.651327,52.730301,54.093426,55.148178
0,24.200000,0,1,0.000043,1.813905,52.208065,55.885334,54.785492
3,24.200000,4,3,0.000000,3.829669,52.387394,53.379482,54.141495
2,24.200000,2,3,0.256436,3.829669,56.293297,56.220856,55.199814
1,24.200000,2,1,0.256436,1.813905,60.166222,53.754951,55.418404
0,24.400000,0,1,0.000043,1.919492,56.755081,55.043251,54.598572
3,24.400000,4,3,0.000000,3.783607,52.061535,54.610359,54.055374
2,24.400000,2,3,0.356695,3.783607,58.744640,55.590317,55.444237
1,24.400000,2,1,0.356695,1.919492,53.528355,54.022121,55.427223
0,24.600000,0,1,0.000044,1.915289,59.684891,54.851406,54.606079
3,24.600000,4,3,0.000000,3.705020,55.018566,54.137226,53.906845
2,24.600000,2,3,0.312320,3.705020,53.644234,55.761116,55.500603
1,24.600000,2,1,0.312320,1.915289,52.990505,54.169128,55.493484
0,24.800000,0,1,0.000044,1.994539,52.145382,54.941544,54.463737
3,24.800000,4,3,0.000000,3.790051,57.338497,54.188740,54.067459
2,24.800000,2,3,0.418730,3.790051,51.128521,55.876236,55.535675
1,24.800000,2,1,0.418730,1.994539,56.122456,54.687714,55.448730
0,25.000000,0,1,0.000044,1.942196,53.287712,54.322701,54.557961
3,25.000000,4,3,0.000000,3.669475,50.705601,53.218948,53.838989
2,25.000000,2,3,0.233877,3.669475,50.674175,55.970821,55.429878
1,25.000000,2,1,0.233877,1.942196,51.677719,54.918446,55.665344
0,25.200000,0,1,0.000045,1.774986,56.722260,54.260437,54.853584
3,25.200000,4,3,0.000000,3.814951,51.082626,54.150944,54.114052
2,25.200000,2,3,0.242130,3.814951,63.533981,55.976151,55.200508
1,25.200000,2,1,0.242130,1.774986,54.636509,55.238033,55.377579
0,25.400000,0,1,0.000045,1.793371,57.339485,55.306637,54.821472
3,25.400000,4,3,0.000000,3.953907,56.283058,54.930347,54.370430
2,25.400000,2,3,0.249174,3.953907,57.559860,56.087250,54.975353
1,25.400000,2,1,0.249174,1.793371,51.143860,54.965797,55.396408
0,25.600000,0,1,0.000045,1.708737,51.297310,54.926830,54.968525
3,25.600000,4,3,0.000000,3.914369,56.986874,52.873943,54.298096
2,25.600000,2,3,0.297232,3.914369,51.556725,55.671986,55.125389
1,25.600000,2,1,0.297232,1.708737,55.842464,54.979355,55.174000
0,25.800000,0,1,0.000046,1.730254,54.688911,54.65329