1,0.200000,2,1,0.000000,0.000000,50.886761,NaN,52.474251
2,0.200000,2,3,0.000000,0.000000,63.040485,NaN,60.000000
3,0.200000,4,3,0.000000,0.000000,40.648495,44.189888,42.529121
0,0.200000,1,0,0.000000,0.000000,53.107903,NaN,57.577248
1,0.400000,2,1,-0.166055,0.144006,51.361744,NaN,53.127487
2,0.400000,2,3,-0.166055,0.286079,57.477917,NaN,59.497658
3,0.400000,4,3,0.000000,0.286079,46.286461,43.327385,43.979862
0,0.400000,1,0,0.144006,0.000001,59.669228,NaN,57.380028
1,0.600000,2,1,-0.417138,0.150157,47.963680,48.933968,53.641106
2,0.600000,2,3,-0.417138,0.586079,57.022285,60.852146,58.852180
3,0.600000,4,3,0.000000,0.586079,47.975204,43.882961,45.318062
0,0.600000,1,0,0.150157,0.000001,51.250343,54.160271,57.371525
1,0.800000,2,1,-0.639131,0.247462,53.049500,53.115925,54.246597
2,0.800000,2,3,-0.639131,0.728764,57.940502,59.559322,58.402916
3,0.800000,4,3,0.000000,0.728764,43.221958,46.417553,45.900963
0,0.800000,1,0,0.247462,0.000001,47.541016,55.444805,57.236099
1,1.000000,2,1,-0.767122,0.316218,51.534744,53.353081,54.603554
2,1.000000,2,3,-0.767122,0.963919,56.079296,58.018002,57.936272
3,1.000000,4,3,0.000000,0.963919,48.379997,47.352665,46.798195
0,1.000000,1,0,0.316218,0.000002,53.031685,55.625610,57.139378
1,1.200000,2,1,-1.067122,0.616219,57.765198,54.688374,55.624840
2,1.200000,2,3,-1.067122,1.263920,59.179859,56.207447,57.118408
3,1.200000,4,3,0.000000,1.263920,51.025276,45.792301,47.844753
0,1.200000,1,0,0.616219,0.000002,59.675037,56.724300,56.706974
1,1.400000,2,1,-1.047408,0.624023,54.606560,56.855770,55.605476
2,1.400000,2,3,-1.047408,1.425311,54.457634,55.453621,56.915955
3,1.400000,4,3,0.000000,1.425311,48.151508,50.156200,48.368652
0,1.400000,1,0,0.624023,0.000002,57.191170,56.757736,56.695492
1,1.600000,2,1,-1.078364,0.579262,54.961430,56.608646,55.582985
2,1.600000,2,3,-1.078364,1.535436,61.077927,55.511700,56.710526
3,1.600000,4,3,0.000000,1.535436,51.006172,49.573311,48.712154
0,1.600000,1,0,0.579262,0.000003,55.118874,57.002010,56.761181
1,1.800000,2,1,-0.994780,0.519629,53.116001,56.762222,55.346878
2,1.800000,2,3,-0.994780,1.767495,61.145290,54.612228,56.490051
3,1.800000,4,3,0.000000,1.767495,49.263317,48.743458,49.402267
0,1.800000,1,0,0.519629,0.000003,54.077782,57.308449,56.848083
1,2.000000,2,1,-1.090164,0.517452,58.556824,56.591846,55.501122
2,2.000000,2,3,-1.090164,2.025489,57.173584,55.735069,55.946571
3,2.000000,4,3,0.000000,2.025489,45.263706,51.342739,50.121300
0,2.000000,1,0,0.517452,0.000004,55.078270,57.210369,56.851242
1,2.200000,2,1,-0.984352,0.463949,56.163635,56.648613,55.236130
2,2.200000,2,3,-0.984352,2.126324,53.859787,56.130466,55.954414
3,2.200000,4,3,0.000000,2.126324,51.812866,50.059952,50.389874
0,2.200000,1,0,0.463949,0.000004,55.803806,56.787315,56.928604
1,2.400000,2,1,-0.978385,0.485585,53.795399,56.777016,55.262482
2,2.400000,2,3,-0.978385,2.305517,57.228054,56.677704,55.677925
3,2.400000,4,3,0.000000,2.305517,53.148537,50.204277,50.851360
0,2.400000,1,0,0.485585,0.000004,56.578781,56.990749,56.897385
1,2.600000,2,1,-0.946036,0.554117,56.995926,56.971630,55.323090
2,2.600000,2,3,-0.946036,2.522720,51.698120,56.325741,55.374901
3,2.600000,4,3,0.000000,2.522720,50.762726,51.694862,51.385651
0,2.600000,1,0,0.554117,0.000005,53.511299,56.928276,56.797913
1,2.800000,2,1,-0.903095,0.846711,54.656429,57.035679,55.732285
2,2.800000,2,3,-0.903095,2.489165,57.275803,56.100880,55.501324
3,2.800000,4,3,0.000000,2.489165,47.499916,51.776119,51.304810
0,2.800000,1,0,0.846711,0.000005,60.747311,56.811211,56.362652
1,3.000000,2,1,-0.736991,0.906978,45.891937,57.402710,55.560692
2,3.000000,2,3,-0.736991,2.476372,61.278915,55.759369,55.791367
3,3.000000,4,3,0.000000,2.476372,53.251789,52.238274,51.273827
0,3.000000,1,0,0.906978,0.000005,56.221382,56.428719,56.270790
1,3.200000,2,1,-0.722704,0.789327,57.453888,56.027840,55.342911
2,3.200000,2,3,-0.722704,2.655774,57.785774,56.018585,55.523949
3,3.200000,4,3,0.000000,2.655774,57.027298,51.639217,51.700417
0,3.200000,1,0,0.789327,0.000006,53.867535,56.622166,56.449402
1,3.400000,2,1,-0.769730,0.725062,54.577953,55.522011,55.314133
2,3.400000,2,3,-0.769730,2.864429,55.675980,56.061188,55.096394
3,3.400000,4,3,0.000000,2.864429,53.546494,52.735500,52.176369
0,3.400000,1,0,0.725062,0.000006,57.782780,56.367775,56.545742
1,3.600000,2,1,-0.763846,0.706895,53.575378,56.112038,55.273849
2,3.600000,2,3,-0.763846,2.903106,59.565960,54.693699,55.040321
3,3.600000,4,3,0.000000,2.903106,48.582451,51.737675,52.262344
0,3.600000,1,0,0.706895,0.000006,55.148415,55.627041,56.572823
1,3.800000,2,1,-0.575093,0.660546,49.872128,55.816925,54.872025
2,3.800000,2,3,-0.575093,3.049395,53.432678,54.968895,55.112877
3,3.800000,4,3,0.000000,3.049395,55.062756,52.417797,52.581512
0,3.800000,1,0,0.660546,0.000007,50.084366,56.166309,56.641602
1,4.000000,2,1,-0.540867,0.628446,50.797562,54.497200,54.755920
2,4.000000,2,3,-0.540867,3.125552,57.674091,54.977295,55.041233
3,4.000000,4,3,0.000000,3.125552,53.846016,54.179047,52.744030
0,4.000000,1,0,0.628446,0.000007,53.596069,56.609062,56.688988
1,4.200000,2,1,-0.536793,0.687412,50.291592,54.841286,54.852097
2,4.200000,2,3,-0.536793,3.137135,56.964878,55.493835,55.028351
3,4.200000,4,3,0.000000,3.137135,51.758408,51.966354,52.768536
0,4.200000,1,0,0.687412,0.000007,56.557529,56.772282,56.601788
1,4.400000,2,1,-0.586600,0.747021,51.400768,56.065140,55.041302
2,4.400000,2,3,-0.586600,3.186466,53.207451,54.590672,54.856857
3,4.400000,4,3,0.000000,3.186466,55.157082,53.063835,52.872292
0,4.400000,1,0,0.747021,0.000008,55.921921,57.111080,56.512924
1,4.600000,2,1,-0.460360,0.740636,55.095352,57.235584,54.811539
2,4.600000,2,3,-0.460360,3.133534,57.778774,55.269642,55.164856
3,4.600000,4,3,0.000000,3.133534,52.695805,53.356403,52.760921
0,4.600000,1,0,0.740636,0.000008,50.054245,56.924198,56.522476
1,4.800000,2,1,-0.415874,0.737082,55.391747,56.319405,54.727097
2,4.800000,2,3,-0.415874,3.415954,48.993301,54.970875,54.753914
3,4.800000,4,3,0.000000,3.415954,52.571495,52.853806,53.342335
0,4.800000,1,0,0.737082,0.000008,53.252571,57.522228,56.527794
1,5.000000,2,1,-0.366944,0.778661,61.512665,56.077873,54.714115
2,5.000000,2,3,-0.366944,3.422960,50.991257,54.553909,54.827461
3,5.000000,4,3,0.000000,3.422960,50.870571,54.968376,53.356369
0,5.000000,1,0,0.778661,0.000009,57.812458,57.879112,56.465458
1,5.200000,2,1,-0.177158,0.915999,59.871986,56.044533,54.621059
2,5.200000,2,3,-0.177158,3.517055,56.824238,54.622749,54.993484
3,5.200000,4,3,0.000000,3.517055,54.624115,54.112289,53.543129
0,5.200000,1,0,0.915999,0.000009,54.650799,57.972927,56.256981
1,5.400000,2,1,-0.371376,0.930708,50.928932,55.738037,54.987106
2,5.400000,2,3,-0.371376,3.676889,56.375877,53.652847,54.366089
3,5.400000,4,3,0.000000,3.676889,57.391800,54.468994,53.853180
0,5.400000,1,0,0.930708,0.000010,59.021950,57.581944,56.234413
1,5.600000,2,1,-0.409275,0.793107,49.100288,55.254807,54.813965
2,5.600000,2,3,-0.409275,3.708733,56.486023,52.302795,54.238113
3,5.600000,4,3,0.000000,3.708733,50.577595,52.617062,53.913906
0,5.600000,1,0,0.793107,0.000010,56.710155,57.803623,56.443718
1,5.800000,2,1,-0.470674,0.741490,47.521408,55.243477,54.831074
2,5.800000,2,3,-0.470674,3.729414,49.801552,52.275551,54.085533
3,5.800000,4,3,0.000000,3.729414,52.994656,53.115475,53.953167
0,5.800000,1,0,0.741490,0.000010,47.894867,57.942871,56.521202
1,6.000000,2,1,-0.329329,0.846676,52.278957,55.201519,54.767693
2,6.000000,2,3,-0.329329,3.617536,53.631847,52.916573,54.549507
3,6.000000,4,3,0.000000,3.617536,50.639397,54.521549,53.739075
0,6.000000,1,0,0.846676,0.000011,57.763138,58.193314,56.362717
1,6.200000,2,1,-0.365591,0.925365,54.607471,55.743858,54.967918
2,6.200000,2,3,-0.365591,3.517865,57.526390,54.445683,54.662651
3,6.200000,4,3,0.000000,3.517865,55.881477,53.582821,53.544720
0,6.200000,1,0,0.925365,0.000011,55.840805,57.472942,56.242619
1,6.400000,2,1,-0.392646,1.014878,55.116100,55.940880,55.167255
2,6.400000,2,3,-0.392646,3.494627,55.184853,54.864258,54.655876
3,6.400000,4,3,0.000000,3.494627,52.900398,54.107094,53.498901
0,6.400000,1,0,1.014878,0.000011,55.971535,57.443447,56.104370
1,6.600000,2,1,-0.359662,0.996463,61.255135,56.104805,55.079811
2,6.600000,2,3,-0.359662,3.615004,49.850510,55.588234,54.499527
3,6.600000,4,3,0.000000,3.615004,53.556286,55.271507,53.734177
0,6.600000,1,0,0.996463,0.000012,55.062206,57.361687,56.132954
1,6.800000,2,1,-0.263894,1.061158,54.616955,55.867447,55.026604
2,6.800000,2,3,-0.263894,3.610123,51.517250,55.222679,54.679394
3,6.800000,4,3,0.000000,3.610123,50.657993,55.174366,53.724739
0,6.800000,1,0,1.061158,0.000012,55.840195,56.957394,56.032196
1,7.000000,2,1,-0.293036,1.055177,60.003845,55.281269,55.066284
2,7.000000,2,3,-0.293036,3.683182,56.812225,55.853889,54.496731
3,7.000000,4,3,0.000000,3.683182,55.833576,53.609303,53.865208
0,7.000000,1,0,1.055177,0.000012,57.790436,57.151955,56.041550
1,7.200000,2,1,-0.249176,0.989532,59.535851,55.426037,54.877365
2,7.200000,2,3,-0.249176,3.788731,55.404369,55.215775,54.384968
3,7.200000,4,3,0.000000,3.788731,56.749619,54.523453,54.064987
0,7.200000,1,0,0.989532,0.000013,54.667110,57.214516,56.143696
1,7.400000,2,1,-0.291929,1.044616,57.517311,55.768768,55.046314
2,7.400000,2,3,-0.291929,3.904097,54.054695,55.079159,54.093136
3,7.400000,4,3,0.000000,3.904097,54.594990,53.375870,54.279224
0,7.400000,1,0,1.044616,0.000013,54.061066,56.947269,56.058048
1,7.600000,2,1,-0.206750,1.084463,55.060768,55.545811,54.968361
2,7.600000,2,3,-0.206750,3.799720,53.250645,55.231205,54.442066
3,7.600000,4,3,0.000000,3.799720,53.182053,53.947441,54.085579
0,7.600000,1,0,1.084463,0.000013,54.233879,56.116844,55.995667
1,7.800000,2,1,-0.192378,1.194573,54.883400,55.727211,55.132339
2,7.800000,2,3,-0.192378,3.682437,49.917557,55.740345,54.677979
3,7.800000,4,3,0.000000,3.682437,54.870014,54.505512,53.863785
0,7.800000,1,0,1.194573,0.000014,63.644352,56.058876,55.821404
1,8.000000,2,1,-0.157423,1.233907,53.922104,55.893093,55.139778
2,8.000000,2,3,-0.157423,3.877141,50.638866,55.577732,54.391052
3,8.000000,4,3,0.000000,3.877141,54.507462,54.131115,54.229546
0,8.000000,1,0,1.233907,0.000014,57.026470,55.457024,55.758472
1,8.200000,2,1,-0.116366,1.263505,60.426315,54.784809,55.120296
2,8.200000,2,3,-0.116366,3.894264,50.439953,54.692398,54.434528
3,8.200000,4,3,0.000000,3.894264,57.258987,54.523991,54.261127
0,8.200000,1,0,1.263505,0.000015,56.695805,54.789330,55.710876
1,8.400000,2,1,-0.125266,1.334879,57.743614,55.459469,55.256058
2,8.400000,2,3,-0.125266,3.900852,55.043755,55.117893,54.406418
3,8.400000,4,3,0.000000,3.900852,56.495171,54.628021,54.273254
0,8.400000,1,0,1.334879,0.000015,54.226887,55.031334,55.595226
1,8.600000,2,1,-0.124155,1.422030,52.745602,55.417053,55.399708
2,8.600000,2,3,-0.124155,3.888783,56.656097,54.564987,54.430344
3,8.600000,4,3,0.000000,3.888783,51.786140,53.843647,54.251030
0,8.600000,1,0,1.422030,0.000015,55.903809,54.464886,55.452324
1,8.800000,2,1,-0.170724,1.352550,53.490295,56.468887,55.361641
2,8.800000,2,3,-0.170724,3.796934,51.631920,54.856636,54.512146
3,8.800000,4,3,0.000000,3.796934,50.189541,54.958866,54.080360
0,8.800000,1,0,1.352550,0.000016,54.865444,54.323814,55.566406
1,9.000000,2,1,-0.130984,1.100122,59.642933,56.053566,54.864128
2,9.000000,2,3,-0.130984,3.786852,53.607246,54.848324,54.601456
3,9.000000,4,3,0.000000,3.786852,54.834457,54.395813,54.061462
0,9.000000,1,0,1.100122,0.000016,61.127506,55.019073,55.971062
1,9.200000,2,1,-0.181402,1.076405,52.378082,55.073090,54.910553
2,9.200000,2,3,-0.181402,3.882600,58.202492,55.288383,54.337341
3,9.200000,4,3,0.000000,3.882600,56.670971,53.950119,54.239624
0,9.200000,1,0,1.076405,0.000016,58.534801,55.797798,56.008316
1,9.400000,2,1,-0.081829,1.087784,51.003262,54.915096,54.756447
2,9.400000,2,3,-0.081829,3.881155,56.465881,55.308170,54.520557
3,9.400000,4,3,0.000000,3.881155,56.695847,52.682617,54.236954
0,9.400000,1,0,1.087784,0.000017,57.527771,56.016079,55.990459
1,9.600000,2,1,-0.087391,1.020863,55.937298,54.470589,54.647926
2,9.600000,2,3,-0.087391,3.926076,52.941082,55.467117,54.429382
3,9.600000,4,3,0.000000,3.926076,57.167385,55.221203,54.319565
0,9.600000,1,0,1.020863,0.000017,59.042122,56.372505,56.095070
1,9.800000,2,1,-0.120837,0.939452,54.158329,54.411598,54.562332
2,9.800000,2,3,-0.120837,3.876655,54.383358,54.516914,54.458321
3,9.800000,4,3,0.000000,3.876655,56.144371,54.947044,54.228645
0,9.800000,1,0,0.939452,0.000017,56.785477,56.142635,56.220985
1,10.000000,2,1,-0.231860,0.992786,54.308056,54.486862,54.852867
2,10.000000,2,3,-0.231860,3.925739,56.236076,54.951637,54.164787
3,10.000000,4,3,0.000000,3.925739,53.375088,53.670586,54.318947
0,10.000000,1,0,0.992786,0.000018,58.407978,56.665272,56.138664
1,10.200000,2,1,-0.195193,0.996707,55.061604,54.141163,54.795601
2,10.200000,2,3,-0.195193,3.947515,58.329845,54.846851,54.192421
3,10.200000,4,3,0.000000,3.947515,56.742031,56.580139,54.358772
0,10.200000,1,0,0.996707,0.000018,50.832298,55.695423,56.132584
1,10.400000,2,1,-0.336424,0.962396,57.381607,53.712688,54.981480
2,10.400000,2,3,-0.336424,4.076802,57.149414,54.484489,53.679028
3,10.400000,4,3,0.000000,4.076802,50.453716,54.838863,54.592239
0,10.400000,1,0,0.962396,0.000018,57.284206,56.012753,56.185650
1,10.600000,2,1,-0.351045,0.905997,56.098156,54.640102,54.909225
2,10.600000,2,3,-0.351045,4.163909,53.967899,53.495033,53.479507
3,10.600000,4,3,0.000000,4.163909,59.481129,54.344631,54.746761
0,10.600000,1,0,0.905997,0.000019,53.176842,55.772263,56.272312
1,10.800000,2,1,-0.432716,0.946108,52.553886,55.030865,55.118515
2,10.800000,2,3,-0.432716,4.133806,50.890965,53.101070,53.376949
3,10.800000,4,3,0.000000,4.133806,54.746914,55.379581,54.693611
0,10.800000,1,0,0.946108,0.000019,57.681263,56.465874,56.210751
1,11.000000,2,1,-0.528103,1.055976,53.708614,55.293552,55.462376
2,11.000000,2,3,-0.528103,4.037926,50.037163,52.666622,53.377934
3,11.000000,4,3,0.000000,4.037926,53.310860,54.200233,54.522564
0,11.000000,1,0,1.055976,0.000019,58.554401,57.267788,56.040314
1,11.200000,2,1,-0.556157,0.974862,57.761055,55.213554,55.374523
2,11.200000,2,3,-0.556157,4.037054,55.101639,52.237637,53.323486
3,11.200000,4,3,0.000000,4.037054,55.675339,54.568588,54.520996
0,11.200000,1,0,0.974862,0.000020,53.058548,56.493793,56.166405
1,11.400000,2,1,-0.532944,1.076798,58.712852,55.917229,55.504616
2,11.400000,2,3,-0.532944,3.916837,53.976639,51.938328,53.607750
3,11.400000,4,3,0.000000,3.916837,57.397762,56.296665,54.302628
0,11.400000,1,0,1.076798,0.000020,58.351944,56.769756,56.007706
1,11.600000,2,1,-0.420457,1.078685,58.209644,56.620327,55.321400
2,11.600000,2,3,-0.420457,3.869737,58.579483,52.396660,53.915535
3,11.600000,4,3,0.000000,3.869737,57.095757,54.675602,54.215858
0,11.600000,1,0,1.078685,0.000021,52.775993,56.572147,56.004745
1,11.800000,2,1,-0.266576,0.974443,57.840851,55.540344,54.881386
2,11.800000,2,3,-0.266576,3.770816,57.905525,52.922516,54.385906
3,11.800000,4,3,0.000000,3.770816,47.849804,55.100784,54.031338
0,11.800000,1,0,0.974443,0.000021,56.393147,56.056297,56.167053
1,12.000000,2,1,-0.403543,0.933577,53.516193,54.851624,55.047298
2,12.000000,2,3,-0.403543,3.865879,54.635441,52.880363,53.954964
3,12.000000,4,3,0.000000,3.865879,58.120430,54.487640,54.208717
0,12.000000,1,0,0.933577,0.000021,57.363617,56.178341,56.230026
1,12.200000,2,1,-0.280361,0.937486,52.023174,54.221710,54.841000
2,12.200000,2,3,-0.280361,3.778162,61.093243,52.687511,54.347363
3,12.200000,4,3,0.000000,3.778162,53.083298,53.453098,54.045147
0,12.200000,1,0,0.937486,0.000022,54.643696,56.361202,56.224014
1,12.400000,2,1,-0.299913,0.978189,55.031887,54.628956,54.945709
2,12.400000,2,3,-0.299913,3.783222,52.550854,52.854282,54.302292
3,12.400000,4,3,0.000000,3.783222,51.931736,53.993965,54.054649
0,12.400000,1,0,0.978189,0.000022,53.004707,56.453697,56.161263
1,12.600000,2,1,-0.335850,1.023665,55.889759,54.847340,55.085602
2,12.600000,2,3,-0.335850,3.759511,49.321117,52.399521,54.279831
3,12.600000,4,3,0.000000,3.759511,61.253365,53.291336,54.010048
0,12.600000,1,0,1.023665,0.000022,57.025925,56.315578,56.090717
1,12.800000,2,1,-0.380507,1.074855,50.455204,55.715286,55.248016
2,12.800000,2,3,-0.380507,3.884098,53.701103,52.641312,53.964081
3,12.800000,4,3,0.000000,3.884098,58.632191,53.894062,54.242386
0,12.800000,1,0,1.074855,0.000023,53.693840,56.101524,56.010757
1,13.000000,2,1,-0.404787,0.910956,57.827641,56.134510,55.010612
2,13.000000,2,3,-0.404787,3.723204,52.228134,52.477203,54.219666
3,13.000000,4,3,0.000000,3.723204,50.711216,54.308235,53.941391
0,13.000000,1,0,0.910956,0.000023,57.035946,55.770142,56.264725
1,13.200000,2,1,-0.447116,0.831399,56.995735,55.687965,54.946423
2,13.200000,2,3,-0.447116,3.709895,57.187653,53.633713,54.165878
3,13.200000,4,3,0.000000,3.709895,50.607590,54.100590,53.916115
0,13.200000,1,0,0.831399,0.000023,56.343483,56.061295,56.385895
1,13.400000,2,1,-0.311015,0.785994,50.547874,55.103771,54.627922
2,13.400000,2,3,-0.311015,3.661823,54.807564,53.419827,54.502823
3,13.400000,4,3,0.000000,3.661823,49.552265,54.823116,53.824326
0,13.400000,1,0,0.785994,0.000024,57.397942,55.893066,56.454445
1,13.600000,2,1,-0.437450,0.795553,56.388699,54.778606,54.867432
2,13.600000,2,3,-0.437450,3.660341,54.099888,53.508892,54.275364
3,13.600000,4,3,0.000000,3.660341,55.745888,53.011848,53.821487
0,13.600000,1,0,0.795553,0.000024,57.422867,56.002205,56.440056
1,13.800000,2,1,-0.390132,0.852662,53.986427,55.220093,54.884476
2,13.800000,2,3,-0.390132,3.840968,55.309303,53.822697,54.027325
3,13.800000,4,3,0.000000,3.840968,52.753113,54.773388,54.162514
0,13.800000,1,0,0.852662,0.000024,57.013283,56.232807,56.353645
1,14.000000,2,1,-0.309661,0.858860,53.545166,54.862103,54.754524
2,14.000000,2,3,-0.309661,3.762007,55.204941,52.974556,54.323311
3,14.000000,4,3,0.000000,3.762007,53.134968,53.453079,54.014748
0,14.000000,1,0,0.858860,0.000025,56.434078,56.648376,56.344227
1,14.200000,2,1,-0.268494,1.031204,52.006165,55.406059,54.982994
2,14.200000,2,3,-0.268494,3.783940,56.147758,54.078846,54.358482
3,14.200000,4,3,0.000000,3.783940,50.474735,54.165283,54.056000
0,14.200000,1,0,1.031204,0.000025,55.125305,56.571205,56.078983
1,14.400000,2,1,-0.283101,1.040046,55.110573,55.753536,55.023331
2,14.400000,2,3,-0.283101,3.884326,48.300571,54.313660,54.146503
3,14.400000,4,3,0.000000,3.884326,56.155556,54.108391,54.242809
0,14.400000,1,0,1.040046,0.000026,59.005615,56.238098,56.065201
1,14.600000,2,1,-0.164778,1.176169,54.608593,56.064358,55.053852
2,14.600000,2,3,-0.164778,3.837389,57.381485,54.078262,54.449860
3,14.600000,4,3,0.000000,3.837389,59.563522,54.779724,54.155861
0,14.600000,1,0,1.176169,0.000026,57.415310,56.544460,55.850746
1,14.800000,2,1,-0.226760,1.179505,50.831966,56.496441,55.165123
2,14.800000,2,3,-0.226760,3.823050,52.282074,54.291405,54.363270
3,14.800000,4,3,0.000000,3.823050,50.401802,54.659279,54.129162
0,14.800000,1,0,1.179505,0.000026,57.973572,56.519314,55.845440
1,15.000000,2,1,-0.171030,1.198958,56.741413,56.335785,55.103466
2,15.000000,2,3,-0.171030,3.879200,55.366001,54.667404,54.362503
3,15.000000,4,3,0.000000,3.879200,51.839951,53.482452,54.233345
0,15.000000,1,0,1.198958,0.000027,56.495762,56.339989,55.814430
1,15.200000,2,1,-0.186114,1.217177,60.086086,56.532131,55.160080
2,15.200000,2,3,-0.186114,3.843698,53.067760,55.896652,54.399704
3,15.200000,4,3,0.000000,3.843698,53.663826,53.360985,54.167587
0,15.200000,1,0,1.217177,0.000027,54.209831,56.034737,55.785305
1,15.400000,2,1,-0.144697,1.271080,47.566059,56.469326,55.181232
2,15.400000,2,3,-0.144697,3.763927,54.117638,55.756920,54.617886
3,15.400000,4,3,0.000000,3.763927,54.261684,54.535801,54.018368
0,15.400000,1,0,1.271080,0.000027,60.447536,55.613899,55.698677
1,15.600000,2,1,-0.050274,1.178071,56.339272,56.932388,54.859314
2,15.600000,2,3,-0.050274,3.676755,57.922470,55.513168,54.936832
3,15.600000,4,3,0.000000,3.676755,52.154766,53.042091,53.852921
0,15.600000,1,0,1.178071,0.000028,55.561947,54.964500,55.847725
1,15.800000,2,1,-0.042930,1.105487,54.833248,56.409931,54.719082
2,15.800000,2,3,-0.042930,3.867583,53.469959,56.327343,54.614517
3,15.800000,4,3,0.000000,3.867583,54.925682,55.644669,54.211872
0,15.800000,1,0,1.105487,0.000028,56.296440,54.894695,55.962635
1,16.000000,2,1,-0.163842,1.126858,55.246983,56.030319,54.967476
2,16.000000,2,3,-0.163842,3.916809,54.501518,55.209858,54.306847
3,16.000000,4,3,0.000000,3.916809,56.123444,54.392338,54.302574
0,16.000000,1,0,1.126858,0.000028,57.881042,55.981628,55.928928
1,16.200000,2,1,-0.155822,1.118171,53.251915,56.567509,54.938599
2,16.200000,2,3,-0.155822,3.885391,56.248146,55.895901,54.378944
3,16.200000,4,3,0.000000,3.885391,52.133747,53.675270,54.244774
0,16.200000,1,0,1.118171,0.000029,57.337936,55.938381,55.942642
1,16.400000,2,1,-0.140807,1.121062,51.546192,56.276642,54.917599
2,16.400000,2,3,-0.140807,3.925024,53.155499,55.860378,54.334000
3,16.400000,4,3,0.000000,3.925024,56.714054,54.747208,54.317635
0,16.400000,1,0,1.121062,0.000029,56.892254,55.906860,55.938080
1,16.600000,2,1,-0.146853,1.121742,56.098858,56.035465,54.929253
2,16.600000,2,3,-0.146853,3.879744,58.962246,55.480938,54.405548
3,16.600000,4,3,0.000000,3.879744,55.632732,54.271030,54.234352
0,16.600000,1,0,1.121742,0.000029,60.884750,56.494801,55.937008
1,16.800000,2,1,-0.120844,1.138349,51.022541,56.713505,54.912956
2,16.800000,2,3,-0.120844,3.907434,55.852074,55.636734,54.402489
3,16.800000,4,3,0.000000,3.907434,50.580631,53.282818,54.285358
0,16.800000,1,0,1.138349,0.000030,54.592415,56.557972,55.910763
1,17.000000,2,1,-0.115181,1.177690,57.377678,56.252617,54.971222
2,17.000000,2,3,-0.115181,3.879036,58.175735,55.702633,54.464241
3,17.000000,4,3,0.000000,3.879036,55.703613,53.341885,54.233044
0,17.000000,1,0,1.177690,0.000030,56.693172,56.723881,55.848335
1,17.200000,2,1,-0.104451,1.183715,57.820763,56.169266,54.963100
2,17.200000,2,3,-0.104451,3.844361,55.049118,55.358761,54.546017
3,17.200000,4,3,0.000000,3.844361,51.943630,53.933037,54.168823
0,17.200000,1,0,1.183715,0.000030,55.759014,56.439495,55.838741
1,17.400000,2,1,-0.240530,1.208513,49.763222,57.487736,55.237381
2,17.400000,2,3,-0.240530,3.904523,48.221325,55.854042,54.188072
3,17.400000,4,3,0.000000,3.904523,60.540066,52.624416,54.280006
0,17.400000,1,0,1.208513,0.000031,56.827820,55.773548,55.799171
1,17.600000,2,1,-0.195853,1.268935,53.454483,57.810616,55.263855
2,17.600000,2,3,-0.195853,4.018448,53.685417,55.963409,54.058899
3,17.600000,4,3,0.000000,4.018448,57.500603,53.896740,54.487488
0,17.600000,1,0,1.268935,0.000031,54.227081,55.286671,55.702145
1,17.800000,2,1,-0.192684,1.113418,55.929253,57.768909,54.994026
2,17.800000,2,3,-0.192684,3.925478,59.651318,55.984329,54.237827
3,17.800000,4,3,0.000000,3.925478,57.200924,53.519630,54.318466
0,17.800000,1,0,1.113418,0.000032,56.445282,55.087559,55.950142
1,18.000000,2,1,-0.210684,1.163000,50.098125,57.331387,55.109764
2,18.000000,2,3,-0.210684,3.824966,58.710564,55.714920,54.389076
3,18.000000,4,3,0.000000,3.824966,55.944069,53.583344,54.132732
0,18.000000,1,0,1.163000,0.000032,54.946510,55.375336,55.871689
1,18.200000,2,1,-0.104017,1.085965,55.315289,57.010052,54.792236
2,18.200000,2,3,-0.104017,3.776450,53.520069,55.839638,54.667957
3,18.200000,4,3,0.000000,3.776450,49.941257,54.494408,54.041931
0,18.200000,1,0,1.085965,0.000032,56.118504,55.700420,55.993340
1,18.400000,2,1,-0.103584,1.074764,50.286385,56.442238,54.771809
2,18.400000,2,3,-0.103584,3.828948,54.959015,57.115139,54.575188
3,18.400000,4,3,0.000000,3.828948,51.641270,54.638355,54.140152
0,18.400000,1,0,1.074764,0.000033,60.531666,56.646801,56.010918
1,18.600000,2,1,-0.207737,1.184089,56.238495,56.589649,55.140625
2,18.600000,2,3,-0.207737,3.740577,51.186111,56.922047,54.546913
3,18.600000,4,3,0.000000,3.740577,55.593307,54.689873,53.974297
0,18.600000,1,0,1.184089,0.000033,56.689259,56.614754,55.838150
1,18.800000,2,1,-0.121111,1.188307,57.100952,56.806946,54.999733
2,18.800000,2,3,-0.121111,3.934449,56.641052,56.594948,54.352776
3,18.800000,4,3,0.000000,3.934449,56.509979,53.373634,54.334892
0,18.800000,1,0,1.188307,0.000033,56.859657,56.198997,55.831429
1,19.000000,2,1,-0.045774,1.145104,56.785980,56.167484,54.793808
2,19.000000,2,3,-0.045774,3.984108,55.907497,56.088890,54.399574
3,19.000000,4,3,0.000000,3.984108,52.397499,54.122223,54.425362
0,19.000000,1,0,1.145104,0.000034,56.577927,55.182072,55.900078
1,19.200000,2,1,-0.040032,1.108907,53.738762,55.615814,54.720001
2,19.200000,2,3,-0.040032,4.044071,55.287971,55.700790,54.300514
3,19.200000,4,3,0.000000,4.044071,55.078136,55.127995,54.533607
0,19.200000,1,0,1.108907,0.000034,60.573868,55.405117,55.957256
1,19.400000,2,1,0.033538,1.159653,55.487537,54.839119,54.679626
2,19.400000,2,3,0.033538,4.096942,58.000359,55.244240,54.338440
3,19.400000,4,3,0.000000,4.096942,56.461685,54.954811,54.628166
0,19.400000,1,0,1.159653,0.000034,53.429550,55.449516,55.877007
1,19.600000,2,1,0.017118,1.239122,53.774998,55.473373,54.848259
2,19.600000,2,3,0.017118,4.064851,53.746738,55.400753,54.367058
3,19.600000,4,3,0.000000,4.064851,54.921284,53.993290,54.570869
0,19.600000,1,0,1.239122,0.000035,53.320930,55.308430,55.750134
1,19.800000,2,1,-0.139007,1.208875,57.971130,55.722672,55.065720
2,19.800000,2,3,-0.139007,4.026556,53.316425,55.418156,54.149971
3,19.800000,4,3,0.000000,4.026556,56.833344,53.998093,54.502102
0,19.800000,1,0,1.208875,0.000035,55.781219,55.777874,55.798599
1,20.000000,2,1,-0.101563,1.245667,52.860744,56.774780,55.064606
2,20.000000,2,3,-0.101563,3.880097,54.453110,55.778000,54.486916
3,20.000000,4,3,0.000000,3.880097,52.891205,52.146053,54.235001
0,20.000000,1,0,1.245667,0.000035,59.905792,55.877621,55.739616
1,20.200000,2,1,-0.032897,1.372863,56.047718,56.439407,55.164268
2,20.200000,2,3,-0.032897,3.815771,56.412624,55.499275,54.724228
3,20.200000,4,3,0.000000,3.815771,49.060455,54.331913,54.115582
0,20.200000,1,0,1.372863,0.000036,60.276340,56.554558,55.533207
1,20.400000,2,1,-0.119883,1.362454,58.252186,56.610725,55.293289
2,20.400000,2,3,-0.119883,3.853690,51.362389,54.831696,54.501495
3,20.400000,4,3,0.000000,3.853690,50.840813,54.079075,54.186134
0,20.400000,1,0,1.362454,0.000036,55.980972,56.507244,55.550247
1,20.600000,2,1,-0.001182,1.268469,50.268227,56.618282,54.931084
2,20.600000,2,3,-0.001182,3.811482,56.887123,53.910252,54.787590
3,20.600000,4,3,0.000000,3.811482,60.273621,52.920479,54.107571
0,20.600000,1,0,1.268469,0.000037,53.154541,56.397717,55.702904
1,20.800000,2,1,0.090763,1.252111,59.064972,55.341209,54.741890
2,20.800000,2,3,0.090763,3.862363,56.410107,54.062611,54.859413
3,20.800000,4,3,0.000000,3.862363,49.651978,55.729118,54.202209
0,20.800000,1,0,1.252111,0.000037,56.452522,56.754333,55.729256
1,21.000000,2,1,0.071897,1.415117,54.151291,55.580109,55.057743
2,21.000000,2,3,0.071897,3.866211,53.786156,53.899635,54.819748
3,21.000000,4,3,0.000000,3.866211,55.007648,55.063549,54.209335
0,21.000000,1,0,1.415117,0.000037,56.983429,56.074280,55.463760
1,21.200000,2,1,0.072132,1.337773,54.085587,56.158455,54.924137
2,21.200000,2,3,0.072132,3.898403,57.313374,55.090874,54.763687
3,21.200000,4,3,0.000000,3.898403,53.751694,54.996243,54.268749
0,21.200000,1,0,1.337773,0.000038,54.911434,55.953568,55.590546
1,21.400000,2,1,0.065355,1.270077,51.475540,55.195179,54.818058
2,21.400000,2,3,0.065355,3.918041,57.116722,54.736240,54.717133
3,21.400000,4,3,0.000000,3.918041,48.970478,55.062317,54.304836
0,21.400000,1,0,1.270077,0.000038,56.424686,56.846306,55.700314
1,21.600000,2,1,0.029138,1.186702,47.864784,54.749828,54.735222
2,21.600000,2,3,0.029138,3.959045,58.576019,53.886562,54.579884
3,21.600000,4,3,0.000000,3.959045,55.444263,55.124359,54.379799
0,21.600000,1,0,1.186702,0.000038,51.932552,56.616196,55.833996
1,21.800000,2,1,0.028051,1.186978,54.442200,54.890194,54.737625
2,21.800000,2,3,0.028051,3.813307,56.212631,53.182892,54.835583
3,21.800000,4,3,0.000000,3.813307,58.443104,53.927933,54.110981
0,21.800000,1,0,1.186978,0.000039,54.618103,56.445816,55.833557
1,22.000000,2,1,-0.107434,1.229089,58.058846,54.290401,55.046272
2,22.000000,2,3,-0.107434,3.880424,53.464329,54.324169,54.475731
3,22.000000,4,3,0.000000,3.880424,49.950260,54.698242,54.235603
0,22.000000,1,0,1.229089,0.000039,57.244892,56.382904,55.766243
1,22.200000,2,1,-0.103644,1.289257,51.968269,54.753498,55.142448
2,22.200000,2,3,-0.103644,4.035188,54.757378,53.489010,54.199604
3,22.200000,4,3,0.000000,4.035188,54.518784,55.121262,54.517639
0,22.200000,1,0,1.289257,0.000039,53.342384,55.617661,55.669327
1,22.400000,2,1,-0.200525,1.206706,55.095070,55.088043,55.166759
2,22.400000,2,3,-0.200525,3.936082,49.922119,52.561886,54.203728
3,22.400000,4,3,0.000000,3.936082,54.178753,54.829136,54.337879
0,22.400000,1,0,1.206706,0.000040,54.984547,55.597561,55.802071
1,22.600000,2,1,-0.195668,1.269553,58.742683,55.630798,55.264587
2,22.600000,2,3,-0.195668,4.068194,49.937321,52.961262,53.965488
3,22.600000,4,3,0.000000,4.068194,54.537025,55.209511,54.576851
0,22.600000,1,0,1.269553,0.000040,55.871452,56.009338,55.701164
1,22.800000,2,1,-0.114430,1.237011,57.240395,55.322075,55.071808
2,22.800000,2,3,-0.114430,4.193923,54.456898,52.367455,53.880951
3,22.800000,4,3,0.000000,4.193923,56.290882,53.897312,54.799496
0,22.800000,1,0,1.237011,0.000040,58.136890,56.085091,55.753532
1,23.000000,2,1,-0.139944,1.121843,58.447685,55.276096,54.917458
2,23.000000,2,3,-0.139944,4.100034,53.963753,52.351791,54.010605
3,23.000000,4,3,0.000000,4.100034,48.667747,54.269005,54.633667
0,23.000000,1,0,1.121843,0.000041,55.803967,56.144016,55.936867
1,23.200000,2,1,-0.024944,1.088384,58.408955,55.046219,54.656944
2,23.200000,2,3,-0.024944,4.088530,53.680820,52.564285,54.246475
3,23.200000,4,3,0.000000,4.088530,55.341351,56.098228,54.613174
0,23.200000,1,0,1.088384,0.000041,59.616871,56.205441,55.989555
1,23.400000,2,1,0.127259,1.104176,52.861080,55.300301,54.411930
2,23.400000,2,3,0.127259,4.157833,58.022316,53.212727,54.398315
3,23.400000,4,3,0.000000,4.157833,51.888279,55.046295,54.736053
0,23.400000,1,0,1.104176,0.000041,51.421066,55.895439,55.964722
1,23.600000,2,1,0.313486,1.199532,49.986874,55.207165,54.245590
2,23.600000,2,3,0.313486,4.152655,54.769073,53.504406,54.740982
3,23.600000,4,3,0.000000,4.152655,54.060974,53.814430,54.726921
0,23.600000,1,0,1.199532,0.000042,52.295425,56.080021,55.813538
1,23.800000,2,1,0.290955,1.231042,59.990376,54.457867,54.344818
2,23.800000,2,3,0.290955,4.179770,52.655552,54.366318,54.653133
3,23.800000,4,3,0.000000,4.179770,56.233559,54.967175,54.774662
0,23.800000,1,0,1.231042,0.000042,58.814194,56.267853,55.763115
1,24.000000,2,1,0.174368,1.212069,50.561996,53.950981,54.521790
2,24.000000,2,3,0.174368,4.085930,49.731140,54.543198,54.612648
3,24.000000,4,3,0.000000,4.085930,54.124905,53.687344,54.608536
0,24.000000,1,0,1.212069,0.000043,66.286888,56.109001,55.793503
1,24.200000,2,1,0.374847,1.061712,52.180420,54.010567,53.871822
2,24.200000,2,3,0.374847,4.194127,58.669529,55.476738,54.775978
3,24.200000,4,3,0.000000,4.194127,54.086205,55.249565,54.799854
0,24.200000,1,0,1.061712,0.000043,61.414658,55.996307,56.031376
1,24.400000,2,1,0.410245,1.146958,50.220959,53.530354,53.966579
2,24.400000,2,3,0.410245,4.122411,54.717258,55.999252,54.962524
3,24.400000,4,3,0.000000,4.122411,49.400238,54.646118,54.673424
0,24.400000,1,0,1.146958,0.000043,60.385826,56.599056,55.897156
1,24.600000,2,1,0.293477,1.185409,53.317577,54.321396,54.256443
2,24.600000,2,3,0.293477,4.136666,49.753269,56.314583,54.733894
3,24.600000,4,3,0.000000,4.136666,55.231831,54.668617,54.698669
0,24.600000,1,0,1.185409,0.000044,57.627338,56.447102,55.836063
1,24.800000,2,1,0.144501,1.251688,54.462513,54.520721,54.646030
2,24.800000,2,3,0.144501,4.140240,50.221878,55.216240,54.461487
3,24.800000,4,3,0.000000,4.140240,56.196274,55.010201,54.704990
0,24.800000,1,0,1.251688,0.000044,55.268860,56.189957,55.729950
1,25.000000,2,1,0.195884,1.285481,56.617336,55.836220,54.614716
2,25.000000,2,3,0.195884,4.099413,58.071438,54.909950,54.626961
3,25.000000,4,3,0.000000,4.099413,52.966721,54.133076,54.632561
0,25.000000,1,0,1.285481,0.000044,55.536827,55.120060,55.675446
1,25.200000,2,1,0.155219,1.414483,52.876534,55.647053,54.913082
2,25.200000,2,3,0.155219,4.146018,55.554543,54.553936,54.470417
3,25.200000,4,3,0.000000,4.146018,55.548115,55.056087,54.715202
0,25.200000,1,0,1.414483,0.000045,57.572678,55.304558,55.464821
1,25.400000,2,1,0.183899,1.293948,49.829479,55.834545,54.651115
2,25.400000,2,3,0.183899,4.100200,54.476627,53.727661,54.604191
3,25.400000,4,3,0.000000,4.100200,52.487305,53.183640,54.633965
0,25.400000,1,0,1.293948,0.000045,51.709957,54.708366,55.661743
1,25.600000,2,1,0.216822,1.239331,55.752010,54.699924,54.494438
2,25.600000,2,3,0.216822,4.113796,54.788872,53.487896,54.638634
3,25.600000,4,3,0.000000,4.113796,55.415695,55.010143,54.658134
0,25.600000,1,0,1.239331,0.000045,56.997223,55.340038,55.749817
1,25.800000,2,1,0.