0,0.200000,0,1,0.000000,0.000000,62.960957,NaN,57.594349
1,0.200000,1,2,0.000000,0.000000,53.256004,NaN,53.799538
2,0.200000,2,3,0.000000,0.000000,66.104599,NaN,57.989323
3,0.200000,4,3,0.000000,0.000000,50.333481,46.634693,47.033234
0,0.400000,0,1,0.000001,0.129750,58.505947,NaN,57.417095
1,0.400000,1,2,0.129750,0.109110,55.981102,NaN,53.839138
2,0.400000,2,3,0.109110,0.202887,60.256435,NaN,57.866093
3,0.400000,4,3,0.000000,0.202887,48.175591,48.187195,47.737022
0,0.600000,0,1,0.000001,0.325421,56.708836,57.595623,57.144188
1,0.600000,1,2,0.325421,0.109110,52.690788,56.642281,54.207516
2,0.600000,2,3,0.109110,0.424275,53.565113,60.036331,57.569504
3,0.600000,4,3,0.000000,0.424275,50.218937,47.675247,48.456280
0,0.800000,0,1,0.000001,0.452985,54.161541,57.361504,56.962509
1,0.800000,1,2,0.452985,-0.003451,50.341141,54.616474,54.643147
2,0.800000,2,3,-0.003451,0.691858,60.450119,57.161766,57.040543
3,0.800000,4,3,0.000000,0.691858,56.285618,49.075539,49.266464
0,1.000000,0,1,0.000002,0.607297,61.594994,55.562141,56.738586
1,1.000000,1,2,0.607297,-0.003450,52.972553,57.130402,54.914146
2,1.000000,2,3,-0.003450,0.691858,55.212360,55.022141,57.040543
3,1.000000,4,3,0.000000,0.691858,45.664028,49.841949,49.266464
0,1.200000,0,1,0.000002,0.460505,57.253094,55.803242,56.951706
1,1.200000,1,2,0.460505,-0.003450,51.502750,57.304878,54.656509
2,1.200000,2,3,-0.003450,0.691859,53.020836,54.592167,57.040543
3,1.200000,4,3,0.000000,0.691859,50.253593,49.230919,49.266468
0,1.400000,0,1,0.000002,0.460505,50.946926,55.910683,56.951706
1,1.400000,1,2,0.460505,-0.003450,52.151409,56.881176,54.656509
2,1.400000,2,3,-0.003450,0.836930,55.912422,55.333794,56.831680
3,1.400000,4,3,0.000000,0.836930,48.833359,49.734993,49.681690
0,1.600000,0,1,0.000003,0.460505,65.422791,57.131748,56.951706
1,1.600000,1,2,0.460505,-0.003449,52.426918,56.002762,54.656509
2,1.600000,2,3,-0.003449,0.992493,59.606228,55.179234,56.603161
3,1.600000,4,3,0.000000,0.992493,44.672592,49.590164,50.109974
0,1.800000,0,1,0.000003,0.460506,58.818604,57.194328,56.951706
1,1.800000,1,2,0.460506,-0.003449,53.342628,56.089767,54.656509
2,1.800000,2,3,-0.003449,1.280609,57.768028,54.459808,56.166782
3,1.800000,4,3,0.000000,1.280609,50.896976,50.443638,50.861164
0,2.000000,0,1,0.000004,0.581919,54.395699,56.850555,56.775734
1,2.000000,1,2,0.581919,-0.003449,56.752644,56.569874,54.870037
2,2.000000,2,3,-0.003449,1.383517,58.200706,54.191460,56.006569
3,2.000000,4,3,0.000000,1.383517,49.769711,50.723217,51.117359
0,2.200000,0,1,0.000004,0.581920,53.549557,55.741745,56.775734
1,2.200000,1,2,0.581920,-0.003448,58.063526,56.668205,54.870037
2,2.200000,2,3,-0.003448,1.583260,56.944519,54.073967,55.688683
3,2.200000,4,3,0.000000,1.583260,54.425705,52.052361,51.598007
0,2.400000,0,1,0.000004,0.581920,55.871426,55.337955,56.775734
1,2.400000,1,2,0.581920,-0.003448,55.257149,56.369122,54.870037
2,2.400000,2,3,-0.003448,1.883260,56.972706,54.100079,55.193031
3,2.400000,4,3,0.000000,1.883260,53.880394,52.347847,52.282150
0,2.600000,0,1,0.000005,0.715477,55.871368,55.223381,56.578812
1,2.600000,1,2,0.715477,-0.003448,52.817139,56.293858,55.100166
2,2.600000,2,3,-0.003448,1.883261,53.617905,52.821274,55.193031
3,2.600000,4,3,0.000000,1.883261,46.798771,52.777733,52.282150
0,2.800000,0,1,0.000005,0.715477,52.919537,55.240181,56.578812
1,2.800000,1,2,0.715477,-0.003447,49.525589,56.623310,55.100166
2,2.800000,2,3,-0.003447,2.001391,54.695400,53.166134,54.991478
3,2.800000,4,3,0.000000,2.001391,56.858227,52.859062,52.540142
0,3.000000,0,1,0.000005,0.715478,52.230873,56.008095,56.578812
1,3.000000,1,2,0.715478,-0.121430,58.700031,56.682716,55.299484
2,3.000000,2,3,-0.121430,2.001391,53.805435,52.933781,54.786373
3,3.000000,4,3,0.000000,2.001391,53.475456,52.127117,52.540142
0,3.200000,0,1,0.000006,0.715478,55.834785,56.771843,56.578812
1,3.200000,1,2,0.715478,-0.121429,55.589336,56.883137,55.299484
2,3.200000,2,3,-0.121429,2.001391,57.397896,51.705906,54.786373
3,3.200000,4,3,0.000000,2.001391,51.143219,52.623833,52.540146
0,3.400000,0,1,0.000006,0.548348,61.904926,56.950638,56.824680
1,3.400000,1,2,0.548348,-0.121429,55.517052,56.701351,55.016048
2,3.400000,2,3,-0.121429,2.216612,52.973133,52.380264,54.401939
3,3.400000,4,3,0.000000,2.216612,51.847206,53.299442,52.994980
0,3.600000,0,1,0.000006,0.652229,57.753658,57.159603,56.672516
1,3.600000,1,2,0.652229,-0.121428,51.026386,56.812336,55.193089
2,3.600000,2,3,-0.121428,2.353670,53.669758,52.139832,54.149837
3,3.600000,4,3,0.000000,2.353670,53.188427,53.059361,53.275002
0,3.800000,0,1,0.000007,0.652229,58.474747,56.442616,56.672516
1,3.800000,1,2,0.652229,-0.121428,51.776527,56.539021,55.193089
2,3.800000,2,3,-0.121428,2.227988,55.752125,52.517311,54.381241
3,3.800000,4,3,0.000000,2.227988,55.584297,53.632572,53.018497
0,4.000000,0,1,0.000007,0.762630,56.635136,56.672619,56.508430
1,4.000000,1,2,0.762630,-0.121428,60.402142,56.688778,55.378128
2,4.000000,2,3,-0.121428,2.227988,58.916439,52.372540,54.381241
3,4.000000,4,3,0.000000,2.227988,50.964806,52.842819,53.018497
0,4.200000,0,1,0.000007,0.762630,57.170822,57.022621,56.508430
1,4.200000,1,2,0.762630,-0.121427,51.356590,55.765633,55.378128
2,4.200000,2,3,-0.121427,2.227988,58.901360,53.463886,54.381241
3,4.200000,4,3,0.000000,2.227988,51.896915,53.794689,53.018497
0,4.400000,0,1,0.000008,0.762631,58.890972,57.429127,56.508430
1,4.400000,1,2,0.762631,-0.121427,55.902737,55.603855,55.378128
2,4.400000,2,3,-0.121427,2.227988,57.073505,54.154102,54.381241
3,4.400000,4,3,0.000000,2.227988,54.297443,51.277706,53.018501
0,4.600000,0,1,0.000008,0.762631,56.914772,57.416920,56.508430
1,4.600000,1,2,0.762631,-0.121427,51.696518,55.055080,55.378128
2,4.600000,2,3,-0.121427,2.227989,54.966610,54.883904,54.381241
3,4.600000,4,3,0.000000,2.227989,44.638901,52.712341,53.018501
0,4.800000,0,1,0.000008,0.762631,55.260460,57.242893,56.508430
1,4.800000,1,2,0.762631,-0.121426,54.003628,54.390629,55.378128
2,4.800000,2,3,-0.121426,2.348846,55.573578,54.696835,54.158813
3,4.800000,4,3,0.000000,2.348846,53.404221,52.672890,53.265266
0,5.000000,0,1,0.000009,0.612245,54.706787,57.014103,56.731339
1,5.000000,1,2,0.612245,-0.121426,53.059162,54.247196,55.125282
2,5.000000,2,3,-0.121426,2.507765,55.868462,54.228622,53.859226
3,5.000000,4,3,0.000000,2.507765,51.788315,53.124100,53.581448
0,5.200000,0,1,0.000009,0.612246,56.628582,57.668644,56.731339
1,5.200000,1,2,0.612246,-0.121426,51.827919,54.574535,55.125282
2,5.200000,2,3,-0.121426,2.391495,56.693012,53.151859,54.079224
3,5.200000,4,3,0.000000,2.391495,52.329147,54.275410,53.351028
0,5.400000,0,1,0.000010,0.612246,56.669189,57.531742,56.731339
1,5.400000,1,2,0.612246,-0.121425,53.132507,54.941673,55.125282
2,5.400000,2,3,-0.121425,2.391495,49.171017,53.778286,54.079224
3,5.400000,4,3,0.000000,2.391495,55.547848,52.225414,53.351028
0,5.600000,0,1,0.000010,0.453643,57.821247,58.095474,56.961575
1,5.600000,1,2,0.453643,-0.121425,53.627472,54.724701,54.852085
2,5.600000,2,3,-0.121425,2.493509,50.501305,53.733955,53.886444
3,5.600000,4,3,0.000000,2.493509,46.980553,52.925510,53.553459
0,5.800000,0,1,0.000010,0.453644,56.411335,57.283115,56.961575
1,5.800000,1,2,0.453644,-0.121425,52.824333,54.076492,54.852085
2,5.800000,2,3,-0.121425,2.641028,52.622845,53.415749,53.601471
3,5.800000,4,3,0.000000,2.641028,58.393242,54.158909,53.839664
0,6.000000,0,1,0.000011,0.453644,57.032658,57.180042,56.961575
1,6.000000,1,2,0.453644,-0.121424,58.702374,53.979889,54.852085
2,6.000000,2,3,-0.121424,2.535281,54.821178,53.478928,53.806507
3,6.000000,4,3,0.000000,2.535281,53.276405,54.817669,53.635269
0,6.200000,0,1,0.000011,0.453645,56.886715,57.906456,56.961575
1,6.200000,1,2,0.453645,-0.121424,57.555443,53.884251,54.852085
2,6.200000,2,3,-0.121424,2.535282,56.738132,54.103233,53.806507
3,6.200000,4,3,0.000000,2.535282,54.120960,53.489700,53.635269
0,6.400000,0,1,0.000011,0.453645,55.862820,57.803360,56.961575
1,6.400000,1,2,0.453645,-0.121423,52.087921,54.569954,54.852085
2,6.400000,2,3,-0.121423,2.535282,54.506493,53.849094,53.806507
3,6.400000,4,3,0.000000,2.535282,53.867645,53.015366,53.635269
0,6.600000,0,1,0.000012,0.453645,54.729771,57.712502,56.961575
1,6.600000,1,2,0.453645,-0.121423,52.782578,54.399937,54.852085
2,6.600000,2,3,-0.121423,2.535282,52.940403,54.076462,53.806507
3,6.600000,4,3,0.000000,2.535282,55.913754,53.284599,53.635273
0,6.800000,0,1,0.000012,0.453646,58.341831,57.486485,56.961575
1,6.800000,1,2,0.453646,-0.221654,54.721584,54.538445,55.025536
2,6.800000,2,3,-0.221654,2.535283,51.210445,53.852085,53.612263
3,6.800000,4,3,0.000000,2.535283,60.311378,52.816254,53.635273
0,7.000000,0,1,0.000012,0.453646,57.736877,57.687408,56.961575
1,7.000000,1,2,0.453646,-0.221654,57.398815,54.540321,55.025536
2,7.000000,2,3,-0.221654,2.535283,58.083382,54.295765,53.612263
3,7.000000,4,3,0.000000,2.535283,52.471485,53.712639,53.635273
0,7.200000,0,1,0.000013,0.453646,58.587414,57.170746,56.961575
1,7.200000,1,2,0.453646,-0.221654,51.640480,54.870728,55.025536
2,7.200000,2,3,-0.221654,2.535283,49.394814,54.414463,53.612263
3,7.200000,4,3,0.000000,2.535283,57.288528,51.712765,53.635277
0,7.400000,0,1,0.000013,0.453647,52.334053,56.920177,56.961575
1,7.400000,1,2,0.453647,-0.221653,53.945465,54.586323,55.025536
2,7.400000,2,3,-0.221653,2.382234,52.865479,54.794514,53.907486
3,7.400000,4,3,0.000000,2.382234,54.541378,53.745461,53.332466
0,7.600000,0,1,0.000013,0.555640,59.627823,56.843174,56.814079
1,7.600000,1,2,0.555640,-0.221653,52.309227,54.809731,55.199234
2,7.600000,2,3,-0.221653,2.488852,57.873074,54.804443,53.702679
3,7.600000,4,3,0.000000,2.488852,57.709236,53.235958,53.544296
0,7.800000,0,1,0.000014,0.555640,59.613949,56.931000,56.814079
1,7.800000,1,2,0.555640,-0.087526,52.549129,55.224606,54.970230
2,7.800000,2,3,-0.087526,2.488852,49.258839,55.095444,53.959705
3,7.800000,4,3,0.000000,2.488852,52.554554,53.266922,53.544296
0,8.000000,0,1,0.000014,0.661599,57.168674,56.814793,56.658699
1,8.000000,1,2,0.661599,-0.087526,55.814079,54.576397,55.151535
2,8.000000,2,3,-0.087526,2.275388,56.133614,55.117485,54.356621
3,8.000000,4,3,0.000000,2.275388,50.602203,53.421898,53.115952
0,8.200000,0,1,0.000015,0.661599,55.880844,56.083649,56.658699
1,8.200000,1,2,0.661599,0.022477,55.475880,54.711544,54.963249
2,8.200000,2,3,0.022477,2.405226,56.521023,55.355652,54.320347
3,8.200000,4,3,0.000000,2.405226,55.124756,52.653915,53.378494
0,8.400000,0,1,0.000015,0.661599,57.554489,56.428001,56.658699
1,8.400000,1,2,0.661599,0.022478,55.469173,54.997787,54.963249
2,8.400000,2,3,0.022478,2.306740,48.307617,54.643185,54.499283
3,8.400000,4,3,0.000000,2.306740,54.941982,53.210960,53.179932
0,8.600000,0,1,0.000015,0.661600,60.075745,55.988091,56.658699
1,8.600000,1,2,0.661600,0.022478,55.235950,54.888702,54.963249
2,8.600000,2,3,0.022478,2.306740,57.015781,54.851452,54.499283
3,8.600000,4,3,0.000000,2.306740,46.667461,53.660538,53.179932
0,8.800000,0,1,0.000016,0.661600,56.214733,56.064419,56.658699
1,8.800000,1,2,0.661600,0.022478,56.879669,55.455463,54.963249
2,8.800000,2,3,0.022478,2.441277,51.565266,54.626709,54.254105
3,8.800000,4,3,0.000000,2.441277,51.928349,54.624924,53.450287
0,9.000000,0,1,0.000016,0.661600,55.975040,55.652023,56.658699
1,9.000000,1,2,0.661600,-0.231475,62.305130,55.414871,55.393105
2,9.000000,2,3,-0.231475,2.441277,52.834393,54.743763,53.775642
3,9.000000,4,3,0.000000,2.441277,55.476097,54.297077,53.450287
0,9.200000,0,1,0.000016,0.661601,60.176945,55.924042,56.658699
1,9.200000,1,2,0.661601,-0.231475,58.403336,56.063168,55.393105
2,9.200000,2,3,-0.231475,2.441278,58.016457,54.189758,53.775642
3,9.200000,4,3,0.000000,2.441278,49.544456,54.831413,53.450287
0,9.400000,0,1,0.000017,0.786811,58.328384,56.030003,56.472168
1,9.400000,1,2,0.786811,-0.231475,53.588005,56.420143,55.598938
2,9.400000,2,3,-0.231475,2.441278,53.804741,54.690269,53.775642
3,9.400000,4,3,0.000000,2.441278,51.798122,53.685474,53.450287
0,9.600000,0,1,0.000017,0.786812,53.213131,56.278465,56.472168
1,9.600000,1,2,0.786812,-0.231474,56.920582,56.992290,55.598938
2,9.600000,2,3,-0.231474,2.441278,54.383949,54.735531,53.775642
3,9.600000,4,3,0.000000,2.441278,57.165596,53.225826,53.450287
0,9.800000,0,1,0.000017,0.786812,56.765652,55.725239,56.472168
1,9.800000,1,2,0.786812,-0.231474,55.309521,56.553692,55.598938
2,9.800000,2,3,-0.231474,2.441278,57.027184,54.868561,53.775642
3,9.800000,4,3,0.000000,2.441278,56.416229,53.637363,53.450287
0,10.000000,0,1,0.000018,0.786812,59.149109,55.640545,56.472168
1,10.000000,1,2,0.786812,0.068526,54.166443,56.764210,55.099083
2,10.000000,2,3,0.068526,2.343619,52.097218,54.989670,54.515797
3,10.000000,4,3,0.000000,2.343619,52.150654,52.981621,53.254715
0,10.200000,0,1,0.000018,0.786813,56.968559,55.481812,56.472168
1,10.200000,1,2,0.786813,0.068527,53.232201,56.565876,55.099083
2,10.200000,2,3,0.068527,2.343620,56.177143,55.017826,54.515797
3,10.200000,4,3,0.000000,2.343620,60.042488,53.559143,53.254715
0,10.400000,0,1,0.000018,0.786813,55.406082,56.260582,56.472168
1,10.400000,1,2,0.786813,0.170800,55.205265,55.960701,54.923271
2,10.400000,2,3,0.170800,2.343620,54.353794,55.748493,54.698269
3,10.400000,4,3,0.000000,2.343620,54.703381,51.951576,53.254715
0,10.600000,0,1,0.000019,0.786813,55.042095,56.009907,56.472168
1,10.600000,1,2,0.786813,0.170801,54.679749,55.761501,54.923271
2,10.600000,2,3,0.170801,2.343620,55.337250,55.691982,54.698269
3,10.600000,4,3,0.000000,2.343620,57.916172,52.561649,53.254715
0,10.800000,0,1,0.000019,0.898609,54.747509,56.315529,56.302879
1,10.800000,1,2,0.898609,0.170801,55.181469,56.431866,55.115303
2,10.800000,2,3,0.170801,2.343621,57.900627,55.432156,54.698269
3,10.800000,4,3,0.000000,2.343621,52.457714,52.591816,53.254715
0,11.000000,0,1,0.000019,0.898609,52.371910,56.201790,56.302879
1,11.000000,1,2,0.898609,0.170802,53.657764,57.378056,55.115303
2,11.000000,2,3,0.170802,2.343621,54.900921,54.911259,54.698269
3,11.000000,4,3,0.000000,2.343621,59.483894,53.053654,53.254715
0,11.200000,0,1,0.000020,0.898609,54.104053,56.458256,56.302879
1,11.200000,1,2,0.898609,0.170802,57.628937,56.747066,55.115303
2,11.200000,2,3,0.170802,2.454902,51.047279,54.867310,54.499577
3,11.200000,4,3,0.000000,2.454902,54.680672,52.900810,53.477295
0,11.400000,0,1,0.000020,0.898610,53.015556,56.383278,56.302879
1,11.400000,1,2,0.898610,0.170802,52.184898,56.472927,55.115303
2,11.400000,2,3,0.170802,2.454903,54.337761,54.228142,54.499577
3,11.400000,4,3,0.000000,2.454903,58.026836,53.573990,53.477295
0,11.600000,0,1,0.000021,0.898610,59.246761,56.007786,56.302879
1,11.600000,1,2,0.898610,0.170803,58.573593,56.331562,55.115303
2,11.600000,2,3,0.170803,2.285368,53.324017,54.227036,54.800850
3,11.600000,4,3,0.000000,2.285368,51.612869,53.811047,53.136360
0,11.800000,0,1,0.000021,0.898611,59.725849,56.225952,56.302879
1,11.800000,1,2,0.898611,0.170803,56.708488,55.898010,55.115303
2,11.800000,2,3,0.170803,2.285369,58.819290,54.013042,54.800850
3,11.800000,4,3,0.000000,2.285369,53.910221,52.950230,53.136360
0,12.000000,0,1,0.000021,0.898611,53.170231,56.587757,56.302879
1,12.000000,1,2,0.898611,0.170803,53.550655,56.236996,55.115303
2,12.000000,2,3,0.170803,2.285369,54.844521,54.035995,54.800850
3,12.000000,4,3,0.000000,2.285369,52.742203,52.691307,53.136360
0,12.200000,0,1,0.000022,0.898611,56.534012,56.239838,56.302879
1,12.200000,1,2,0.898611,0.170804,51.430828,55.905869,55.115303
2,12.200000,2,3,0.170804,2.285369,51.223843,53.964531,54.800850
3,12.200000,4,3,0.000000,2.285369,52.520489,53.868008,53.136360
0,12.400000,0,1,0.000022,1.144698,55.716572,56.775658,55.920654
1,12.400000,1,2,1.144698,0.170804,55.674664,56.079529,55.526409
2,12.400000,2,3,0.170804,2.285370,48.557072,54.256958,54.800850
3,12.400000,4,3,0.000000,2.285370,50.264271,54.018818,53.136360
0,12.600000,0,1,0.000022,1.144698,57.278873,56.292194,55.920654
1,12.600000,1,2,1.144698,0.386107,59.747902,55.753670,55.167587
2,12.600000,2,3,0.386107,2.285370,55.537769,54.654999,55.171787
3,12.600000,4,3,0.000000,2.285370,46.271164,53.717499,53.136360
0,12.800000,0,1,0.000023,1.144699,61.015965,56.952000,55.920654
1,12.800000,1,2,1.144699,0.386108,54.915733,55.318668,55.167587
2,12.800000,2,3,0.386108,2.424601,50.608250,55.310219,54.933365
3,12.800000,4,3,0.000000,2.424601,51.976158,54.270641,53.417137
0,13.000000,0,1,0.000023,1.144699,51.423374,56.458912,55.920654
1,13.000000,1,2,1.144699,0.386108,55.911789,54.407013,55.167587
2,13.000000,2,3,0.386108,2.532990,54.360569,54.905167,54.744064
3,13.000000,4,3,0.000000,2.532990,51.505554,53.331627,53.630798
0,13.200000,0,1,0.000023,1.246980,56.759804,56.127098,55.757744
1,13.200000,1,2,1.246980,0.386108,54.515373,54.263882,55.339527
2,13.200000,2,3,0.386108,2.532990,57.271622,54.350704,54.744064
3,13.200000,4,3,0.000000,2.532990,55.080013,53.294044,53.630798
0,13.400000,0,1,0.000024,1.246980,56.877769,55.769058,55.757744
1,13.400000,1,2,1.246980,0.528329,50.833160,55.461746,55.099705
2,13.400000,2,3,0.528329,2.532991,54.742710,54.364655,54.991783
3,13.400000,4,3,0.000000,2.532991,49.539047,53.616211,53.630798
0,13.600000,0,1,0.000024,1.246981,58.083008,55.188679,55.757744
1,13.600000,1,2,1.246981,0.528329,59.002949,54.789116,55.099705
2,13.600000,2,3,0.528329,2.417377,55.338326,54.808365,55.189075
3,13.600000,4,3,0.000000,2.417377,52.030254,52.838478,53.402748
0,13.800000,0,1,0.000024,1.246981,54.891495,55.636387,55.757744
1,13.800000,1,2,1.246981,0.528329,55.105824,54.476036,55.099705
2,13.800000,2,3,0.528329,2.417377,59.095512,55.095440,55.189075
3,13.800000,4,3,0.000000,2.417377,53.659985,50.991726,53.402748
0,14.000000,0,1,0.000025,1.246981,58.836651,55.695625,55.757744
1,14.000000,1,2,1.246981,0.528330,49.638878,55.345581,55.099705
2,14.000000,2,3,0.528330,2.417378,51.813332,55.539162,55.189075
3,14.000000,4,3,0.000000,2.417378,58.050613,51.251228,53.402748
0,14.200000,0,1,0.000025,1.246982,56.124699,56.183712,55.757744
1,14.200000,1,2,1.246982,0.528330,53.643013,55.119999,55.099705
2,14.200000,2,3,0.528330,2.543704,58.847080,55.759251,54.973320
3,14.200000,4,3,0.000000,2.543704,48.993439,54.159893,53.651691
0,14.400000,0,1,0.000026,1.352631,58.929279,55.493824,55.586861
1,14.400000,1,2,1.352631,0.628220,47.600208,55.816360,55.109520
2,14.400000,2,3,0.628220,2.543704,58.503891,56.351917,55.144279
3,14.400000,4,3,0.000000,2.543704,48.168369,53.276543,53.651695
0,14.600000,0,1,0.000026,1.352631,52.338295,55.211468,55.586861
1,14.600000,1,2,1.352631,0.628220,59.122681,54.953018,55.109520
2,14.600000,2,3,0.628220,2.543705,51.759365,56.122334,55.144279
3,14.600000,4,3,0.000000,2.543705,59.550190,53.999393,53.651695
0,14.800000,0,1,0.000026,1.352631,60.587135,55.131977,55.586861
1,14.800000,1,2,1.352631,0.755779,58.226254,54.536835,54.890018
2,14.800000,2,3,0.755779,2.543705,55.081608,56.830357,55.358746
3,14.800000,4,3,0.000000,2.543705,52.371006,52.881977,53.651695
0,15.000000,0,1,0.000027,1.352632,58.474789,55.823013,55.586861
1,15.000000,1,2,1.352632,0.755779,54.830105,54.498486,54.890018
2,15.000000,2,3,0.755779,2.543705,51.697021,56.135368,55.358746
3,15.000000,4,3,0.000000,2.543705,55.063904,54.028458,53.651695
0,15.200000,0,1,0.000027,1.352632,59.007523,55.451309,55.586861
1,15.200000,1,2,1.352632,0.755779,51.781380,53.999344,54.890018
2,15.200000,2,3,0.755779,2.637786,53.448551,55.468872,55.200977
3,15.200000,4,3,0.000000,2.637786,55.311710,51.377285,53.833454
0,15.400000,0,1,0.000027,1.352632,56.551540,55.115574,55.586861
1,15.400000,1,2,1.352632,0.755780,57.491364,54.308395,54.890018
2,15.400000,2,3,0.755780,2.637786,59.744514,55.472309,55.200977
3,15.400000,4,3,0.000000,2.637786,51.018829,54.577023,53.833458
0,15.600000,0,1,0.000028,1.352633,57.387066,55.480068,55.586861
1,15.600000,1,2,1.352633,0.755780,61.313915,54.491993,54.890018
2,15.600000,2,3,0.755780,2.637786,60.231571,55.152599,55.200977
3,15.600000,4,3,0.000000,2.637786,57.174129,53.303871,53.833458
0,15.800000,0,1,0.000028,1.352633,56.482277,56.308800,55.586861
1,15.800000,1,2,1.352633,0.755780,55.459946,55.215385,54.890018
2,15.800000,2,3,0.755780,2.637787,53.089333,55.120907,55.200977
3,15.800000,4,3,0.000000,2.637787,53.477955,54.766544,53.833458
0,16.000000,0,1,0.000028,1.475094,59.457752,55.924965,55.385368
1,16.000000,1,2,1.475094,0.755781,53.188118,54.667011,55.100830
2,16.000000,2,3,0.755781,2.637787,56.822777,55.356422,55.200977
3,16.000000,4,3,0.000000,2.637787,51.008751,54.550751,53.833458
0,16.200000,0,1,0.000029,1.475094,51.460884,55.524586,55.385368
1,16.200000,1,2,1.475094,0.755781,58.040531,55.859894,55.100830
2,16.200000,2,3,0.755781,2.637787,51.266258,54.849411,55.200977
3,16.200000,4,3,0.000000,2.637787,59.043789,54.377380,53.833458
0,16.400000,0,1,0.000029,1.475094,59.104218,55.645584,55.385368
1,16.400000,1,2,1.475094,0.755782,50.595615,55.547802,55.100830
2,16.400000,2,3,0.755782,2.637788,58.883736,55.065956,55.200977
3,16.400000,4,3,0.000000,2.637788,53.887363,54.925060,53.833458
0,16.600000,0,1,0.000029,1.475095,55.500774,55.386806,55.385368
1,16.600000,1,2,1.475095,0.642159,59.466713,55.023712,55.292835
2,16.600000,2,3,0.642159,2.637788,52.318832,55.171574,55.007324
3,16.600000,4,3,0.000000,2.637788,55.188122,54.891060,53.833458
0,16.800000,0,1,0.000030,1.612484,56.142460,55.333538,55.154762
1,16.800000,1,2,1.612484,0.642159,60.366066,54.620430,55.520554
2,16.800000,2,3,0.642159,2.637789,57.199997,55.024845,55.007324
3,16.800000,4,3,0.000000,2.637789,51.877628,53.656837,53.833458
0,17.000000,0,1,0.000030,1.612485,50.913860,54.725796,55.154762
1,17.000000,1,2,1.612485,0.642160,47.854637,54.773796,55.520554
2,17.000000,2,3,0.642160,2.637789,51.970833,54.580029,55.007324
3,17.000000,4,3,0.000000,2.637789,55.655533,54.044979,53.833462
0,17.200000,0,1,0.000030,1.612485,57.700287,54.505077,55.154762
1,17.200000,1,2,1.612485,0.642160,53.356113,55.579216,55.520554
2,17.200000,2,3,0.642160,2.637789,53.699135,54.569763,55.007324
3,17.200000,4,3,0.000000,2.637789,55.344696,54.318771,53.833462
0,17.400000,0,1,0.000031,1.612485,52.871807,55.315147,55.154762
1,17.400000,1,2,1.612485,0.642160,53.854576,55.174801,55.520554
2,17.400000,2,3,0.642160,2.637789,55.378452,54.737968,55.007324
3,17.400000,4,3,0.000000,2.637789,54.516533,54.080738,53.833462
0,17.600000,0,1,0.000031,1.612486,56.728203,55.024723,55.154762
1,17.600000,1,2,1.612486,0.642161,59.607479,56.204399,55.520554
2,17.600000,2,3,0.642161,2.637790,55.659191,54.704205,55.007324
3,17.600000,4,3,0.000000,2.637790,54.157501,53.788769,53.833462
0,17.800000,0,1,0.000032,1.612486,59.168236,54.898258,55.154762
1,17.800000,1,2,1.612486,0.642161,56.008804,55.949352,55.520554
2,17.800000,2,3,0.642161,2.637790,59.157501,54.079250,55.007324
3,17.800000,4,3,0.000000,2.637790,49.844486,53.668983,53.833466
0,18.000000,0,1,0.000032,1.612486,49.822166,54.646805,55.154762
1,18.000000,1,2,1.612486,0.642161,59.299744,55.899006,55.520554
2,18.000000,2,3,0.642161,2.637791,60.837242,53.730446,55.007324
3,18.000000,4,3,0.000000,2.637791,55.042328,53.928333,53.833466
0,18.200000,0,1,0.000032,1.480880,55.796711,54.906120,55.375759
1,18.200000,1,2,1.480880,0.642162,59.394501,56.360085,55.302517
2,18.200000,2,3,0.642162,2.637791,54.968117,54.617702,55.007324
3,18.200000,4,3,0.000000,2.637791,56.533234,54.432220,53.833466
0,18.400000,0,1,0.000033,1.480881,49.117294,55.172211,55.375759
1,18.400000,1,2,1.480881,0.642162,53.910114,56.314568,55.302517
2,18.400000,2,3,0.642162,2.757598,57.026485,54.227409,54.799324
3,18.400000,4,3,0.000000,2.757598,53.485008,54.774651,54.060608
0,18.600000,0,1,0.000033,1.480881,50.895237,55.056507,55.375759
1,18.600000,1,2,1.480881,0.642162,50.370499,55.684097,55.302517
2,18.600000,2,3,0.642162,2.757599,54.216496,53.422123,54.799324
3,18.600000,4,3,0.000000,2.757599,54.826630,52.993290,54.060608
0,18.800000,0,1,0.000033,1.480881,49.041279,54.649994,55.375759
1,18.800000,1,2,1.480881,0.642163,52.647667,55.412434,55.302517
2,18.800000,2,3,0.642163,2.757599,58.026199,53.915951,54.799324
3,18.800000,4,3,0.000000,2.757599,52.718620,53.119835,54.060612
0,19.000000,0,1,0.000034,1.480882,58.558922,54.389408,55.375759
1,19.000000,1,2,1.480882,0.776856,56.544891,55.855061,55.074738
2,19.000000,2,3,0.776856,2.757600,54.620174,54.551983,55.032894
3,19.000000,4,3,0.000000,2.757600,57.378677,54.185017,54.060612
0,19.200000,0,1,0.000034,1.480882,53.248116,53.816513,55.375759
1,19.200000,1,2,1.480882,0.776857,64.040680,54.841404,55.074738
2,19.200000,2,3,0.776857,2.938374,56.552341,55.893333,54.718246
3,19.200000,4,3,0.000000,2.938374,57.999195,55.261616,54.394592
0,19.400000,0,1,0.000034,1.700487,52.250465,54.042492,55.004444
1,19.400000,1,2,1.700487,0.776857,54.843029,55.518620,55.443695
2,19.400000,2,3,0.776857,2.938375,55.954910,55.985863,54.718246
3,19.400000,4,3,0.000000,2.938375,53.463459,54.633739,54.394596
0,19.600000,0,1,0.000035,1.700488,57.334743,53.794613,55.004444
1,19.600000,1,2,1.700488,0.776857,60.417801,56.278667,55.443695
2,19.600000,2,3,0.776857,2.938375,50.474060,56.122551,54.718246
3,19.600000,4,3,0.000000,2.938375,51.656483,56.101665,54.394596
0,19.800000,0,1,0.000035,1.700488,54.193504,54.513569,55.004444
1,19.800000,1,2,1.700488,0.883385,53.095680,56.153458,55.266281
2,19.800000,2,3,0.883385,2.938375,56.436382,55.719349,54.904762
3,19.800000,4,3,0.000000,2.938375,50.595970,54.753849,54.394596
0,20.000000,0,1,0.000035,1.700488,56.655464,54.597038,55.004444
1,20.000000,1,2,1.700488,0.883385,53.231674,55.607300,55.266281
2,20.000000,2,3,0.883385,2.938375,55.909805,56.017334,54.904762
3,20.000000,4,3,0.000000,2.938375,53.853481,56.336613,54.394600
0,20.200000,0,1,0.000036,1.811481,53.649742,54.803963,54.811829
1,20.200000,1,2,1.811481,0.883386,57.870365,55.342690,55.451065
2,20.200000,2,3,0.883386,2.938376,55.893459,55.988197,54.904762
3,20.200000,4,3,0.000000,2.938376,53.045673,54.513737,54.394600
0,20.400000,0,1,0.000036,1.811481,52.932384,54.366787,54.811829
1,20.400000,1,2,1.811481,0.883386,55.122593,55.611206,55.451065
2,20.400000,2,3,0.883386,2.938376,52.028481,56.187183,54.904762
3,20.400000,4,3,0.000000,2.938376,55.921722,55.029621,54.394600
0,20.600000,0,1,0.000037,1.811482,57.780548,54.476952,54.811829
1,20.600000,1,2,1.811482,0.883387,55.833714,55.919086,55.451065
2,20.600000,2,3,0.883387,2.938377,55.893204,55.911175,54.904762
3,20.600000,4,3,0.000000,2.938377,55.100380,54.339924,54.394600
0,20.800000,0,1,0.000037,1.641769,58.149075,54.176548,55.104980
1,20.800000,1,2,1.641769,0.883387,56.434292,56.170544,55.167236
2,20.800000,2,3,0.883387,2.938377,55.325821,55.994789,54.904762
3,20.800000,4,3,0.000000,2.938377,54.528545,55.432598,54.394600
0,21.000000,0,1,0.000037,1.641769,52.176151,54.782509,55.104980
1,21.000000,1,2,1.641769,0.883387,56.808918,55.715618,55.167236
2,21.000000,2,3,0.883387,2.804348,58.370647,55.596863,55.134972
3,21.000000,4,3,0.000000,2.804348,56.482300,54.757168,54.147968
0,21.200000,0,1,0.000038,1.641770,56.767136,54.710548,55.104980
1,21.200000,1,2,1.641770,0.883388,58.946667,55.687920,55.167236
2,21.200000,2,3,0.883388,2.804348,56.295376,55.871658,55.134972
3,21.200000,4,3,0.000000,2.804348,57.839062,54.804283,54.147972
0,21.400000,0,1,0.000038,1.539835,53.573101,55.416031,55.277325
1,21.400000,1,2,1.539835,0.883388,53.751926,55.968338,54.993122
2,21.400000,2,3,0.883388,2.804348,56.741016,55.929985,55.134972
3,21.400000,4,3,0.000000,2.804348,50.980972,55.402012,54.147972
0,21.600000,0,1,0.000038,1.410186,58.013077,55.694508,55.492645
1,21.600000,1,2,1.410186,0.883388,56.022213,56.389034,54.767555
2,21.600000,2,3,0.883388,2.804349,55.092453,55.919273,55.134972
3,21.600000,4,3,0.000000,2.804349,51.338882,53.883953,54.147972
0,21.800000,0,1,0.000039,1.410186,56.367397,55.838303,55.492645
1,21.800000,1,2,1.410186,0.883389,58.180645,56.048641,54.767555
2,21.800000,2,3,0.883389,2.804349,56.240654,55.936371,55.134972
3,21.800000,4,3,0.000000,2.804349,54.196663,53.453133,54.147972
0,22.000000,0,1,0.000039,1.591689,51.931801,56.495682,55.189999
1,22.000000,1,2,1.591689,0.883389,57.016689,55.530937,55.082039
2,22.000000,2,3,0.883389,2.804349,57.302830,55.859329,55.134972
3,22.000000,4,3,0.000000,2.804349,52.858139,53.731709,54.147972
0,22.200000,0,1,0.000039,1.468717,59.167377,55.730804,55.395969
1,22.200000,1,2,1.468717,0.883389,56.025604,56.533119,54.869965
2,22.200000,2,3,0.883389,2.804350,48.882191,55.427311,55.134972
3,22.200000,4,3,0.000000,2.804350,51.809029,53.999134,54.147972
0,22.400000,0,1,0.000040,1.468717,55.190399,55.732399,55.395969
1,22.400000,1,2,1.468717,0.883390,54.107254,56.223961,54.869965
2,22.400000,2,3,0.883390,2.804350,54.342438,54.619846,55.134972
3,22.400000,4,3,0.000000,2.804350,52.836754,54.100262,54.147972
0,22.600000,0,1,0.000040,1.468717,53.284069,56.305977,55.395969
1,22.600000,1,2,1.468717,1.065711,49.009575,55.882751,54.547714
2,22.600000,2,3,1.065711,2.804350,55.820934,55.669865,55.440495
3,22.600000,4,3,0.000000,2.804350,49.535435,53.748657,54.147972
0,22.800000,0,1,0.000040,1.468718,57.993107,57.245892,55.395969
1,22.800000,1,2,1.468718,1.065712,57.772717,54.684761,54.547714
2,22.800000,2,3,1.065712,2.804351,52.193787,55.707954,55.440495
3,22.800000,4,3,0.000000,2.804351,47.556164,54.489315,54.147972
0,23.000000,0,1,0.000041,1.468718,59.644653,56.867088,55.395969
1,23.000000,1,2,1.468718,1.065712,58.147121,54.566746,54.547714
2,23.000000,2,3,1.065712,2.804351,56.675232,55.493919,55.440495
3,23.000000,4,3,0.000000,2.804351,51.255562,53.900700,54.147976
0,23.200000,0,1,0.000041,1.468718,54.370525,56.068245,55.395969
1,23.200000,1,2,1.468718,0.960865,57.021538,55.106354,54.734200
2,23.200000,2,3,0.960865,2.804352,65.585266,55.095150,55.265854
3,23.200000,4,3,0.000000,2.804352,57.043327,52.959965,54.147976
0,23.400000,0,1,0.000041,1.468719,56.845142,56.139565,55.395969
1,23.400000,1,2,1.468719,0.960866,50.441887,55.756783,54.734200
2,23.400000,2,3,0.960866,2.804352,53.939896,55.117256,55.265854
3,23.400000,4,3,0.000000,2.804352,54.440144,54.597183,54.147980
0,23.600000,0,1,0.000042,1.468719,58.248425,55.906227,55.395969
1,23.600000,1,2,1.468719,0.960866,52.651661,55.333092,54.734200
2,23.600000,2,3,0.960866,3.080594,58.289581,55.034477,54.791801
3,23.600000,4,3,0.000000,3.080594,55.073261,55.858505,54.650314
0,23.800000,0,1,0.000042,1.468719,58.339500,55.343334,55.395969
1,23.800000,1,2,1.468719,0.813423,51.970524,55.213390,54.991138
2,23.800000,2,3,0.813423,3.080594,54.711376,54.079399,54.530037
3,23.800000,4,3,0.000000,3.080594,54.202774,54.602161,54.650314
0,24.000000,0,1,0.000043,1.468720,51.937595,55.841862,55.395969
1,24.000000,1,2,1.468720,0.813423,56.523476,54.928230,54.991138
2,24.000000,2,3,0.813423,3.080595,53.832073,53.644348,54.530037
3,24.000000,4,3,0.000000,3.080595,59.286362,54.149124,54.650314
0,24.200000,0,1,0.000043,1.468720,57.576675,55.632877,55.395969
1,24.200000,1,2,1.468720,0.813424,57.803501,55.346138,54.991138
2,24.200000,2,3,0.813424,2.928464,53.707172,54.566597,54.800018
3,24.200000,4,3,0.000000,2.928464,56.965855,54.580372,54.376549
0,24.400000,0,1,0.000043,1.468720,52.595482,55.648354,55.395969
1,24.400000,1,2,1.468720,0.813424,56.271282,55.088200,54.991138
2,24.400000,2,3,0.813424,2.928464,54.305367,54.700920,54.800018
3,24.400000,4,3,0.000000,2.928464,56.209812,54.866753,54.376549
0,24.600000,0,1,0.000044,1.468721,52.744839,55.958115,55.395969
1,24.600000,1,2,1.468721,0.683397,54.381531,55.293854,55.212791
2,24.600000,2,3,0.683397,2.928465,60.656967,54.765896,54.569687
3,24.600000,4,3,0.000000,2.928465,56.017494,54.456112,54.376549
0,24.800000,0,1,0.000044,1.468721,55.854820,55.962318,55.395969
1,24.800000,1,2,1.468721,0.683397,55.778896,55.678207,55.212791
2,24.800000,2,3,0.683397,2.928465,52.879696,55.014130,54.569687
3,24.800000,4,3,0.000000,2.928465,59.599495,55.267872,54.376553
0,25.000000,0,1,0.000044,1.468721,61.433487,55.650898,55.395969
1,25.000000,1,2,1.468721,0.683397,50.279919,54.982121,55.212791
2,25.000000,2,3,0.683397,2.928466,56.892529,54.645779,54.569687
3,25.000000,4,3,0.000000,2.928466,55.354145,55.754997,54.376553
0,25.200000,0,1,0.000045,1.468722,59.161781,55.681389,55.395969
1,25.200000,1,2,1.468722,0.847506,56.988392,55.219547,54.932289
2,25.200000,2,3,0.847506,2.928466,54.098576,55.540108,54.859589
3,25.200000,4,3,0.000000,2.928466,59.386456,54.716892,54.376553
0,25.400000,0,1,0.000045,1.326644,57.198193,55.470814,55.629173
1,25.400000,1,2,1.326644,0.847507,52.673775,54.421505,54.683441
2,25.400000,2,3,0.847507,2.928466,51.883083,55.367184,54.859589
3,25.400000,4,3,0.000000,2.928466,54.990746,54.799446,54.376553
0,25.600000,0,1,0.000045,1.326644,62.155823,55.809166,55.629173
1,25.600000,1,2,1.326644,0.847507,51.590714,54.587902,54.683441
2,25.600000,2,3,0.847507,2.928467,52.052170,55.513859,54.859589
3,25.600000,4,3,0.000000,2.928467,53.196106,53.552494,54.376556
0,25.800000,0,1,0.000046,1.326645,53.581341,56.003399,55.629173
1,25.800000,1,2,1.326645,0.847507,49.971058,54.691212,54.683441
2,25.800000,2,3,0.84