2,0.200000,3,2,0.000000,0.000000,59.696236,NaN,58.919819
3,0.200000,3,4,0.000000,0.000000,41.567017,43.716137,43.310986
1,0.200000,2,1,0.000000,0.000000,58.416100,NaN,56.123482
0,0.200000,1,0,0.000000,0.000000,58.266911,NaN,55.812927
2,0.400000,3,2,0.204856,0.000001,61.523941,NaN,58.671310
3,0.400000,3,4,0.204856,0.000000,41.085842,43.962418,44.298897
1,0.400000,2,1,0.000001,-0.135292,60.418907,NaN,55.911499
0,0.400000,1,0,-0.135292,0.000001,58.060200,NaN,56.026825
2,0.600000,3,2,0.504857,0.000001,61.234657,60.304260,58.296803
3,0.600000,3,4,0.504857,0.000000,41.157005,45.701031,45.600594
1,0.600000,2,1,0.000001,-0.291658,59.095421,56.569477,55.661236
0,0.600000,1,0,-0.291658,0.000001,59.269085,58.790249,56.268894
2,0.800000,3,2,0.704775,-0.138530,57.878841,59.063625,57.858181
3,0.800000,3,4,0.704775,0.000000,44.970509,46.214123,46.388771
1,0.800000,2,1,-0.138530,-0.291658,55.190689,56.821331,55.883247
0,0.800000,1,0,-0.291658,0.000001,53.319309,56.355785,56.268894
2,1.000000,3,2,0.954364,-0.138530,60.459698,57.751728,57.522976
3,1.000000,3,4,0.954364,0.000000,48.519161,47.360523,47.298710
1,1.000000,2,1,-0.138530,-0.291657,53.706005,54.877220,55.883247
0,1.000000,1,0,-0.291657,0.000002,59.138660,56.915848,56.268894
2,1.200000,3,2,0.954365,-0.265136,54.929291,56.762840,57.348900
3,1.200000,3,4,0.954365,0.000000,44.133949,45.536884,47.298714
1,1.200000,2,1,-0.265136,-0.291657,55.722454,54.653767,56.082253
0,1.200000,1,0,-0.291657,0.000002,60.731728,55.774784,56.268894
2,1.400000,3,2,1.254365,-0.137255,61.928326,57.992168,57.107681
3,1.400000,3,4,1.254365,0.000000,50.791245,47.305473,48.300240
1,1.400000,2,1,-0.137255,-0.291657,62.088444,55.294392,55.881226
0,1.400000,1,0,-0.291657,0.000002,54.587036,54.317657,56.268894
2,1.600000,3,2,1.416122,-0.137255,58.366550,57.175282,56.875992
3,1.600000,3,4,1.416122,0.000000,46.249786,48.605358,48.804218
1,1.600000,2,1,-0.137255,-0.291656,51.875313,53.760563,55.881226
0,1.600000,1,0,-0.291656,0.000003,55.001495,55.281006,56.268894
2,1.800000,3,2,1.548423,-0.137255,64.635773,56.528786,56.682747
3,1.800000,3,4,1.548423,0.000000,46.650993,49.060715,49.199718
1,1.800000,2,1,-0.137255,-0.291656,52.116589,54.509182,55.881226
0,1.800000,1,0,-0.291656,0.000003,59.064022,55.198326,56.268894
2,2.000000,3,2,1.848424,-0.258952,54.177647,55.878387,56.042786
3,2.000000,3,4,1.848424,0.000000,48.077946,49.986263,50.046509
1,2.000000,2,1,-0.258952,-0.148258,50.743965,54.973156,56.293892
0,2.000000,1,0,-0.148258,0.000004,51.904762,55.646645,56.047104
2,2.200000,3,2,1.848424,-0.258952,53.557129,55.007408,56.042786
3,2.200000,3,4,1.848424,0.000000,48.673527,49.823151,50.046509
1,2.200000,2,1,-0.258952,-0.286614,55.542198,55.325447,56.080475
0,2.200000,1,0,-0.286614,0.000004,60.720726,56.272999,56.261169
2,2.400000,3,2,2.049163,-0.258952,57.107121,55.365192,55.724373
3,2.400000,3,4,2.049163,0.000000,44.869797,49.781010,50.578350
1,2.400000,2,1,-0.258952,-0.286613,54.335808,55.918289,56.080475
0,2.400000,1,0,-0.286613,0.000004,55.418304,56.235935,56.261169
2,2.600000,3,2,2.206013,-0.137729,56.792896,55.301182,55.666870
3,2.600000,3,4,2.206013,0.000000,51.648750,51.633995,50.976509
1,2.600000,2,1,-0.137729,-0.286613,59.450302,56.112572,55.889977
0,2.600000,1,0,-0.286613,0.000005,52.111313,55.887398,56.261169
2,2.800000,3,2,2.206013,-0.246313,55.210880,54.679298,55.489716
3,2.800000,3,4,2.206013,0.000000,47.237610,51.774475,50.976509
1,2.800000,2,1,-0.246313,-0.405664,51.526875,55.472603,55.873367
0,2.800000,1,0,-0.405664,0.000005,51.066807,55.448063,56.442051
2,3.000000,3,2,2.206013,-0.246312,53.373844,54.556301,55.489716
3,3.000000,3,4,2.206013,0.000000,52.933914,50.272606,50.976513
1,3.000000,2,1,-0.246312,-0.405664,62.872272,54.882679,55.873367
0,3.000000,1,0,-0.405664,0.000005,58.970554,55.941032,56.442051
2,3.200000,3,2,2.425165,-0.246312,56.753078,54.757164,55.123116
3,3.200000,3,4,2.425165,0.000000,51.788914,52.101982,51.509453
1,3.200000,2,1,-0.246312,-0.405663,54.639362,54.881729,55.873367
0,3.200000,1,0,-0.405663,0.000006,59.370476,55.734066,56.442051
2,3.400000,3,2,2.425165,-0.246312,55.334045,55.034645,55.123116
3,3.400000,3,4,2.425165,0.000000,51.106186,51.182190,51.509453
1,3.400000,2,1,-0.246312,-0.405663,60.332966,55.111431,55.873367
0,3.400000,1,0,-0.405663,0.000006,56.372841,55.884121,56.442051
2,3.600000,3,2,2.425166,-0.246311,60.770584,55.130009,55.123116
3,3.600000,3,4,2.425166,0.000000,55.038822,50.841354,51.509453
1,3.600000,2,1,-0.246311,-0.272198,57.919384,55.598831,56.083237
0,3.600000,1,0,-0.272198,0.000006,53.779144,56.090214,56.239067
2,3.800000,3,2,2.599779,-0.246311,53.352119,54.679161,54.821892
3,3.800000,3,4,2.599779,0.000000,51.159828,51.681080,51.916122
1,3.800000,2,1,-0.246311,-0.272198,52.893196,56.040310,56.083237
0,3.800000,1,0,-0.272198,0.000007,54.075176,55.022614,56.239067
2,4.000000,3,2,2.732657,-0.246311,51.101303,53.867985,54.586937
3,4.000000,3,4,2.732657,0.000000,54.678814,51.165462,52.215698
1,4.000000,2,1,-0.246311,-0.272198,61.492474,55.659279,56.083237
0,4.000000,1,0,-0.272198,0.000007,61.987286,54.995995,56.239067
2,4.200000,3,2,2.630457,-0.246310,55.884781,53.570484,54.768097
3,4.200000,3,4,2.630457,0.000000,45.979202,51.089005,51.986023
1,4.200000,2,1,-0.246310,-0.272197,53.034920,56.460869,56.083237
0,4.200000,1,0,-0.272197,0.000007,56.776695,55.552231,56.239067
2,4.400000,3,2,2.630458,-0.246310,53.189667,54.174358,54.768097
3,4.400000,3,4,2.630458,0.000000,52.944679,52.178165,51.986023
1,4.400000,2,1,-0.246310,-0.272197,59.369511,55.964859,56.083237
0,4.400000,1,0,-0.272197,0.000008,57.415592,55.778351,56.239067
2,4.600000,3,2,2.844344,-0.055816,48.760033,54.912327,54.726898
3,4.600000,3,4,2.844344,0.000000,50.553654,52.100883,52.461254
1,4.600000,2,1,-0.055816,-0.272197,59.274380,55.756069,55.782440
0,4.600000,1,0,-0.272197,0.000008,51.253887,56.153923,56.239067
2,4.800000,3,2,3.001231,-0.055816,53.283974,54.129353,54.446465
3,4.800000,3,4,3.001231,0.000000,49.466782,52.647156,52.797073
1,4.800000,2,1,-0.055816,-0.469794,52.013092,54.448666,55.461357
0,4.800000,1,0,-0.469794,0.000008,54.629284,56.176193,56.538258
2,5.000000,3,2,3.001232,0.085851,55.824215,54.588394,54.700005
3,5.000000,3,4,3.001232,0.000000,55.730034,52.939384,52.797077
1,5.000000,2,1,0.085851,-0.469794,56.140114,53.574512,55.225174
0,5.000000,1,0,-0.469794,0.000009,59.654617,56.755943,56.538258
2,5.200000,3,2,2.903151,0.085851,57.398209,54.633656,54.872139
3,5.200000,3,4,2.903151,0.000000,54.010284,51.664185,52.588356
1,5.200000,2,1,0.085851,-0.234384,53.483318,53.292709,55.614868
0,5.200000,1,0,-0.234384,0.000009,58.007519,57.217449,56.180862
2,5.400000,3,2,2.903152,0.085851,56.334343,54.944386,54.872139
3,5.400000,3,4,2.903152,0.000000,56.474724,51.040485,52.588356
1,5.400000,2,1,0.085851,-0.234384,51.526802,54.247723,55.614868
0,5.400000,1,0,-0.234384,0.000010,55.251785,57.030796,56.180862
2,5.600000,3,2,3.170747,0.085852,51.936749,55.172134,54.395920
3,5.600000,3,4,3.170747,0.000000,52.724056,53.009556,53.148621
1,5.600000,2,1,0.085852,-0.091350,55.741295,53.586613,55.844986
0,5.600000,1,0,-0.091350,0.000010,61.701351,56.545471,55.957825
2,5.800000,3,2,3.170748,0.085852,57.421856,54.079044,54.395920
3,5.800000,3,4,3.170748,0.000000,57.487080,53.684006,53.148621
1,5.800000,2,1,0.085852,-0.219528,57.914364,54.019600,55.638996
0,5.800000,1,0,-0.219528,0.000010,53.733021,56.626476,56.157913
2,6.000000,3,2,3.272968,0.085853,51.419685,54.884754,54.208344
3,6.000000,3,4,3.272968,0.000000,57.691586,54.779934,53.355236
1,6.000000,2,1,0.085853,-0.348266,58.922394,54.466400,55.428093
0,6.000000,1,0,-0.348266,0.000011,58.234528,56.734055,56.355232
2,6.200000,3,2,3.430960,0.085853,54.375355,55.192589,53.911903
3,6.200000,3,4,3.430960,0.000000,52.269310,54.372158,53.667038
1,6.200000,2,1,0.085853,-0.458146,57.825504,54.237381,55.244785
0,6.200000,1,0,-0.458146,0.000011,60.243095,56.177753,56.520851
2,6.400000,3,2,3.320194,0.085853,56.241642,54.694996,54.120583
3,6.400000,3,4,3.320194,0.000000,58.129459,53.548233,53.449379
1,6.400000,2,1,0.085853,-0.458145,54.296211,54.520992,55.244785
0,6.400000,1,0,-0.458145,0.000011,55.597824,57.007412,56.520851
2,6.600000,3,2,3.449206,0.085854,50.525764,54.992764,53.877144
3,6.600000,3,4,3.449206,0.000000,51.126274,54.298706,53.702477
1,6.600000,2,1,0.085854,-0.458145,60.374756,53.791801,55.244785
0,6.600000,1,0,-0.458145,0.000012,55.095287,56.170517,56.520851
2,6.800000,3,2,3.449206,0.085854,52.060131,54.275055,53.877144
3,6.800000,3,4,3.449206,0.000000,51.426239,53.695038,53.702477
1,6.800000,2,1,0.085854,-0.458145,51.849331,54.356277,55.244785
0,6.800000,1,0,-0.458145,0.000012,52.973171,55.451031,56.520851
2,7.000000,3,2,3.449206,0.085854,51.740757,53.965843,53.877144
3,7.000000,3,4,3.449206,0.000000,52.373146,53.373375,53.702480
1,7.000000,2,1,0.085854,-0.458144,53.960033,54.498283,55.244785
0,7.000000,1,0,-0.458144,0.000012,58.696548,55.625061,56.520851
2,7.200000,3,2,3.449207,-0.016249,57.092293,53.869293,53.680534
3,7.200000,3,4,3.449207,0.000000,56.699017,54.303383,53.702480
1,7.200000,2,1,-0.016249,-0.458144,51.860695,54.599483,55.415222
0,7.200000,1,0,-0.458144,0.000013,56.990608,56.586040,56.520851
2,7.400000,3,2,3.449207,-0.016248,54.971794,54.197094,53.680534
3,7.400000,3,4,3.449207,0.000000,54.075661,53.844814,53.702484
1,7.400000,2,1,-0.016248,-0.458144,55.009338,55.949799,55.415222
0,7.400000,1,0,-0.458144,0.000013,59.812904,56.475796,56.520851
2,7.600000,3,2,3.449207,-0.016248,51.427845,54.639103,53.680534
3,7.600000,3,4,3.449207,0.000000,52.558723,52.704792,53.702484
1,7.600000,2,1,-0.016248,-0.458143,59.537495,55.660660,55.415222
0,7.600000,1,0,-0.458143,0.000013,58.207008,55.910683,56.520851
2,7.800000,3,2,3.449208,-0.016248,56.681099,55.674965,53.680534
3,7.800000,3,4,3.449208,0.000000,50.207428,53.306557,53.702484
1,7.800000,2,1,-0.016248,-0.330161,53.634792,56.439110,55.625145
0,7.800000,1,0,-0.330161,0.000014,58.120033,56.161388,56.327698
2,8.000000,3,2,3.449208,-0.016247,53.537018,54.627487,53.680534
3,8.000000,3,4,3.449208,0.000000,60.297115,53.256439,53.702484
1,8.000000,2,1,-0.016247,-0.185763,54.353062,56.339233,55.857216
0,8.000000,1,0,-0.185763,0.000014,57.182777,55.671265,56.105568
2,8.200000,3,2,3.449208,-0.016247,52.235992,54.561996,53.680534
3,8.200000,3,4,3.449208,0.000000,48.194572,51.464607,53.702484
1,8.200000,2,1,-0.016247,-0.185763,54.601425,56.160744,55.857216
0,8.200000,1,0,-0.185763,0.000015,54.891972,55.765720,56.105568
2,8.400000,3,2,3.587408,0.096665,53.588455,54.495178,53.631283
3,8.400000,3,4,3.587408,0.000000,53.646885,53.038738,53.967216
1,8.400000,2,1,0.096665,-0.052101,58.152771,56.325996,55.890163
0,8.400000,1,0,-0.052101,0.000015,58.510693,55.531475,55.895821
2,8.600000,3,2,3.702076,0.096665,52.562420,54.720154,53.405113
3,8.600000,3,4,3.702076,0.000000,60.732296,55.203072,54.182079
1,8.600000,2,1,0.096665,0.163573,50.437576,56.726570,56.226803
0,8.600000,1,0,0.163573,0.000015,49.440895,54.887764,55.548592
2,8.800000,3,2,3.702077,0.096665,54.665333,54.047413,53.405113
3,8.800000,3,4,3.702077,0.000000,56.056133,53.579597,54.182079
1,8.800000,2,1,0.096665,-0.000180,52.265324,56.614548,55.972160
0,8.800000,1,0,-0.000180,0.000016,52.983120,54.669708,55.813240
2,9.000000,3,2,3.702077,0.260895,50.726723,53.557838,53.727596
3,9.000000,3,4,3.702077,0.000000,55.273331,54.462292,54.182083
1,9.000000,2,1,0.260895,-0.217624,60.850071,56.225460,55.354393
0,9.000000,1,0,-0.217624,0.000016,53.205883,55.273869,56.154976
2,9.200000,3,2,3.841134,0.260895,58.978790,53.805107,53.455170
3,9.200000,3,4,3.841134,0.000000,54.870918,54.067692,54.437065
1,9.200000,2,1,0.260895,-0.217624,57.509109,54.978672,55.354393
0,9.200000,1,0,-0.217624,0.000016,59.507862,55.694035,56.154976
2,9.400000,3,2,3.841134,0.260896,61.819187,53.738392,53.455170
3,9.400000,3,4,3.841134,0.000000,61.072247,53.493511,54.437065
1,9.400000,2,1,0.260896,-0.350071,51.541355,54.595299,55.131531
0,9.400000,1,0,-0.350071,0.000017,56.749332,54.958332,56.357979
2,9.600000,3,2,3.841135,0.260896,51.510208,54.028004,53.455170
3,9.600000,3,4,3.841135,0.000000,59.228615,53.857819,54.437065
1,9.600000,2,1,0.260896,-0.350071,55.466145,54.883713,55.131531
0,9.600000,1,0,-0.350071,0.000017,52.022923,55.593571,56.357979
2,9.800000,3,2,3.624142,0.260896,54.776276,54.088730,53.877346
3,9.800000,3,4,3.624142,0.000000,51.550774,54.357075,54.036514
1,9.800000,2,1,0.260896,-0.350070,51.780190,54.919071,55.131531
0,9.800000,1,0,-0.350070,0.000017,58.365829,55.879673,56.357979
2,10.000000,3,2,3.624142,0.260897,50.324257,54.860027,53.877346
3,10.000000,3,4,3.624142,0.000000,53.779079,53.904861,54.036514
1,10.000000,2,1,0.260897,-0.459639,58.197388,54.752457,54.943642
0,10.000000,1,0,-0.459639,0.000018,59.749302,56.165337,56.523094
2,10.200000,3,2,3.624143,0.260897,56.768608,54.581573,53.877346
3,10.200000,3,4,3.624143,0.000000,58.836536,54.308796,54.036514
1,10.200000,2,1,0.260897,-0.459638,54.720207,55.199562,54.943642
0,10.200000,1,0,-0.459638,0.000018,53.775711,56.560013,56.523094
2,10.400000,3,2,3.624143,0.260897,57.469334,54.225140,53.877346
3,10.400000,3,4,3.624143,0.000000,53.384686,53.728516,54.036514
1,10.400000,2,1,0.260897,-0.459638,61.422371,54.903667,54.943642
0,10.400000,1,0,-0.459638,0.000018,56.635220,56.429497,56.523094
2,10.600000,3,2,3.624143,0.260898,54.666290,54.101402,53.877346
3,10.600000,3,4,3.624143,0.000000,54.850666,54.482014,54.036514
1,10.600000,2,1,0.260898,-0.459638,48.815033,55.221977,54.943642
0,10.600000,1,0,-0.459638,0.000019,55.479023,56.414806,56.523094
2,10.800000,3,2,3.624144,0.260898,55.030415,53.418274,53.877346
3,10.800000,3,4,3.624144,0.000000,48.218063,53.615318,54.036514
1,10.800000,2,1,0.260898,-0.459637,56.906895,54.786102,54.943642
0,10.800000,1,0,-0.459637,0.000019,49.605385,56.206985,56.523094
2,11.000000,3,2,3.624144,0.260898,51.287827,53.346546,53.877346
3,11.000000,3,4,3.624144,0.000000,59.710869,54.784016,54.036514
1,11.000000,2,1,0.260898,-0.459637,63.658478,54.582355,54.943642
0,11.000000,1,0,-0.459637,0.000019,53.948673,56.642815,56.523094
2,11.200000,3,2,3.624144,0.260899,52.683434,53.743523,53.877346
3,11.200000,3,4,3.624144,0.000000,54.224354,54.293476,54.036518
1,11.200000,2,1,0.260899,-0.459637,55.660534,54.768684,54.943642
0,11.200000,1,0,-0.459637,0.000020,64.080101,56.543015,56.523094
2,11.400000,3,2,3.733425,0.153189,53.936184,53.307579,53.455177
3,11.400000,3,4,3.733425,0.000000,59.109276,55.585159,54.240086
1,11.400000,2,1,0.153189,-0.459636,53.290813,55.232540,55.128368
0,11.400000,1,0,-0.459636,0.000020,52.197090,56.844540,56.523094
2,11.600000,3,2,3.733425,0.153189,49.462688,53.375847,53.455177
3,11.600000,3,4,3.733425,0.000000,50.154385,54.049999,54.240089
1,11.600000,2,1,0.153189,-0.459636,51.181549,55.811256,55.128368
0,11.600000,1,0,-0.459636,0.000021,57.502747,57.369061,56.523094
2,11.800000,3,2,3.523069,0.044878,57.917099,53.006660,53.655758
3,11.800000,3,4,3.523069,0.000000,56.793640,53.515541,53.844772
1,11.800000,2,1,0.044878,-0.459636,54.676636,55.282837,55.311012
0,11.800000,1,0,-0.459636,0.000021,60.867599,56.381706,56.523094
2,12.000000,3,2,3.523069,0.198749,58.660313,53.476257,53.951370
3,12.000000,3,4,3.523069,0.000000,57.001450,53.840157,53.844772
1,12.000000,2,1,0.198749,-0.459635,57.269047,55.831654,55.050613
0,12.000000,1,0,-0.459635,0.000021,53.078625,56.077759,56.523094
2,12.200000,3,2,3.523069,0.198749,49.087635,53.766285,53.951370
3,12.200000,3,4,3.523069,0.000000,52.508804,53.362873,53.844772
1,12.200000,2,1,0.198749,-0.459635,55.727768,55.779289,55.050613
0,12.200000,1,0,-0.459635,0.000022,59.803158,55.863255,56.523094
2,12.400000,3,2,3.523070,0.198750,48.232456,54.515827,53.951370
3,12.400000,3,4,3.523070,0.000000,58.881569,53.219433,53.844772
1,12.400000,2,1,0.198750,-0.551851,56.809742,55.444061,54.891510
0,12.400000,1,0,-0.551851,0.000022,53.325611,55.232170,56.660141
2,12.600000,3,2,3.523070,0.198750,61.310589,54.347717,53.951370
3,12.600000,3,4,3.523070,0.000000,51.489170,53.817905,53.844776
1,12.600000,2,1,0.198750,-0.551850,52.256832,55.207668,54.891510
0,12.600000,1,0,-0.551850,0.000022,53.288097,55.446568,56.660141
2,12.800000,3,2,3.523070,0.423478,52.243931,55.640636,54.369148
3,12.800000,3,4,3.523070,0.000000,51.789089,53.918407,53.844776
1,12.800000,2,1,0.423478,-0.551850,58.265091,55.024189,54.493721
0,12.800000,1,0,-0.551850,0.000023,56.389599,56.006908,56.660141
2,13.000000,3,2,3.523071,0.423479,54.312889,54.792110,54.369148
3,13.000000,3,4,3.523071,0.000000,48.528267,53.273579,53.844776
1,13.000000,2,1,0.423479,-0.551850,52.733490,54.509583,54.493721
0,13.000000,1,0,-0.551850,0.000023,60.662701,55.929134,56.660141
2,13.200000,3,2,3.399446,0.423479,55.408352,55.144112,54.592300
3,13.200000,3,4,3.399446,0.000000,57.119820,53.829487,53.605556
1,13.200000,2,1,0.423479,-0.551849,53.065113,54.513805,54.493721
0,13.200000,1,0,-0.551849,0.000023,54.133266,56.256462,56.660141
2,13.400000,3,2,3.399446,0.423479,53.437664,55.725845,54.592300
3,13.400000,3,4,3.399446,0.000000,51.981842,54.238617,53.605556
1,13.400000,2,1,0.423479,-0.418188,53.162788,55.034439,54.732063
0,13.400000,1,0,-0.418188,0.000024,54.933350,55.460640,56.460934
2,13.600000,3,2,3.399446,0.423480,57.650894,55.682262,54.592300
3,13.600000,3,4,3.399446,0.000000,50.562077,52.587494,53.605560
1,13.600000,2,1,0.423480,-0.418187,56.046818,55.453468,54.732063
0,13.600000,1,0,-0.418187,0.000024,55.871094,55.654526,56.460934
2,13.800000,3,2,3.399447,0.313690,46.873154,55.308708,54.394352
3,13.800000,3,4,3.399447,0.000000,53.624836,53.032681,53.605560
1,13.800000,2,1,0.313690,-0.418187,50.416462,55.489582,54.924004
0,13.800000,1,0,-0.418187,0.000024,52.890656,55.508865,56.460934
2,14.000000,3,2,3.399447,0.313690,54.679878,55.386082,54.394352
3,14.000000,3,4,3.399447,0.000000,54.539867,54.490250,53.605560
1,14.000000,2,1,0.313690,-0.418187,56.258499,55.848827,54.924004
0,14.000000,1,0,-0.418187,0.000025,57.714973,55.356686,56.460934
2,14.200000,3,2,3.399448,0.142631,52.917683,54.802567,54.078560
3,14.200000,3,4,3.399448,0.000000,52.122284,53.433342,53.605560
1,14.200000,2,1,0.142631,-0.418186,51.626904,55.733112,55.216454
0,14.200000,1,0,-0.418186,0.000025,57.251080,55.715847,56.460934
2,14.400000,3,2,3.399448,0.019476,53.879814,54.972885,53.845383
3,14.400000,3,4,3.399448,0.000000,62.105270,54.242996,53.605560
1,14.400000,2,1,0.019476,-0.418186,56.758869,55.440357,55.422230
0,14.400000,1,0,-0.418186,0.000026,56.287151,55.699169,56.460934
2,14.600000,3,2,3.399448,0.019476,48.102383,54.270123,53.845383
3,14.600000,3,4,3.399448,0.000000,48.154102,53.781799,53.605560
1,14.600000,2,1,0.019476,-0.418186,57.985329,55.882721,55.422230
0,14.600000,1,0,-0.418186,0.000026,62.252045,55.461658,56.460934
2,14.800000,3,2,3.399449,0.019476,51.987072,53.996372,53.845383
3,14.800000,3,4,3.399449,0.000000,55.556751,52.948082,53.605560
1,14.800000,2,1,0.019476,-0.307872,54.963608,55.461468,55.603294
0,14.800000,1,0,-0.307872,0.000026,61.711025,55.788208,56.293728
2,15.000000,3,2,3.399449,0.019477,53.347050,53.083031,53.845383
3,15.000000,3,4,3.399449,0.000000,51.296768,53.184418,53.605560
1,15.000000,2,1,0.019477,-0.307872,52.602085,55.695766,55.603294
0,15.000000,1,0,-0.307872,0.000027,56.409031,55.945927,56.293728
2,15.200000,3,2,3.580581,0.019477,52.420948,52.344204,53.493065
3,15.200000,3,4,3.580581,0.000000,53.810741,55.500340,53.954292
1,15.200000,2,1,0.019477,-0.307871,55.467052,55.653526,55.603294
0,15.200000,1,0,-0.307871,0.000027,53.903561,56.265633,56.293728
2,15.400000,3,2,3.421986,0.019477,54.437943,52.130623,53.802162
3,15.400000,3,4,3.421986,0.000000,53.226917,53.145199,53.649567
1,15.400000,2,1,0.019477,-0.307871,55.643185,56.107105,55.603294
0,15.400000,1,0,-0.307871,0.000027,56.683697,56.119419,56.293728
2,15.600000,3,2,3.421987,0.019478,52.021618,52.818623,53.802162
3,15.600000,3,4,3.421987,0.000000,50.727264,53.582726,53.649567
1,15.600000,2,1,0.019478,-0.131796,52.101833,56.116009,55.886185
0,15.600000,1,0,-0.131796,0.000028,47.626373,56.974667,56.021393
2,15.800000,3,2,3.421987,0.158642,53.857643,52.876453,54.066322
3,15.800000,3,4,3.421987,0.000000,57.455112,54.087143,53.649570
1,15.800000,2,1,0.158642,-0.131796,55.187134,56.264992,55.663212
0,15.800000,1,0,-0.131796,0.000028,54.331394,55.767189,56.021393
2,16.000000,3,2,3.565161,0.158642,50.783829,53.300194,53.794456
3,16.000000,3,4,3.565161,0.000000,52.147003,53.017918,53.925034
1,16.000000,2,1,0.158642,-0.131796,63.636448,55.988174,55.663212
0,16.000000,1,0,-0.131796,0.000028,55.518162,55.538776,56.021393
2,16.200000,3,2,3.565161,0.158643,54.199654,53.050083,53.794456
3,16.200000,3,4,3.565161,0.000000,53.800526,53.374855,53.925034
1,16.200000,2,1,0.158643,-0.131795,61.278992,55.919220,55.663212
0,16.200000,1,0,-0.131795,0.000029,57.078300,56.108479,56.021393
2,16.400000,3,2,3.565161,0.158643,54.112999,53.891190,53.794456
3,16.400000,3,4,3.565161,0.000000,59.413979,54.581459,53.925034
1,16.400000,2,1,0.158643,-0.017140,62.908916,56.179939,55.847248
0,16.400000,1,0,-0.017140,0.000029,55.885250,55.968719,55.840309
2,16.600000,3,2,3.565162,0.158643,54.882286,54.113064,53.794456
3,16.600000,3,4,3.565162,0.000000,46.244736,54.388126,53.925037
1,16.600000,2,1,0.158643,-0.017140,55.431889,56.883034,55.847248
0,16.600000,1,0,-0.017140,0.000029,57.527691,56.111347,55.840309
2,16.800000,3,2,3.565162,0.315306,48.577209,54.920898,54.091591
3,16.800000,3,4,3.565162,0.000000,50.126675,53.505909,53.925037
1,16.800000,2,1,0.315306,-0.017140,53.254547,56.714203,55.594994
0,16.800000,1,0,-0.017140,0.000030,52.240334,56.662136,55.840309
2,17.000000,3,2,3.565162,0.315306,55.143517,55.720959,54.091591
3,17.000000,3,4,3.565162,0.000000,51.223518,52.973160,53.925037
1,17.000000,2,1,0.315306,-0.017139,60.663445,56.131027,55.594994
0,17.000000,1,0,-0.017139,0.000030,48.664310,56.670918,55.840309
2,17.200000,3,2,3.684176,0.315306,58.013012,55.594158,53.866608
3,17.200000,3,4,3.684176,0.000000,57.777645,55.292347,54.148819
1,17.200000,2,1,0.315306,-0.017139,56.231533,55.535095,55.594994
0,17.200000,1,0,-0.017139,0.000030,56.984940,56.772335,55.840309
2,17.400000,3,2,3.684177,0.315307,50.013103,54.759968,53.866608
3,17.400000,3,4,3.684177,0.000000,54.118534,54.053970,54.148819
1,17.400000,2,1,0.315307,-0.017139,57.387821,55.199165,55.594994
0,17.400000,1,0,-0.017139,0.000031,57.884418,56.846844,55.840309
2,17.600000,3,2,3.684177,0.315307,53.524811,55.014744,53.866608
3,17.600000,3,4,3.684177,0.000000,51.572514,54.664078,54.148819
1,17.600000,2,1,0.315307,-0.017138,54.046173,54.601250,55.594994
0,17.600000,1,0,-0.017138,0.000031,56.707310,56.709496,55.840309
2,17.800000,3,2,3.540075,0.315307,50.049812,54.883400,54.138428
3,17.800000,3,4,3.540075,0.000000,60.232376,54.654457,53.877274
1,17.800000,2,1,0.315307,-0.017138,55.982719,55.118843,55.594994
0,17.800000,1,0,-0.017138,0.000032,55.749443,56.615089,55.840309
2,18.000000,3,2,3.664628,0.315308,53.767845,54.710495,53.903885
3,18.000000,3,4,3.664628,0.000000,59.097958,53.301510,54.112377
1,18.000000,2,1,0.315308,-0.017138,57.147385,55.346951,55.594994
0,18.000000,1,0,-0.017138,0.000032,54.108189,57.313828,55.840309
2,18.200000,3,2,3.664628,0.315308,58.278900,54.657116,53.903885
3,18.200000,3,4,3.664628,0.000000,58.210529,54.031712,54.112377
1,18.200000,2,1,0.315308,-0.017137,58.050270,55.346127,55.594994
0,18.200000,1,0,-0.017137,0.000032,52.707802,56.724998,55.840309
2,18.400000,3,2,3.664629,0.153468,50.889191,54.334934,53.591354
3,18.400000,3,4,3.664629,0.000000,55.305737,54.854549,54.112377
1,18.400000,2,1,0.153468,-0.154240,58.149708,55.625324,55.635220
0,18.400000,1,0,-0.154240,0.000033,54.661457,57.334465,56.056496
2,18.600000,3,2,3.664629,0.153469,57.418236,53.560722,53.591354
3,18.600000,3,4,3.664629,0.000000,56.005600,53.850517,54.112381
1,18.600000,2,1,0.153469,-0.154239,53.854782,55.455147,55.635220
0,18.600000,1,0,-0.154239,0.000033,55.334652,57.765526,56.056496
2,18.800000,3,2,3.664629,0.153469,52.640209,53.829330,53.591354
3,18.800000,3,4,3.664629,0.000000,58.421101,55.474144,54.112381
1,18.800000,2,1,0.153469,-0.154239,53.314880,55.681923,55.635220
0,18.800000,1,0,-0.154239,0.000033,52.701393,57.996372,56.056496
2,19.000000,3,2,3.664630,0.153469,54.460693,53.337868,53.591354
3,19.000000,3,4,3.664630,0.000000,52.376850,54.171837,54.112381
1,19.000000,2,1,0.153469,-0.154238,53.282669,55.916000,55.635220
0,19.000000,1,0,-0.154238,0.000034,51.018478,57.789566,56.056496
2,19.200000,3,2,3.559793,0.153470,54.296562,53.056076,53.794830
3,19.200000,3,4,3.559793,0.000000,54.346302,53.297798,53.914833
1,19.200000,2,1,0.153470,-0.154238,52.650696,56.491581,55.635220
0,19.200000,1,0,-0.154238,0.000034,54.000435,57.212872,56.056496
2,19.400000,3,2,3.559793,0.153470,52.799484,53.419521,53.794830
3,19.400000,3,4,3.559793,0.000000,53.266102,54.764408,53.914833
1,19.400000,2,1,0.153470,-0.277762,56.923546,56.365818,55.432865
0,19.400000,1,0,-0.277762,0.000034,59.121532,56.922237,56.247650
2,19.600000,3,2,3.683588,0.153470,51.284389,53.093632,53.554153
3,19.600000,3,4,3.683588,0.000000,55.133926,53.580257,54.147720
1,19.600000,2,1,0.153470,-0.277762,54.841988,56.441422,55.432865
0,19.600000,1,0,-0.277762,0.000035,52.708843,57.141930,56.247650
2,19.800000,3,2,3.565797,0.272193,56.268074,52.907726,54.009430
3,19.800000,3,4,3.565797,0.000000,53.436790,53.366501,53.926243
1,19.800000,2,1,0.272193,-0.277762,60.179195,55.693302,55.234760
0,19.800000,1,0,-0.277762,0.000035,51.245705,56.610714,56.247650
2,20.000000,3,2,3.675353,0.272193,56.011803,53.745552,53.800911
3,20.000000,3,4,3.675353,0.000000,51.532261,53.497784,54.132385
1,20.000000,2,1,0.272193,-0.097628,55.882969,55.876011,55.533939
0,20.000000,1,0,-0.097628,0.000035,51.230152,56.573116,55.967751
2,20.200000,3,2,3.675354,0.453763,50.244606,53.293110,54.144348
3,20.200000,3,4,3.675354,0.000000,56.800819,53.286903,54.132385
1,20.200000,2,1,0.453763,0.051606,54.188362,55.710831,55.480835
0,20.200000,1,0,0.051606,0.000036,60.229748,56.379433,55.730278
2,20.400000,3,2,3.675354,0.310309,53.216343,53.160126,53.873913
3,20.400000,3,4,3.675354,0.000000,58.979797,53.712097,54.132385
1,20.400000,2,1,0.310309,0.051606,58.154209,55.254162,55.714462
0,20.400000,1,0,0.051606,0.000036,60.154968,56.398438,55.730278
2,20.600000,3,2,3.531106,0.310310,56.178852,53.218491,54.145828
3,20.600000,3,4,3.531106,0.000000,48.671608,54.884644,53.860146
1,20.600000,2,1,0.310310,0.051607,55.836414,55.623432,55.714462
0,20.600000,1,0,0.051607,0.000037,53.688393,56.160503,55.730278
2,20.800000,3,2,3.531106,0.310310,55.269318,53.188049,54.145828
3,20.800000,3,4,3.531106,0.000000,59.955181,54.125332,53.860146
1,20.800000,2,1,0.310310,-0.060264,56.305283,55.561569,55.532707
0,20.800000,1,0,-0.060264,0.000037,55.441078,56.476234,55.908783
2,21.000000,3,2,3.531107,0.310310,56.736401,52.774101,54.145828
3,21.000000,3,4,3.531107,0.000000,50.585098,53.010300,53.860146
1,21.000000,2,1,0.310310,-0.177863,51.027634,54.960129,55.338303
0,21.000000,1,0,-0.177863,0.000037,55.830658,56.586739,56.093319
2,21.200000,3,2,3.531107,0.553799,53.761108,54.083679,54.589901
3,21.200000,3,4,3.531107,0.000000,53.712261,54.953194,53.860146
1,21.200000,2,1,0.553799,-0.177863,56.313477,54.885143,54.924377
0,21.200000,1,0,-0.177863,0.000038,58.916725,56.519176,56.093319
2,21.400000,3,2,3.381819,0.362096,56.121468,53.640732,54.513840
3,21.400000,3,4,3.381819,0.000000,47.102379,54.187817,53.571014
1,21.400000,2,1,0.362096,-0.177863,62.965942,54.380833,55.251579
0,21.400000,1,0,-0.177863,0.000038,55.586697,56.579441,56.093319
2,21.600000,3,2,3.232443,0.362096,57.845917,54.399410,54.779381
3,21.600000,3,4,3.232443,0.000000,54.464462,53.479263,53.273796
1,21.600000,2,1,0.362096,-0.177862,51.202812,54.435707,55.251579
0,21.600000,1,0,-0.177862,0.000038,57.988083,56.156475,56.093319
2,21.800000,3,2,3.232443,0.541940,57.384979,55.181091,55.090698
3,21.800000,3,4,3.232443,0.000000,51.974232,54.213371,53.273796
1,21.800000,2,1,0.541940,0.002204,62.485878,54.777508,55.251953
0,21.800000,1,0,0.002204,0.000039,53.545799,55.397125,55.809471
2,22.000000,3,2,3.439746,0.365257,54.272652,54.878498,54.414833
3,22.000000,3,4,3.439746,0.000000,54.714424,54.599926,53.684120
1,22.000000,2,1,0.365257,0.002205,54.941849,54.846622,55.545021
0,22.000000,1,0,0.002205,0.000039,57.683372,54.884941,55.809471
2,22.200000,3,2,3.439747,0.365258,54.788265,54.161781,54.414833
3,22.200000,3,4,3.439747,0.000000,51.588276,52.914486,53.684120
1,22.200000,2,1,0.365258,0.002205,52.856804,54.943462,55.545021
0,22.200000,1,0,0.002205,0.000039,55.774109,55.543224,55.809471
2,22.400000,3,2,3.539986,0.137759,57.291153,53.523594,53.802704
3,22.400000,3,4,3.539986,0.000000,55.010662,53.309586,53.877102
1,22.400000,2,1,0.137759,0.002205,54.977242,54.239735,55.911087
0,22.400000,1,0,0.002205,0.000040,55.697266,55.107250,55.809471
2,22.600000,3,2,3.539987,0.408868,50.642406,52.548046,54.311501
3,22.600000,3,4,3.539987,0.000000,53.558968,54.137852,53.877106
1,22.600000,2,1,0.408868,0.002206,54.755135,55.264809,55.473419
0,22.600000,1,0,0.002206,0.000040,57.766117,54.271656,55.809471
2,22.800000,3,2,3.539987,0.408869,58.093876,52.820026,54.311501
3,22.800000,3,4,3.539987,0.000000,49.984211,54.298668,53.877106
1,22.800000,2,1,0.408869,0.002206,53.784451,54.725338,55.473419
0,22.800000,1,0,0.002206,0.000040,53.062115,54.676338,55.809471
2,23.000000,3,2,3.539987,0.408869,58.746227,53.312954,54.311501
3,23.000000,3,4,3.539987,0.000000,60.966389,54.572624,53.877106
1,23.000000,2,1,0.408869,0.002207,59.147507,54.451149,55.473419
0,23.000000,1,0,0.002207,0.000041,54.496925,54.329826,55.809471
2,23.200000,3,2,3.645671,0.408869,51.771046,52.902874,54.115990
3,23.200000,3,4,3.645671,0.000000,54.634304,53.592422,54.076920
1,23.200000,2,1,0.408869,-0.132829,54.761433,54.603546,55.248657
0,23.200000,1,0,-0.132829,0.000041,55.377506,54.949589,56.023026
2,23.400000,3,2,3.645671,0.408870,54.211033,52.723534,54.115990
3,23.400000,3,4,3.645671,0.000000,51.723969,55.326366,54.076920
1,23.400000,2,1,0.408870,-0.303139,47.921623,54.648113,54.958378
0,23.400000,1,0,-0.303139,0.000041,56.694336,55.694118,56.286518
2,23.600000,3,2,3.645671,0.408870,57.932873,52.972469,54.115990
3,23.600000,3,4,3.645671,0.000000,54.424709,54.691830,54.076920
1,23.600000,2,1,0.408870,-0.303138,49.606632,54.160938,54.958378
0,23.600000,1,0,-0.303138,0.000042,53.104397,56.339203,56.286518
2,23.800000,3,2,3.645672,0.408870,51.397842,53.398743,54.115990
3,23.800000,3,4,3.645672,0.000000,57.125683,52.331131,54.076920
1,23.800000,2,1,0.408870,-0.303138,53.527100,54.639347,54.958378
0,23.800000,1,0,-0.303138,0.000042,54.595207,56.506046,56.286518
2,24.000000,3,2,3.645672,0.408871,50.554482,53.456795,54.115990
3,24.000000,3,4,3.645672,0.000000,55.200462,54.342365,54.076920
1,24.000000,2,1,0.408871,-0.303138,56.768681,54.413994,54.958378
0,24.000000,1,0,-0.303138,0.000043,60.922848,56.585968,56.286518
2,24.200000,3,2,3.645673,0.408871,54.018909,53.445801,54.115990
3,24.200000,3,4,3.645673,0.000000,53.207691,55.983410,54.076923
1,24.200000,2,1,0.408871,-0.420148,51.110443,54.009407,54.754349
0,24.200000,1,0,-0.420148,0.000043,58.140469,56.918621,56.463909
2,24.400000,3,2,3.788862,0.408872,50.245083,53.594254,53.845345
3,24.400000,3,4,3.788862,0.000000,53.664139,54.640511,54.341915
1,24.400000,2,1,0.408872,-0.420147,53.935699,53.571404,54.754349
0,24.400000,1,0,-0.420147,0.000043,57.988911,57.418571,56.463909
2,24.600000,3,2,3.932495,0.529553,49.637257,52.838997,53.801331
3,24.600000,3,4,3.932495,0.000000,56.322033,54.688103,54.601387
1,24.600000,2,1,0.529553,-0.420147,55.556080,54.801407,54.539829
0,24.600000,1,0,-0.420147,0.000044,56.420708,57.712479,56.463909
2,24.800000,3,2,3.932496,0.657881,53.203381,52.854794,54.045170
3,24.800000,3,4,3.932496,0.000000,51.326511,53.924503,54.601387
1,24.800000,2,1,0.657881,-0.310958,54.034424,55.017391,54.505413
0,24.800000,1,0,-0.310958,0.000044,57.523937,57.343864,56.298470
2,25.000000,3,2,3.932496,0.439458,53.965412,53.177162,53.626804
3,25.000000,3,4,3.932496,0.000000,56.534954,54.429459,54.601387
1,25.000000,2,1,0.439458,-0.158751,59.122040,55.123112,55.153198
0,25.000000,1,0,-0.158751,0.000044,58.519054,56.535534,56.063553
2,25.200000,3,2,3.932497,0.439458,57.373531,53.042187,53.626804
3,25.200000,3,4,3.932497,0.000000,55.162560,55.335823,54.601387
1,25.200000,2,1,0.439458,-0.029908,51.869904,56.385567,55.369629
0,25.200000,1,0,-0.029908,0.000045,57.720013,56.684502,55.860649
2,25.400000,3,2,3.829785,0.439459,50.376541,53.793640,53.825546
3,25.400000,3,4,3.829785,0.000000,52.083660,53.678532,54.416473
1,25.400000,2,1,0.439459,-0.029907,52.612476,56.381489,55.369629
0,25.400000,1,0,-0.029907,0.000045,56.063499,56.413631,55.860649
2,25.600000,3,2,3.829785,0.439459,54.916279,54.021225,53.825546
3,25.600000,3,4,3.829785,0.000000,52.984451,55.491657,54.416473
1,25.600000,2,1,0.439459,-0.029907,52.121704,56.076775,55.369629
0,25.600000