3,0.200000,4,3,0.000000,0.000000,58.053219,55.402428,56.779953
2,0.200000,2,3,0.000000,0.000000,48.631569,NaN,53.619278
1,0.200000,2,1,0.000000,0.000000,51.653736,NaN,53.327843
0,0.200000,1,0,0.000000,0.000000,56.307449,NaN,55.491089
3,0.400000,4,3,0.000000,0.000001,57.644451,57.324696,56.779953
2,0.400000,2,3,0.000001,0.000001,48.044640,NaN,53.619278
1,0.400000,2,1,0.000001,0.000001,50.367775,NaN,53.327843
0,0.400000,1,0,0.000001,0.000001,51.107307,NaN,55.491089
3,0.600000,4,3,0.000000,0.000001,55.250957,56.684891,56.779953
2,0.600000,2,3,-0.132551,0.000001,51.348816,49.484325,53.357117
1,0.600000,2,1,-0.132551,0.000001,50.363945,55.519737,53.590710
0,0.600000,1,0,0.000001,0.000001,47.773899,58.342773,55.491089
3,0.800000,4,3,0.000000,0.000001,55.800247,56.855606,56.779953
2,0.800000,2,3,-0.132551,0.000001,51.714622,49.905102,53.357117
1,0.800000,2,1,-0.132551,-0.185820,51.466511,55.429970,53.220390
0,0.800000,1,0,-0.185820,0.000001,52.303963,54.355175,55.792480
3,1.000000,4,3,0.000000,0.000002,55.979237,56.036758,56.779953
2,1.000000,2,3,-0.132551,0.000002,53.535309,51.502838,53.357117
1,1.000000,2,1,-0.132551,-0.185819,52.046227,54.314651,53.220390
0,1.000000,1,0,-0.185819,0.000002,48.521561,55.129803,55.792480
3,1.200000,4,3,0.000000,0.121202,56.932301,57.031147,56.955544
2,1.200000,2,3,-0.257618,0.121202,52.775352,50.975941,52.852570
1,1.200000,2,1,-0.257618,-0.185819,52.100311,54.456966,53.471016
0,1.200000,1,0,-0.185819,0.000002,48.825401,54.389767,55.792480
3,1.400000,4,3,0.000000,-0.048564,56.782173,57.003994,56.708786
2,1.400000,2,3,-0.257617,-0.048564,52.026917,51.250092,53.202877
1,1.400000,2,1,-0.257617,-0.185819,53.809731,54.312317,53.471016
0,1.400000,1,0,-0.185819,0.000002,56.346672,53.888889,55.792480
3,1.600000,4,3,0.000000,-0.166747,55.947659,55.935219,56.533634
2,1.600000,2,3,-0.257617,-0.166747,49.188763,50.991905,53.440239
1,1.600000,2,1,-0.257617,-0.185818,52.067162,53.990314,53.471016
0,1.600000,1,0,-0.185818,0.000003,55.725471,55.121429,55.792480
3,1.800000,4,3,0.000000,-0.292280,60.994625,55.830166,56.344444
2,1.800000,2,3,-0.257617,-0.292280,53.334400,52.838051,53.686806
1,1.800000,2,1,-0.257617,-0.185818,55.030880,54.067890,53.471016
0,1.800000,1,0,-0.185818,0.000003,56.707462,54.672596,55.792480
3,2.000000,4,3,0.000000,-0.292279,54.882572,55.690769,56.344444
2,2.000000,2,3,-0.257616,-0.292279,52.033085,53.670986,53.686806
1,2.000000,2,1,-0.257616,-0.185817,52.867077,54.199684,53.471016
0,2.000000,1,0,-0.185817,0.000004,59.257317,56.063652,55.792480
3,2.200000,4,3,0.000000,-0.292279,57.548138,56.887520,56.344444
2,2.200000,2,3,-0.406698,-0.292279,53.002224,52.988693,53.393356
1,2.200000,2,1,-0.406698,-0.185817,55.940727,53.552917,53.762405
0,2.200000,1,0,-0.185817,0.000004,57.046013,55.424206,55.792480
3,2.400000,4,3,0.000000,-0.292279,55.947708,56.648087,56.344444
2,2.400000,2,3,-0.406698,-0.292279,56.053753,52.215950,53.393356
1,2.400000,2,1,-0.406698,-0.185817,55.578232,54.280827,53.762405
0,2.400000,1,0,-0.185817,0.000004,49.266724,56.057789,55.792480
3,2.600000,4,3,0.000000,-0.292278,56.462330,57.708492,56.344444
2,2.600000,2,3,-0.514594,-0.292278,54.282780,52.489368,53.175915
1,2.600000,2,1,-0.514594,-0.300544,54.649975,54.553627,53.749222
0,2.600000,1,0,-0.300544,0.000005,55.344200,56.107464,55.974472
3,2.800000,4,3,0.000000,-0.292278,58.619267,57.082008,56.344444
2,2.800000,2,3,-0.514594,-0.292278,55.669498,52.725704,53.175915
1,2.800000,2,1,-0.514594,-0.300544,56.169079,54.031048,53.749222
0,2.800000,1,0,-0.300544,0.000005,53.211906,57.040371,55.974472
3,3.000000,4,3,0.000000,-0.486073,59.907185,54.410397,56.045742
2,3.000000,2,3,-0.514594,-0.486073,54.927929,52.741306,53.563400
1,3.000000,2,1,-0.514594,-0.300544,54.754219,54.668888,53.749222
0,3.000000,1,0,-0.300544,0.000005,56.173641,55.999802,55.974472
3,3.200000,4,3,0.000000,-0.486073,58.011921,55.746696,56.045742
2,3.200000,2,3,-0.514593,-0.486073,57.204689,53.042492,53.563400
1,3.200000,2,1,-0.514593,-0.055842,58.337807,54.261425,54.211720
0,3.200000,1,0,-0.055842,0.000006,62.483871,55.448112,55.582550
3,3.400000,4,3,0.000000,-0.486073,63.797287,56.396187,56.045746
2,3.400000,2,3,-0.514593,-0.486073,55.848793,53.332962,53.563400
1,3.400000,2,1,-0.514593,-0.055841,50.769104,54.614262,54.211720
0,3.400000,1,0,-0.055841,0.000006,54.313251,54.719852,55.582550
3,3.600000,4,3,0.000000,-0.486072,55.627155,55.733124,56.045746
2,3.600000,2,3,-0.514593,-0.486072,54.695068,54.205078,53.563400
1,3.600000,2,1,-0.514593,-0.055841,50.772190,54.341099,54.211720
0,3.600000,1,0,-0.055841,0.000006,52.090122,54.488968,55.582550
3,3.800000,4,3,0.000000,-0.486072,55.125854,56.463127,56.045746
2,3.800000,2,3,-0.514592,-0.486072,53.847271,54.803150,53.563400
1,3.800000,2,1,-0.514592,-0.055841,53.157982,55.183899,54.211720
0,3.800000,1,0,-0.055841,0.000007,53.440056,54.753109,55.582550
3,4.000000,4,3,0.000000,-0.486071,59.553009,56.547520,56.045746
2,4.000000,2,3,-0.514592,-0.486071,54.132847,55.080322,53.563400
1,4.000000,2,1,-0.514592,-0.055840,50.541561,55.391415,54.211720
0,4.000000,1,0,-0.055840,0.000007,54.268879,54.891232,55.582550
3,4.200000,4,3,0.000000,-0.486071,55.062019,56.408581,56.045746
2,4.200000,2,3,-0.514592,-0.486071,51.175079,54.584152,53.563400
1,4.200000,2,1,-0.514592,-0.197198,52.383312,55.196087,53.946953
0,4.200000,1,0,-0.197198,0.000007,53.637634,54.857616,55.810677
3,4.400000,4,3,0.000000,-0.486071,57.438461,56.835190,56.045746
2,4.400000,2,3,-0.514591,-0.486071,55.744434,54.033909,53.563400
1,4.400000,2,1,-0.514591,-0.092431,55.024891,55.153259,54.143799
0,4.400000,1,0,-0.092431,0.000008,56.605949,55.990192,55.642063
3,4.600000,4,3,0.000000,-0.614591,54.241249,56.529091,55.843025
2,4.600000,2,3,-0.360060,-0.614591,57.165268,54.520248,54.105606
1,4.600000,2,1,-0.360060,-0.092430,48.839729,54.668659,53.852188
0,4.600000,1,0,-0.092430,0.000008,58.641953,55.420937,55.642063
3,4.800000,4,3,0.000000,-0.614590,58.567169,54.596237,55.843025
2,4.800000,2,3,-0.360060,-0.614590,53.821087,55.176617,54.105606
1,4.800000,2,1,-0.360060,-0.092430,56.946350,54.811481,53.852188
0,4.800000,1,0,-0.092430,0.000008,52.546436,55.507416,55.642063
3,5.000000,4,3,0.000000,-0.769668,62.808060,54.069645,55.593262
2,5.000000,2,3,-0.360059,-0.769668,52.213139,54.983036,54.391579
1,5.000000,2,1,-0.360059,0.035732,52.377167,54.424213,54.094593
0,5.000000,1,0,0.035732,0.000009,58.442444,55.751568,55.432175
3,5.200000,4,3,0.000000,-0.769668,51.783974,56.223125,55.593262
2,5.200000,2,3,-0.360059,-0.769668,51.109715,55.616947,54.391579
1,5.200000,2,1,-0.360059,0.035733,49.915359,54.497574,54.094593
0,5.200000,1,0,0.035733,0.000009,56.058224,55.854733,55.432175
3,5.400000,4,3,0.000000,-0.769668,55.672817,55.561035,55.593262
2,5.400000,2,3,-0.360059,-0.769668,49.517490,55.555435,54.391579
1,5.400000,2,1,-0.360059,0.201187,53.218079,54.806103,54.399734
0,5.400000,1,0,0.201187,0.000010,51.727470,55.649078,55.155067
3,5.600000,4,3,0.000000,-0.769667,61.223854,55.583683,55.593262
2,5.600000,2,3,-0.360058,-0.769667,54.737694,55.156460,54.391579
1,5.600000,2,1,-0.360058,0.371172,54.876339,54.710789,54.704544
0,5.600000,1,0,0.371172,0.000010,53.669178,55.232174,54.862812
3,5.800000,4,3,0.000000,-0.769667,51.165661,57.033382,55.593262
2,5.800000,2,3,-0.360058,-0.769667,51.886524,54.863792,54.391579
1,5.800000,2,1,-0.360058,0.371172,53.653477,54.341019,54.704544
0,5.800000,1,0,0.371172,0.000010,57.268692,54.463642,54.862812
3,6.000000,4,3,0.000000,-0.769666,48.920689,56.620705,55.593266
2,6.000000,2,3,-0.360058,-0.769666,58.829597,54.211952,54.391579
1,6.000000,2,1,-0.360058,0.371172,55.599503,53.938202,54.704544
0,6.000000,1,0,0.371172,0.000011,53.481079,54.494297,54.862812
3,6.200000,4,3,0.000000,-0.769666,56.870079,54.398792,55.593266
2,6.200000,2,3,-0.360057,-0.769666,51.225090,54.127983,54.391579
1,6.200000,2,1,-0.360057,0.371173,53.197021,53.126286,54.704544
0,6.200000,1,0,0.371173,0.000011,57.732887,54.584255,54.862812
3,6.400000,4,3,0.000000,-0.769666,55.789288,55.180950,55.593266
2,6.400000,2,3,-0.173247,-0.769666,52.134655,54.570580,54.726349
1,6.400000,2,1,-0.173247,0.371173,57.495155,53.114349,54.369091
0,6.400000,1,0,0.371173,0.000011,59.835712,53.843098,54.862812
3,6.600000,4,3,0.000000,-0.769665,57.836540,55.245464,55.593269
2,6.600000,2,3,-0.173246,-0.769665,52.952370,55.127068,54.726349
1,6.600000,2,1,-0.173246,0.371173,53.136833,52.982269,54.369091
0,6.600000,1,0,0.371173,0.000012,58.315498,53.839874,54.862812
3,6.800000,4,3,0.000000,-0.769665,55.521393,55.952778,55.593269
2,6.800000,2,3,-0.173246,-0.769665,48.820782,55.336823,54.726349
1,6.800000,2,1,-0.173246,0.371174,54.070431,53.129543,54.369091
0,6.800000,1,0,0.371174,0.000012,58.139141,54.402637,54.862812
3,7.000000,4,3,0.000000,-0.769665,53.151653,56.422707,55.593269
2,7.000000,2,3,-0.173246,-0.769665,60.217941,55.140690,54.726349
1,7.000000,2,1,-0.173246,0.197809,53.451283,53.810280,54.048225
0,7.000000,1,0,0.197809,0.000012,53.593365,54.689430,55.160801
3,7.200000,4,3,0.000000,-0.769664,52.667976,56.151371,55.593269
2,7.200000,2,3,-0.173245,-0.769664,52.465458,54.939255,54.726349
1,7.200000,2,1,-0.173245,0.197810,52.963200,53.916882,54.048225
0,7.200000,1,0,0.197810,0.000013,50.992943,55.630779,55.160801
3,7.400000,4,3,0.000000,-0.912462,53.493374,55.477036,55.358093
2,7.400000,2,3,-0.173245,-0.912462,56.699036,55.084507,54.975464
1,7.400000,2,1,-0.173245,0.197810,51.276047,53.579590,54.048225
0,7.400000,1,0,0.197810,0.000013,52.715508,55.492638,55.160801
3,7.600000,4,3,0.000000,-1.052459,54.660976,55.120045,55.122475
2,7.600000,2,3,-0.283439,-1.052459,56.850708,55.127739,55.026741
1,7.600000,2,1,-0.283439,0.365570,57.557957,53.769161,54.558174
0,7.600000,1,0,0.365570,0.000013,54.880230,54.958298,54.872578
3,7.800000,4,3,0.000000,-1.175001,54.377457,54.301159,54.911949
2,7.800000,2,3,-0.283438,-1.175001,57.029781,55.477192,55.235085
1,7.800000,2,1,-0.283438,0.467696,55.160759,54.809078,54.739685
0,7.800000,1,0,0.467696,0.000014,57.423222,54.844131,54.693295
3,8.000000,4,3,0.000000,-1.175001,55.498566,54.487682,54.911949
2,8.000000,2,3,-0.283438,-1.175001,53.213352,56.290680,55.235085
1,8.000000,2,1,-0.283438,0.467697,58.412472,54.668564,54.739685
0,8.000000,1,0,0.467697,0.000014,59.072556,54.818897,54.693295
3,8.200000,4,3,0.000000,-1.175000,53.219490,52.879349,54.911949
2,8.200000,2,3,-0.283438,-1.175000,57.547363,55.878780,55.235085
1,8.200000,2,1,-0.283438,0.325182,51.384800,55.033543,54.485546
0,8.200000,1,0,0.325182,0.000015,56.467098,55.192535,54.942673
3,8.400000,4,3,0.000000,-1.175000,58.585258,56.563976,54.911949
2,8.400000,2,3,-0.283437,-1.175000,57.012619,56.010132,55.235085
1,8.400000,2,1,-0.283437,0.325183,52.573902,54.664394,54.485546
0,8.400000,1,0,0.325183,0.000015,51.629951,55.525768,54.942673
3,8.600000,4,3,0.000000,-1.175000,54.406837,53.778347,54.911949
2,8.600000,2,3,-0.283437,-1.175000,54.440536,55.305412,55.235085
1,8.600000,2,1,-0.283437,0.325183,51.773750,53.515339,54.485546
0,8.600000,1,0,0.325183,0.000015,52.115219,55.457859,54.942673
3,8.800000,4,3,0.000000,-1.174999,51.730568,53.294212,54.911949
2,8.800000,2,3,-0.283436,-1.174999,50.987103,55.308617,55.235085
1,8.800000,2,1,-0.283436,0.485059,52.564911,54.029068,54.770241
0,8.800000,1,0,0.485059,0.000016,57.256508,55.295815,54.662521
3,9.000000,4,3,0.000000,-1.174999,54.755615,55.041191,54.911949
2,9.000000,2,3,-0.427952,-1.174999,59.264656,54.511486,54.988960
1,9.000000,2,1,-0.427952,0.485059,57.619484,54.456120,55.021313
0,9.000000,1,0,0.485059,0.000016,59.990063,54.581451,54.662521
3,9.200000,4,3,0.000000,-1.174999,54.239277,55.256306,54.911949
2,9.200000,2,3,-0.427952,-1.174999,55.542431,54.445923,54.988960
1,9.200000,2,1,-0.427952,0.485059,55.562855,55.166763,55.021313
0,9.200000,1,0,0.485059,0.000016,53.323864,54.344845,54.662521
3,9.400000,4,3,0.000000,-1.174998,54.212955,55.346447,54.911949
2,9.400000,2,3,-0.427951,-1.174998,59.737659,54.078323,54.988960
1,9.400000,2,1,-0.427951,0.485060,55.976437,54.351200,55.021313
0,9.400000,1,0,0.485060,0.000017,61.235367,54.543079,54.662521
3,9.600000,4,3,0.000000,-1.174998,57.084663,55.729717,54.911953
2,9.600000,2,3,-0.427951,-1.174998,54.978409,54.018127,54.988960
1,9.600000,2,1,-0.427951,0.485060,58.346840,54.959564,55.021313
0,9.600000,1,0,0.485060,0.000017,58.801693,54.314835,54.662521
3,9.800000,4,3,0.000000,-1.174998,55.420673,55.717644,54.911953
2,9.800000,2,3,-0.427951,-1.174998,52.741848,53.807945,54.988960
1,9.800000,2,1,-0.427951,0.381998,56.238659,54.772129,54.842857
0,9.800000,1,0,0.381998,0.000017,60.284790,54.721146,54.843941
3,10.000000,4,3,0.000000,-1.174997,57.006332,56.166389,54.911953
2,10.000000,2,3,-0.427950,-1.174997,48.537945,53.815228,54.988960
1,10.000000,2,1,-0.427950,0.381999,53.214607,54.100220,54.842857
0,10.000000,1,0,0.381999,0.000018,50.646225,54.771427,54.843941
3,10.200000,4,3,0.000000,-1.174997,54.006172,54.302246,54.911957
2,10.200000,2,3,-0.427950,-1.174997,54.765984,53.754421,54.988960
1,10.200000,2,1,-0.427950,0.381999,58.396690,54.386410,54.842857
0,10.200000,1,0,0.381999,0.000018,51.341282,54.329098,54.843941
3,10.400000,4,3,0.000000,-1.174997,59.917824,56.104763,54.911957
2,10.400000,2,3,-0.427949,-1.174997,59.154930,54.551498,54.988960
1,10.400000,2,1,-0.427949,0.483150,57.196339,54.395443,55.018028
0,10.400000,1,0,0.483150,0.000018,59.494057,53.903423,54.665916
3,10.600000,4,3,0.000000,-1.174996,57.710163,54.993191,54.911957
2,10.600000,2,3,-0.253086,-1.174996,59.927605,55.085094,55.286064
1,10.600000,2,1,-0.253086,0.483150,57.903236,54.481052,54.713394
0,10.600000,1,0,0.483150,0.000019,51.475147,53.051365,54.665916
3,10.800000,4,3,0.000000,-1.174996,57.936283,55.427643,54.911957
2,10.800000,2,3,-0.140720,-1.174996,53.910473,55.558792,55.472778
1,10.800000,2,1,-0.140720,0.483151,52.582718,54.792618,54.513027
0,10.800000,1,0,0.483151,0.000019,51.426331,53.594658,54.665916
3,11.000000,4,3,0.000000,-1.174996,54.664135,54.902962,54.911957
2,11.000000,2,3,-0.140719,-1.174996,55.260845,56.192524,55.472778
1,11.000000,2,1,-0.140719,0.483151,54.108494,54.232834,54.513027
0,11.000000,1,0,0.483151,0.000019,51.119812,53.561043,54.665916
3,11.200000,4,3,0.000000,-1.174995,58.393253,54.978683,54.911957
2,11.200000,2,3,0.020920,-1.174995,58.157055,55.862850,55.735859
1,11.200000,2,1,0.020920,0.483151,55.647469,54.205238,54.218155
0,11.200000,1,0,0.483151,0.000020,52.018608,54.323196,54.665916
3,11.400000,4,3,0.000000,-1.174995,55.123455,54.848148,54.911957
2,11.400000,2,3,0.020920,-1.174995,53.140625,55.531815,55.735859
1,11.400000,2,1,0.020920,0.483152,56.090317,53.505260,54.218155
0,11.400000,1,0,0.483152,0.000020,54.451637,53.445251,54.665916
3,11.600000,4,3,0.000000,-1.381743,51.371414,55.281914,54.547249
2,11.600000,2,3,0.020921,-1.381743,55.500790,54.991726,56.063324
1,11.600000,2,1,0.020921,0.634873,58.662117,53.610344,54.495163
0,11.600000,1,0,0.634873,0.000021,50.488674,54.097630,54.393284
3,11.800000,4,3,0.000000,-1.381742,49.792877,54.275837,54.547249
2,11.800000,2,3,0.020921,-1.381742,53.107494,56.404541,56.063324
1,11.800000,2,1,0.020921,0.452730,52.179390,53.923988,54.161751
0,11.800000,1,0,0.452730,0.000021,53.426472,53.811874,54.719765
3,12.000000,4,3,0.000000,-1.381742,53.825951,54.420162,54.547249
2,12.000000,2,3,0.020922,-1.381742,54.223907,57.220951,56.063324
1,12.000000,2,1,0.020922,0.452730,51.675823,53.283321,54.161751
0,12.000000,1,0,0.452730,0.000021,55.275703,54.853676,54.719765
3,12.200000,4,3,0.000000,-1.258397,54.505226,53.392368,54.766304
2,12.200000,2,3,0.020922,-1.258397,55.601563,57.139019,55.869148
1,12.200000,2,1,0.020922,0.707236,58.299164,53.483376,54.624832
0,12.200000,1,0,0.707236,0.000022,49.505310,55.131397,54.260803
3,12.400000,4,3,0.000000,-1.433010,55.142357,54.667149,54.454887
2,12.400000,2,3,0.020922,-1.433010,56.133747,56.693825,56.143021
1,12.400000,2,1,0.020922,0.707236,59.011520,54.475349,54.624832
0,12.400000,1,0,0.707236,0.000022,53.135216,54.206421,54.260803
3,12.600000,4,3,0.000000,-1.306164,50.568108,54.464657,54.681999
2,12.600000,2,3,0.020923,-1.306164,56.785629,57.078899,55.944763
1,12.600000,2,1,0.020923,0.707236,54.466255,54.326492,54.624832
0,12.600000,1,0,0.707236,0.000022,52.172558,54.656170,54.260803
3,12.800000,4,3,0.000000,-1.306164,51.079952,55.995987,54.681999
2,12.800000,2,3,-0.177901,-1.306164,52.501190,56.323711,55.626522
1,12.800000,2,1,-0.177901,0.839507,60.794331,54.557381,55.199142
0,12.800000,1,0,0.839507,0.000023,54.214546,53.908085,54.014385
3,13.000000,4,3,0.000000,-1.306163,49.909744,55.187122,54.681999
2,13.000000,2,3,-0.177901,-1.306163,56.110405,56.717075,55.626522
1,13.000000,2,1,-0.177901,0.839507,63.495255,55.248913,55.199142
0,13.000000,1,0,0.839507,0.000023,56.524391,54.304974,54.014385
3,13.200000,4,3,0.000000,-1.306163,49.819679,53.119591,54.681999
2,13.200000,2,3,-0.177900,-1.306163,54.908157,56.806965,55.626522
1,13.200000,2,1,-0.177900,0.694190,59.162224,54.630013,54.950806
0,13.200000,1,0,0.694190,0.000023,57.995148,54.264488,54.284813
3,13.400000,4,3,0.000000,-1.306162,55.617828,53.453602,54.681999
2,13.400000,2,3,-0.177900,-1.306162,58.581142,56.270901,55.626522
1,13.400000,2,1,-0.177900,0.580618,62.572060,54.655682,54.752693
0,13.400000,1,0,0.580618,0.000024,56.163521,55.120083,54.491570
3,13.600000,4,3,0.000000,-1.163287,54.021416,54.233662,54.932251
2,13.600000,2,3,-0.177900,-1.163287,51.544598,56.483959,55.391937
1,13.600000,2,1,-0.177900,0.580619,54.206154,54.107346,54.752693
0,13.600000,1,0,0.580619,0.000024,56.398876,54.903149,54.491570
3,13.800000,4,3,0.000000,-1.024056,57.178894,55.069618,55.170692
2,13.800000,2,3,-0.395151,-1.024056,50.908714,55.286171,54.783527
1,13.800000,2,1,-0.395151,0.580619,58.068394,53.396683,55.128563
0,13.800000,1,0,0.580619,0.000024,54.724842,55.343903,54.491570
3,14.000000,4,3,0.000000,-1.024055,57.146980,55.274330,55.170692
2,14.000000,2,3,-0.395150,-1.024055,55.536858,54.857048,54.783527
1,14.000000,2,1,-0.395150,0.580619,53.320663,54.181114,55.128563
0,14.000000,1,0,0.580619,0.000025,52.679996,55.458538,54.491570
3,14.200000,4,3,0.000000,-0.902643,55.010258,55.488098,55.374428
2,14.200000,2,3,-0.395150,-0.902643,52.753872,55.001003,54.568275
1,14.200000,2,1,-0.395150,0.714070,49.485268,54.637905,55.353161
0,14.200000,1,0,0.714070,0.000025,55.521069,54.969955,54.248215
3,14.400000,4,3,0.000000,-0.902643,50.836311,55.492554,55.374428
2,14.400000,2,3,-0.199155,-0.902643,59.112068,55.935627,54.913666
1,14.400000,2,1,-0.199155,0.504395,52.530880,54.821163,54.655491
0,14.400000,1,0,0.504395,0.000026,55.002850,55.114941,54.628159
3,14.600000,4,3,0.000000,-0.758538,60.824783,55.245697,55.611382
2,14.600000,2,3,-0.199155,-0.758538,56.295696,56.634857,54.660797
1,14.600000,2,1,-0.199155,0.504395,51.231285,54.292969,54.655491
0,14.600000,1,0,0.504395,0.000026,49.225517,56.011478,54.628159
3,14.800000,4,3,0.000000,-0.758538,51.677765,54.674931,55.611382
2,14.800000,2,3,-0.199154,-0.758538,55.279037,56.768841,54.660797
1,14.800000,2,1,-0.199154,0.504395,55.831345,53.747879,54.655491
0,14.800000,1,0,0.504395,0.000026,54.605461,56.030468,54.628159
3,15.000000,4,3,0.000000,-0.905329,59.429379,54.777515,55.369961
2,15.000000,2,3,-0.199154,-0.905329,60.188850,56.418865,54.918327
1,15.000000,2,1,-0.199154,0.504396,51.954605,53.871380,54.655491
0,15.000000,1,0,0.504396,0.000027,53.901051,56.204048,54.628159
3,15.200000,4,3,0.000000,-1.011502,51.670662,54.266766,55.191933
2,15.200000,2,3,-0.199154,-1.011502,56.579769,56.941231,55.100864
1,15.200000,2,1,-0.199154,0.504396,52.179787,53.711899,54.655491
0,15.200000,1,0,0.504396,0.000027,56.989220,56.188770,54.628159
3,15.400000,4,3,0.000000,-1.122018,54.289093,54.369450,55.003471
2,15.400000,2,3,-0.343943,-1.122018,51.588749,56.507786,55.042274
1,15.400000,2,1,-0.343943,0.504396,55.209248,53.806343,54.909676
0,15.400000,1,0,0.504396,0.000027,57.456409,55.469837,54.628159
3,15.600000,4,3,0.000000,-1.122018,56.156425,53.728970,55.003471
2,15.600000,2,3,-0.343943,-1.122018,56.741470,56.062679,55.042274
1,15.600000,2,1,-0.343943,0.504397,51.858849,54.682869,54.909676
0,15.600000,1,0,0.504397,0.000028,55.875656,55.563049,54.628159
3,15.800000,4,3,0.000000,-1.122017,51.416069,54.304329,55.003471
2,15.800000,2,3,-0.343943,-1.122017,58.978218,56.321491,55.042274
1,15.800000,2,1,-0.343943,0.504397,55.480995,54.472652,54.909676
0,15.800000,1,0,0.504397,0.000028,59.700474,54.453220,54.628159
3,16.000000,4,3,0.000000,-1.122017,57.066784,55.034492,55.003471
2,16.000000,2,3,-0.343942,-1.122017,60.226334,55.970806,55.042274
1,16.000000,2,1,-0.343942,0.504397,56.846664,54.491028,54.909676
0,16.000000,1,0,0.504397,0.000028,50.181458,54.215061,54.628159
3,16.200000,4,3,0.000000,-1.122016,56.632618,55.546192,55.003475
2,16.200000,2,3,-0.343942,-1.122016,49.307049,55.813244,55.042274
1,16.200000,2,1,-0.343942,0.504398,52.488308,54.386566,54.909676
0,16.200000,1,0,0.504398,0.000029,57.712265,53.837044,54.628159
3,16.400000,4,3,0.000000,-1.122016,56.481750,54.181080,55.003475
2,16.400000,2,3,-0.343941,-1.122016,54.948208,55.610039,55.042274
1,16.400000,2,1,-0.343941,0.669780,57.943703,54.483845,55.192909
0,16.400000,1,0,0.669780,0.000029,55.271645,53.741646,54.329590
3,16.600000,4,3,0.000000,-1.122016,52.352058,55.901863,55.003475
2,16.600000,2,3,-0.343941,-1.122016,57.043938,54.916676,55.042274
1,16.600000,2,1,-0.343941,0.669781,51.121246,54.423862,55.192909
0,16.600000,1,0,0.669781,0.000029,55.539124,53.366291,54.329590
3,16.800000,4,3,0.000000,-1.122015,58.712517,54.523907,55.003479
2,16.800000,2,3,-0.343941,-1.122015,49.590515,55.444508,55.042274
1,16.800000,2,1,-0.343941,0.669781,52.456055,54.129051,55.192909
0,16.800000,1,0,0.669781,0.000030,52.767063,53.828205,54.329590
3,17.000000,4,3,0.000000,-1.289257,49.701328,54.829231,54.711914
2,17.000000,2,3,-0.230195,-1.289257,55.220436,55.775318,55.513535
1,17.000000,2,1,-0.230195,0.858666,55.989143,54.904381,55.319195
0,17.000000,1,0,0.858666,0.000030,58.745918,53.657875,53.978237
3,17.200000,4,3,0.000000,-1.289257,54.859100,52.938637,54.711914
2,17.200000,2,3,-0.230195,-1.289257,53.207142,55.861332,55.513535
1,17.200000,2,1,-0.230195,0.858667,56.776512,54.953613,55.319195
0,17.200000,1,0,0.858667,0.000030,49.101830,52.460762,53.978237
3,17.400000,4,3,0.000000,-1.517802,55.596909,54.718777,54.300377
2,17.400000,2,3,-0.359763,-1.517802,51.869934,55.894821,55.674782
1,17.400000,2,1,-0.359763,0.858667,57.214062,54.976727,55.533566
0,17.400000,1,0,0.858667,0.000031,54.744205,52.156853,53.978237
3,17.600000,4,3,0.000000,-1.402509,53.995399,55.089249,54.509933
2,17.600000,2,3,-0.359763,-1.402509,53.003273,55.981323,55.486725
1,17.600000,2,1,-0.359763,0.858668,54.796707,55.664795,55.533566
0,17.600000,1,0,0.858668,0.000031,49.589718,53.057621,53.978237
3,17.800000,4,3,0.000000,-1.402508,53.367496,54.234871,54.509933
2,17.800000,2,3,-0.359763,-1.402508,54.452785,55.266468,55.486725
1,17.800000,2,1,-0.359763,0.705777,56.265743,54.967686,55.280155
0,17.800000,1,0,0.705777,0.000032,54.796238,52.853004,54.263512
3,18.000000,4,3,0.000000,-1.402508,58.718182,54.184757,54.509933
2,18.000000,2,3,-0.359762,-1.402508,55.509823,55.608147,55.486725
1,18.000000,2,1,-0.359762,0.499834,57.574615,54.474251,54.929188
0,18.000000,1,0,0.499834,0.000032,48.957058,54.315460,54.636292
3,18.200000,4,3,0.000000,-1.186679,55.197647,55.835789,54.891670
2,18.200000,2,3,-0.359762,-1.186679,53.285103,56.353565,55.125675
1,18.200000,2,1,-0.359762,0.499834,53.674068,53.974400,54.929188
0,18.200000,1,0,0.499834,0.000032,56.101452,55.066120,54.636292
3,18.400000,4,3,0.000000,-1.006490,54.783337,54.596485,55.200401
2,18.400000,2,3,-0.491098,-1.006490,58.030865,55.119175,54.582413
1,18.400000,2,1,-0.491098,0.380259,52.705772,53.964207,54.949539
0,18.400000,1,0,0.380259,0.000033,57.344181,55.365746,54.847008
3,18.600000,4,3,0.000000,-1.006489,55.770325,55.350960,55.200405
2,18.600000,2,3,-0.491097,-1.006489,50.744514,54.649353,54.582413
1,18.600000,2,1,-0.491097,0.380259,53.680843,54.371243,54.949539
0,18.600000,1,0,0.380259,0.000033,54.481800,55.649342,54.847008
3,18.800000,4,3,0.000000,-1.006489,54.579174,54.192848,55.200405
2,18.800000,2,3,-0.491097,-1.006489,55.512268,54.433887,54.582413
1,18.800000,2,1,-0.491097,0.380259,51.041679,54.356323,54.949539
0,18.800000,1,0,0.380259,0.000033,51.868607,55.285225,54.847008
3,19.000000,4,3,0.000000,-1.006489,55.855301,54.566853,55.200405
2,19.000000,2,3,-0.491097,-1.006489,55.830776,54.531635,54.582413
1,19.000000,2,1,-0.491097,0.380260,52.195236,54.784534,54.949539
0,19.000000,1,0,0.380260,0.000034,56.584034,54.262970,54.847008
3,19.200000,4,3,0.000000,-1.006488,58.606537,56.485222,55.200409
2,19.200000,2,3,-0.491096,-1.006488,55.933121,53.436481,54.582413
1,19.200000,2,1,-0.491096,0.380260,52.046364,54.666122,54.949539
0,19.200000,1,0,0.380260,0.000034,57.680702,53.584335,54.847008
3,19.400000,4,3,0.000000,-1.006488,57.197266,54.983055,55.200409
2,19.400000,2,3,-0.339549,-1.006488,52.710777,53.695305,54.850090
1,19.400000,2,1,-0.339549,0.380260,53.738930,54.913643,54.684334
0,19.400000,1,0,0.380260,0.000034,55.497353,54.058384,54.847008
3,19.600000,4,3,0.000000,-1.006487,51.223770,55.956791,55.200409
2,19.600000,2,3,-0.339548,-1.006487,55.527519,54.215656,54.850090
1,19.600000,2,1,-0.339548,0.380261,55.298214,54.819946,54.684334
0,19.600000,1,0,0.380261,0.000035,48.608681,54.690613,54.847008
3,19.800000,4,3,0.000000,-1.006487,58.080795,54.037785,55.200409
2,19.800000,2,3,-0.339548,-1.006487,57.729618,54.405350,54.850090
1,19.800000,2,1,-0.339548,0.380261,54.793324,54.872456,54.684334
0,19.800000,1,0,0.380261,0.000035,58.338985,54.078583,54.847008
3,20.000000,4,3,0.000000,-1.006487,55.682453,53.749401,55.200409
2,20.000000,2,3,-0.339548,-1.006487,56.100723,54.728722,54.850090
1,20.000000,2,1,-0.339548,0.380262,51.779984,55.099094,54.684334
0,20.000000,1,0,0.380262,0.000035,47.771336,54.730900,54.847008
3,20.200000,4,3,0.000000,-1.006486,52.703976,56.211945,55.200409
2,20.200000,2,3,-0.339547,-1.006486,56.689777,55.622818,54.850090
1,20.200000,2,1,-0.339547,0.380262,54.141342,55.018326,54.684334
0,20.200000,1,0,0.380262,0.000036,56.640270,54.765984,54.847008
3,20.400000,4,3,0.000000,-1.006486,58.730614,56.979813,55.200409
2,20.400000,2,3,-0.339547,-1.006486,52.889233,55.436844,54.850090
1,20.400000,2,1,-0.339547,0.380262,54.717716,54.833092,54.684334
0,20.400000,1,0,0.380262,0.000036,55.021778,55.250969,54.847008
3,20.600000,4,3,0.000000,-1.006486,59.775970,55.240219,55.200409
2,20.600000,2,3,-0.452680,-1.006486,55.699589,54.820393,54.650887
1,20.600000,2,1,-0.452680,0.380263,53.795898,54.460480,54.882927
0,20.600000,1,0,0.380263,0.000037,49.228615,55.050835,54.847008
3,20.800000,4,3,0.000000,-1.137038,51.330738,55.117565,54.977604
2,20.800000,2,3,-0.452679,-1.137038,52.456543,55.264824,54.880440
1,20.800000,2,1,-0.452679,0.380263,53.449799,54.754303,54.882927
0,20.800000,1,0,0.380263,0.000037,58.212013,55.383121,54.847008
3,21.000000,4,3,0.000000,-1.137038,54.064644,55.830120,54.977604
2,21.000000,2,3,-0.452679,-1.137038,57.783405,55.346340,54.880440
1,21.000000,2,1,-0.452679,0.380263,56.967613,55.165318,54.882927
0,21.000000,1,0,0.380263,0.000037,57.500324,54.964699,54.847008
3,21.200000,4,3,0.000000,-1.137038,53.941998,54.511364,54.977604
2,21.200000,2,3,-0.452679,-1.137038,57.605339,55.494488,54.880440
1,21.200000,2,1,-0.452679,0.380264,60.303596,55.205284,54.882927
0,21.200000,1,0,0.380264,0.000038,60.784065,54.348652,54.847008
3,21.400000,4,3,0.000000,-0.954668,56.618240,55.792023,55.287594
2,21.400000,2,3,-0.452678,-0.954668,52.738033,55.357704,54.558418
1,21.400000,2,1,-0.452678,0.380264,56.062370,54.814236,54.882927
0,21.400000,1,0,0.380264,0.000038,59.556881,54.591545,54.847008
3,21.600000,4,3,0.000000,-0.954667,57.760174,54.604679,55.287594
2,21.600000,2,3,-0.452678,-0.954667,53.337093,55.079433,54.558418
1,21.600000,2,1,-0.452678,0.486582,54.793194,55.361820,55.066299
0,21.600000,1,0,0.486582,0.000038,53.883518,54.944862,54.659859
3,21.800000,4,3,0.000000,-1.118907,54.663654,55.028740,55.008820
2,21.800000,2,3,-0.452677,-1.118907,56.038731,55.318184,54.848850
1,21.800000,2,1,-0.452677,0.486583,56.446301,55.082298,55.066299
0,21.800000,1,0,0.486583,0.000039,53.319736,54.987717,54.659859
3,22.000000,4,3,0.000000,-1.118907,54.131912,55.076923,55.008820
2,22.000000,2,3,-0.452677,-1.118907,58.300720,55.219631,54.848850
1,22.000000,2,1,-0.452677,0.486583,52.527855,54.738338,55.066299
0,22.000000,1,0,0.486583,0.000039,53.158855,54.982182,54.659859
3,22.200000,4,3,0.000000,-1.118907,49.601017,57.083805,55.008820
2,22.200000,2,3,-0.452677,-1.118907,52.250904,55.074940,54.848850
1,22.200000,2,1,-0.452677,0.383051,54.402267,54.491669,54.887772
0,22.200000,1,0,0.383051,0.000039,52.781918,55.099815,54.842140
3,22.400000,4,3,0.000000,-1.118906,51.291389,56.182961,55.008823
2,22.400000,2,3,-0.452676,-1.118906,50.565182,55.240314,54.848850
1,22.400000,2,1,-0.452676,0.383052,55.317692,54.102627,54.887772
0,22.400000,1,0,0.383052,0.000040,51.102024,54.893700,54.842140
3,22.600000,4,3,0.000000,-1.118906,54.812267,55.332466,55.008823
2,22.600000,2,3,-0.452676,-1.118906,49.935844,55.352081,54.848850
1,22.600000,2,1,-0.452676,0.383052,50.742439,54.375126,54.887772
0,22.600000,1,0,0.383052,0.000040,46.634586,54.764969,54.842140
3,22.800000,4,3,0.000000,-1.118906,51.087769,55.253052,55.008827
2,22.800000,2,3,-0.452676,-1.118906,55.670677,55.492882,54.848850
1,22.800000,2,1,-0.452676,0.383052,53.570145,54.180035,54.887772
0,22.800000,1,0,0.383052,0.000040,54.343895,55.207470,54.842140
3,23.000000,4,3,0.000000,-1.118905,59.426598,53.893658,55.008827
2,23.000000,2,3,-0.310006,-1.118905,50.008804,55.996902,55.094986
1,23.000000,2,1,-0.310006,0.383053,53.670223,54.881355,54.636841
0,23.000000,1,0,0.383053,0.000041,52.488052,55.092934,54.842140
3,23.200000,4,3,0.000000,-1.118905,55.400303,53.455887,55.008827
2,23.200000,2,3,-0.310005,-1.118905,54.623245,56.390472,55.094986
1,23.200000,2,1,-0.310005,0.245281,56.189007,55.118450,54.388889
0,23.200000,1,0,0.245281,0.000041,52.947552,54.837223,55.080063
3,23.400000,4,3,0.000000,-1.118904,53.335667,54.422020,55.008827
2,23.400000,2,3,-0.310005,-1.118904,59.387859,56.230305,55.094986
1,23.400000,2,1,-0.310005,0.245281,56.144104,54.533844,54.388889
0,23.400000,1,0,0.245281,0.000041,57.448673,55.964249,55.080063
3,23.600000,4,3,0.000000,-1.118904,57.511192,54.920250,55.008827
2,23.600000,2,3,-0.310005,-1.118904,54.439678,56.388870,55.094986
1,23.600000,2,1,-0.310005,0.411211,54.311516,54.125214,54.686821
0,23.600000,1,0,0.411211,0.000042,52.229412,56.146835,54.792870
3,23.800000,4,3,0.000000,-1.118904,54.730511,56.468937,55.008827
2,23.800000,2,3,-0.310004,-1.118904,54.602867,55.817112,55.094986
1,23.800000,2,1,-0.310004,0.411211,52.156460,54.308167,54.686821
0,23.800000,1,0,0.411211,0.000042,61.044697,56.438114,54.792870
3,24.000000,4,3,0.000000,-1.118903,53.853386,52.691711,55.008827
2,24.000000,2,3,-0.310004,-1.118903,53.786247,55.253323,55.094986
1,24.000000,2,1,-0.310004,0.411212,65.185280,54.619080,54.686821
0,24.000000,1,0,0.411212,0.000043,56.450657,55.389202,54.792870
3,24.200000,4,3,0.000000,-1.118903,52.827766,55.440403,55.008827
2,24.200000,2,3,-0.310004,-1.118903,54.028877,55.550827,55.094986
1,24.200000,2,1,-0.310004,0.411212,58.658997,55.500763,54.686821
0,24.200000,1,0,0.411212,0.000043,57.527733,55.153336,54.792870
3,24.400000,4,3,0.000000,-1.118903,55.846516,54.611408,55.008827
2,24.400000,2,3,-0.133061,-1.118903,53.926167,55.455647,55.392689
1,24.400000,2,1,-0.133061,0.411212,54.706017,54.757965,54.368824
0,24.400000,1,0,0.411212,0.000043,53.041698,55.185211,54.792870
3,24.600000,4,3,0.000000,-1.118902,60.465446,54.569050,55.008827
2,24.600000,2,3,-0.133061,-1.118902,53.800537,55.407024,55.392689
1,24.600000,2,1,-0.133061,0.411213,52.502048,53.887352,54.368824
0,24.600000,1,0,0.411213,0.000044,53.518440,55.547287,54.792870
3,24.800000,4,3,0.000000,-1.005493,51.206070,55.777943,55.202087
2,24.800000,2,3,-0.133061,-1.005493,50.415588,55.690529,55.202820
1,24.800000,2,1,-0.133061,0.411213,50.779358,54.067909,54.368824
0,24.800000,1,0,0.411213,0.000044,58.016937,55.596218,54.792870
3,25.000000,4,3,0.000000,-1.005493,59.706421,53.817337,55.202087
2,25.000000,2,3,-0.133060,-1.005493,58.620331,55.809883,55.202820
1,25.000000,2,1,-0.133060,0.642475,50.131065,53.784500,54.782608
0,25.000000,1,0,0.642475,0.000044,53.117073,55.328281,54.379486
3,25.200000,4,3,0.000000,-1.005492,57.229111,54.114548,55.202087
2,25.200000,2,3,-0.263782,-1.005492,53.428864,55.794537,54.979763
1,25.200000,2,1,-0.263782,0.642475,50.869774,53.619259,55.009712
0,25.200000,1,0,0.642475,0.000045,54.307434,54.427963,54.379486
3,25.400000,4,3,0.000000,-1.005492,57.864601,55.382069,55.202087
2,25.400000,2,3,-0.263782,-1.005492,53.874683,55.203270,54.979763
1,25.400000,2,1,-0.263782,0.549257,54.607647,53.867664,54.848251
0,25.400000,1,0,0.549257,0.000045,