2,0.200000,2,3,0.000000,0.000000,49.497677,NaN,49.515392
1,0.200000,2,1,0.000000,0.000000,32.625587,NaN,35.000000
0,0.200000,0,1,0.000000,0.000000,64.485054,NaN,67.424538
3,0.200000,3,4,0.000000,0.000000,34.524948,34.824650,35.000000
2,0.400000,2,3,-0.299999,0.300001,48.208389,NaN,47.653446
1,0.400000,2,1,-0.299999,0.300001,36.385593,NaN,36.244377
0,0.400000,0,1,0.000001,0.300001,68.962029,NaN,67.258896
3,0.400000,3,4,0.300001,0.000000,36.600071,36.058926,36.591972
2,0.600000,2,3,-0.431119,0.300001,48.294415,45.533772,47.200249
1,0.600000,2,1,-0.431119,0.600001,39.789742,30.690304,39.776196
0,0.600000,0,1,0.000001,0.600001,62.401764,71.527451,67.090683
3,0.600000,3,4,0.300001,0.000000,33.649502,36.531712,36.591976
2,0.800000,2,3,-0.515304,0.432286,52.091499,45.686905,46.408005
1,0.800000,2,1,-0.515304,0.900001,43.449085,35.253296,42.176800
0,0.800000,0,1,0.000001,0.900001,69.927727,67.527710,66.919830
3,0.800000,3,4,0.432286,0.000000,33.280533,35.369537,37.765549
2,1.000000,2,3,-0.670203,0.536167,43.861328,45.300117,45.378162
1,1.000000,2,1,-0.670203,1.200002,42.570999,36.623726,44.467407
0,1.000000,0,1,0.000002,1.200002,70.087296,69.027718,66.746246
3,1.000000,3,4,0.536167,0.000000,37.366943,39.968586,38.605831
2,1.200000,2,3,-0.670203,0.536167,42.200306,45.380058,45.378162
1,1.200000,2,1,-0.670203,1.500002,45.572849,38.463356,45.750435
0,1.200000,0,1,0.000002,1.500002,71.357269,68.755531,66.569832
3,1.200000,3,4,0.536167,0.000000,41.658154,38.488419,38.605835
2,1.400000,2,3,-0.670202,0.653770,45.240955,44.349854,44.875793
1,1.400000,2,1,-0.670202,1.800002,46.558712,40.525330,46.897743
0,1.400000,0,1,0.000002,1.800002,61.611771,66.261360,66.390511
3,1.400000,3,4,0.653770,0.000000,44.833313,38.483986,39.484764
2,1.600000,2,3,-0.670202,0.653770,42.418640,44.582985,44.875793
1,1.600000,2,1,-0.670202,2.100003,44.463840,43.083031,47.935318
0,1.600000,0,1,0.000003,2.100003,69.127823,65.915154,66.208176
3,1.600000,3,4,0.653770,0.000000,37.396885,39.399284,39.484768
2,1.800000,2,3,-0.670202,0.653771,44.647686,44.621342,44.875793
1,1.800000,2,1,-0.670202,2.400003,49.770397,44.290245,48.882328
0,1.800000,0,1,0.000003,2.400003,66.031120,64.931274,66.022728
3,1.800000,3,4,0.653771,0.000000,45.220066,38.781670,39.484772
2,2.000000,2,3,-0.545719,0.653771,42.366886,44.552311,45.406845
1,2.000000,2,1,-0.545719,2.700003,46.788754,46.008514,49.400352
0,2.000000,0,1,0.000004,2.700003,59.091888,64.400833,65.834061
3,2.000000,3,4,0.653771,0.000000,34.793991,39.254498,39.484776
2,2.200000,2,3,-0.347350,0.747363,46.917561,44.844501,45.834545
1,2.200000,2,1,-0.347350,2.950848,51.995438,46.417339,49.550545
0,2.200000,0,1,0.000004,2.950848,63.140884,63.658978,65.673752
3,2.200000,3,4,0.747363,0.000000,35.602737,39.356110,40.136765
2,2.400000,2,3,-0.240163,0.747363,41.471130,45.955849,46.255306
1,2.400000,2,1,-0.240163,3.177524,49.140064,46.897083,49.884995
0,2.400000,0,1,0.000004,3.177524,65.895409,63.085964,65.526817
3,2.400000,3,4,0.747363,0.000000,40.116215,39.586086,40.136768
2,2.600000,2,3,-0.240163,0.849748,43.529835,47.101807,45.853745
1,2.600000,2,1,-0.240163,3.477525,54.294785,47.801411,50.681908
0,2.600000,0,1,0.000005,3.477525,66.309402,62.677223,65.329247
3,2.600000,3,4,0.849748,0.000000,41.604084,40.554966,40.807892
2,2.800000,2,3,-0.240162,0.849748,47.493900,46.569260,45.853745
1,2.800000,2,1,-0.240162,3.777525,52.159107,48.872143,51.424301
0,2.800000,0,1,0.000005,3.777525,65.498886,62.177898,65.128021
3,2.800000,3,4,0.849748,0.000000,37.792892,41.049988,40.807892
2,3.000000,2,3,-0.121905,1.071404,44.630402,46.786926,45.432549
1,3.000000,2,1,-0.121905,3.941767,54.836102,49.890877,51.533745
0,3.000000,0,1,0.000005,3.941767,61.601490,61.544327,65.016251
3,3.000000,3,4,1.071404,0.000000,49.267998,40.189770,42.132717
2,3.200000,2,3,-0.219869,1.071405,39.406044,46.681850,45.017822
1,3.200000,2,1,-0.219869,4.113452,51.944019,50.047600,52.154190
0,3.200000,0,1,0.000006,4.113452,62.216206,61.569572,64.898170
3,3.200000,3,4,1.071405,0.000000,40.510593,42.969322,42.132717
2,3.400000,2,3,-0.045984,1.196844,44.668373,46.364956,45.224899
1,3.400000,2,1,-0.045984,4.413453,49.559788,51.375107,52.432640
0,3.400000,0,1,0.000006,4.413453,69.616257,62.080837,64.688713
3,3.400000,3,4,1.196844,0.000000,47.129852,41.107533,42.816574
2,3.600000,2,3,0.146059,1.196844,44.856468,45.998989,46.008957
1,3.600000,2,1,0.146059,4.531172,51.181782,51.706024,52.269409
0,3.600000,0,1,0.000006,4.531172,70.994652,61.758202,64.605400
3,3.600000,3,4,1.196844,0.000000,46.387348,42.103252,42.816574
2,3.800000,2,3,0.146059,1.196845,45.869530,46.617626,46.008957
1,3.800000,2,1,0.146059,4.828993,55.223557,51.689930,52.909206
0,3.800000,0,1,0.000007,4.828993,65.960487,62.158459,64.391739
3,3.800000,3,4,1.196845,0.000000,45.843235,43.244263,42.816578
2,4.000000,2,3,0.146060,1.196845,52.041374,46.161526,46.008957
1,4.000000,2,1,0.146060,5.108748,53.636612,52.869034,53.477684
0,4.000000,0,1,0.000007,5.108748,64.037941,61.715572,64.187134
3,4.000000,3,4,1.196845,0.000000,43.852074,43.700165,42.816578
2,4.200000,2,3,0.303450,1.196845,46.787231,46.005711,46.611835
1,4.200000,2,1,0.303450,5.338178,55.485889,53.786175,53.619381
0,4.200000,0,1,0.000007,5.338178,63.826462,61.560783,64.016403
3,4.200000,3,4,1.196845,0.000000,39.849339,42.620914,42.816582
2,4.400000,2,3,0.303450,1.300753,47.761326,45.854534,46.217598
1,4.400000,2,1,0.303450,5.543160,52.811470,54.277920,54.012726
0,4.400000,0,1,0.000008,5.543160,60.171787,60.972553,63.861572
3,4.400000,3,4,1.300753,0.000000,42.622818,43.887218,43.352165
2,4.600000,2,3,0.418101,1.387365,49.552086,46.131317,46.325397
1,4.600000,2,1,0.418101,5.782137,54.342865,54.340797,54.244537
0,4.600000,0,1,0.000008,5.782137,63.145916,60.778908,63.678223
3,4.600000,3,4,1.387365,0.000000,45.577412,42.908173,43.779274
2,4.800000,2,3,0.418101,1.490998,45.873112,45.587368,45.921516
1,4.800000,2,1,0.418101,6.078219,58.604561,54.118931,54.777443
0,4.800000,0,1,0.000008,6.078219,66.306046,60.494431,63.446678
3,4.800000,3,4,1.490998,0.000000,46.098953,43.309673,44.269180
2,5.000000,2,3,0.418102,1.490998,44.154610,44.610817,45.921516
1,5.000000,2,1,0.418102,6.378219,55.879002,55.893715,55.291981
0,5.000000,0,1,0.000009,6.378219,59.889233,59.799183,63.206924
3,5.000000,3,4,1.490998,0.000000,50.922424,44.622761,44.269180
2,5.200000,2,3,0.630254,1.661921,45.305206,44.984200,46.084000
1,5.200000,2,1,0.630254,6.553702,55.467529,56.174114,55.230377
0,5.200000,0,1,0.000009,6.553702,66.054497,59.800549,63.064190
3,5.200000,3,4,1.661921,0.000000,44.593163,44.585007,45.031830
2,5.400000,2,3,0.630255,1.661922,38.543209,44.412899,46.084000
1,5.400000,2,1,0.630255,6.853702,53.618164,56.251240,55.724365
0,5.400000,0,1,0.000010,6.853702,60.669762,59.476933,62.815742
3,5.400000,3,4,1.661922,0.000000,40.857590,44.096092,45.031834
2,5.600000,2,3,0.799517,1.661922,45.222420,44.749481,46.726696
1,5.600000,2,1,0.799517,7.153702,53.448318,56.602299,55.932800
0,5.600000,0,1,0.000010,7.153702,65.479507,59.557716,62.561474
3,5.600000,3,4,1.661922,0.000000,45.057262,44.327423,45.031834
2,5.800000,2,3,1.084598,1.661922,44.269348,45.840969,47.729939
1,5.800000,2,1,1.084598,7.376579,54.460415,56.816299,55.834126
0,5.800000,0,1,0.000010,7.376579,58.053829,59.512394,62.368641
3,5.800000,3,4,1.661922,0.000000,45.355572,45.269562,45.031837
2,6.000000,2,3,1.285874,1.661923,46.638630,46.189617,48.386272
1,6.000000,2,1,1.285874,7.376579,63.399509,55.877647,55.508556
0,6.000000,0,1,0.000011,7.376579,63.337967,59.111687,62.368641
3,6.000000,3,4,1.661923,0.000000,43.116684,46.472404,45.031837
2,6.200000,2,3,1.285874,1.661923,46.192581,45.835785,48.386272
1,6.200000,2,1,1.285874,7.539158,49.228813,55.046913,55.772285
0,6.200000,0,1,0.000011,7.539158,62.582981,59.961170,62.225784
3,6.200000,3,4,1.661923,0.000000,43.583504,44.307568,45.031837
2,6.400000,2,3,1.522276,1.661924,47.546211,45.957207,49.109665
1,6.400000,2,1,1.522276,7.539158,52.946648,55.603016,55.386654
0,6.400000,0,1,0.000011,7.539158,58.536201,59.975643,62.225784
3,6.400000,3,4,1.661924,0.000000,44.074677,45.764099,45.031841
2,6.600000,2,3,1.522276,1.759693,53.829491,46.874844,48.816315
1,6.600000,2,1,1.522276,7.539159,56.852978,55.858315,55.386654
0,6.600000,0,1,0.000012,7.539159,59.821083,59.983158,62.225784
3,6.600000,3,4,1.759693,0.000000,48.205242,46.107002,45.445152
2,6.800000,2,3,1.636984,2.014789,53.090042,46.951736,48.380711
1,6.800000,2,1,1.636984,7.730412,55.340267,55.761154,55.513027
0,6.800000,0,1,0.000012,7.730412,66.238487,60.293510,62.055294
3,6.800000,3,4,2.014789,0.000000,46.586395,45.592060,46.454872
2,7.000000,2,3,1.732118,2.123202,54.535805,46.665977,48.338593
1,7.000000,2,1,1.732118,7.866844,58.723450,55.958321,55.580597
0,7.000000,0,1,0.000012,7.866844,59.209183,60.081406,61.932014
3,7.000000,3,4,2.123202,0.000000,45.441135,47.156811,46.857101
2,7.200000,2,3,1.898354,2.123202,53.678543,47.325912,48.854469
1,7.200000,2,1,1.898354,7.985666,61.503185,56.184692,55.502983
0,7.200000,0,1,0.000013,7.985666,59.470360,59.968418,61.823494
3,7.200000,3,4,2.123202,0.000000,46.951366,46.938820,46.857101
2,7.400000,2,3,2.010113,2.239309,46.255447,47.219315,48.841286
1,7.400000,2,1,2.010113,8.206319,52.082325,55.118282,55.680420
0,7.400000,0,1,0.000013,8.206319,56.812759,59.560951,61.619049
3,7.400000,3,4,2.239309,0.000000,50.357258,48.629841,47.271976
2,7.600000,2,3,2.127841,2.239309,51.276249,47.256241,49.192768
1,7.600000,2,1,2.127841,8.206319,54.721382,55.095654,55.488457
0,7.600000,0,1,0.000013,8.206319,57.277267,59.128231,61.619049
3,7.600000,3,4,2.239309,0.000000,46.353378,47.445137,47.271976
2,7.800000,2,3,2.223337,2.474557,53.226257,48.030643,48.774250
1,7.800000,2,1,2.223337,8.374344,53.706276,54.782429,55.607124
0,7.800000,0,1,0.000014,8.374344,64.289726,59.392632,61.460747
3,7.800000,3,4,2.474557,0.000000,42.505226,48.336845,48.066898
2,8.000000,2,3,2.223338,2.474557,46.617825,47.700729,48.774250
1,8.000000,2,1,2.223338,8.515589,61.653763,54.298996,55.834557
0,8.000000,0,1,0.000014,8.515589,54.758110,59.176392,61.325859
3,8.000000,3,4,2.474557,0.000000,44.666451,48.492104,48.066898
2,8.200000,2,3,2.418701,2.474558,51.106003,48.533546,49.354923
1,8.200000,2,1,2.418701,8.616856,51.316696,54.612186,55.683571
0,8.200000,0,1,0.000015,8.616856,62.056396,58.550636,61.228111
3,8.200000,3,4,2.474558,0.000000,45.209877,48.337841,48.066902
2,8.400000,2,3,2.418702,2.474558,53.223423,48.058861,49.354923
1,8.400000,2,1,2.418702,8.802295,57.310867,54.864971,55.979141
0,8.400000,0,1,0.000015,8.802295,52.341370,58.598354,61.046799
3,8.400000,3,4,2.474558,0.000000,43.863251,49.866325,48.066902
2,8.600000,2,3,2.418702,2.474559,46.698780,48.461185,49.354923
1,8.600000,2,1,2.418702,8.802296,52.910923,55.434811,55.979141
0,8.600000,0,1,0.000015,8.802296,61.009418,59.020729,61.046799
3,8.600000,3,4,2.474559,0.000000,49.507309,48.927845,48.066902
2,8.800000,2,3,2.418703,2.474559,48.872360,48.238903,49.354923
1,8.800000,2,1,2.418703,8.802296,61.412182,55.392319,55.979141
0,8.800000,0,1,0.000016,8.802296,60.042206,59.211620,61.046799
3,8.800000,3,4,2.474559,0.000000,49.454628,47.424179,48.066902
2,9.000000,2,3,2.599412,2.474559,47.233109,48.417419,49.865723
1,9.000000,2,1,2.599412,9.031178,56.123363,56.058582,56.054626
0,9.000000,0,1,0.000016,9.031178,62.161739,60.054741,60.818756
3,9.000000,3,4,2.474559,0.000000,42.816471,46.467388,48.066906
2,9.200000,2,3,2.599413,2.474560,45.961422,48.539101,49.865723
1,9.200000,2,1,2.599413,9.252140,61.179363,56.075550,56.394287
0,9.200000,0,1,0.000016,9.252140,61.898907,59.663391,60.593967
3,9.200000,3,4,2.474560,0.000000,49.947441,47.157356,48.066906
2,9.400000,2,3,2.754676,2.474560,55.977062,49.203533,50.286186
1,9.400000,2,1,2.754676,9.252140,59.640652,55.655594,56.156731
0,9.400000,0,1,0.000017,9.252140,55.465813,59.134388,60.593967
3,9.400000,3,4,2.474560,0.000000,51.409927,47.835991,48.066906
2,9.600000,2,3,2.901855,2.474560,42.116451,49.891018,50.670261
1,9.600000,2,1,2.901855,9.252141,57.595100,55.748276,55.926643
0,9.600000,0,1,0.000017,9.252141,60.393089,59.055874,60.593967
3,9.600000,3,4,2.474560,0.000000,49.770958,47.218166,48.066910
2,9.800000,2,3,2.901855,2.474561,48.555214,50.662933,50.670261
1,9.800000,2,1,2.901855,9.252141,53.317303,55.559616,55.926643
0,9.800000,0,1,0.000017,9.252141,57.648582,58.926701,60.593967
3,9.800000,3,4,2.474561,0.000000,51.245842,47.074509,48.066910
2,10.000000,2,3,3.008059,2.474561,55.607159,50.741711,50.939209
1,10.000000,2,1,3.008059,9.447738,57.095749,55.290493,56.066971
0,10.000000,0,1,0.000018,9.447738,58.382000,59.709221,60.391022
3,10.000000,3,4,2.474561,0.000000,48.027634,48.000809,48.066910
2,10.200000,2,3,3.008060,2.474561,50.469128,51.525845,50.939209
1,10.200000,2,1,3.008060,9.447738,56.339531,54.849602,56.066971
0,10.200000,0,1,0.000018,9.447738,58.887516,59.767105,60.391022
3,10.200000,3,4,2.474561,0.000000,47.200962,47.382076,48.066910
2,10.400000,2,3,3.008060,2.474562,47.625000,51.471409,50.939209
1,10.400000,2,1,3.008060,9.447739,53.135075,54.920002,56.066971
0,10.400000,0,1,0.000018,9.447739,58.151356,60.182411,60.391022
3,10.400000,3,4,2.474562,0.000000,45.916321,48.360729,48.066914
2,10.600000,2,3,3.131579,2.474562,49.572014,51.739136,51.243843
1,10.600000,2,1,3.131579,9.447739,60.631065,55.340115,55.872589
0,10.600000,0,1,0.000019,9.447739,61.610451,59.957294,60.391022
3,10.600000,3,4,2.474562,0.000000,49.246887,48.772926,48.066914
2,10.800000,2,3,3.263796,2.474562,57.080921,52.031094,51.560730
1,10.800000,2,1,3.263796,9.447740,53.420921,54.808430,55.660583
0,10.800000,0,1,0.000019,9.447740,62.805065,59.988659,60.391022
3,10.800000,3,4,2.474562,0.000000,47.474663,49.699669,48.066914
2,11.000000,2,3,3.372313,2.474563,51.954922,52.488720,51.814075
1,11.000000,2,1,3.372313,9.649402,54.688801,54.390835,55.810371
0,11.000000,0,1,0.000019,9.649402,59.906639,60.027817,60.177734
3,11.000000,3,4,2.474563,0.000000,48.063259,48.543484,48.066917
2,11.200000,2,3,3.372313,2.474563,51.993187,51.948601,51.814075
1,11.200000,2,1,3.372313,9.649402,54.316837,54.676632,55.810371
0,11.200000,0,1,0.000020,9.649402,55.781342,59.198746,60.177734
3,11.200000,3,4,2.474563,0.000000,47.341953,48.488369,48.066917
2,11.400000,2,3,3.474263,2.474564,55.555115,52.318764,52.046822
1,11.400000,2,1,3.474263,9.649402,61.230804,54.858326,55.646324
0,11.400000,0,1,0.000020,9.649402,56.958008,59.148663,60.177734
3,11.400000,3,4,2.474564,0.000000,41.902481,47.821655,48.066917
2,11.600000,2,3,3.474263,2.692344,48.455627,51.860081,51.543438
1,11.600000,2,1,3.474263,9.649403,58.235535,55.008858,55.646324
0,11.600000,0,1,0.000021,9.649403,56.743435,58.882797,60.177734
3,11.600000,3,4,2.692344,0.000000,46.341988,48.369392,48.754307
2,11.800000,2,3,3.474263,2.933170,50.275021,50.807304,50.958191
1,11.800000,2,1,3.474263,9.649403,50.306137,55.400085,55.646324
0,11.800000,0,1,0.000021,9.649403,64.784096,58.554779,60.177734
3,11.800000,3,4,2.933170,0.000000,52.025036,48.793373,49.466965
2,12.000000,2,3,3.474264,2.933170,48.640266,50.346367,50.958191
1,12.000000,2,1,3.474264,9.871589,59.213978,55.480526,56.000710
0,12.000000,0,1,0.000021,9.871589,62.247372,58.930626,59.937782
3,12.000000,3,4,2.933170,0.000000,55.633114,49.639122,49.466969
2,12.200000,2,3,3.474264,3.122308,45.109108,50.358025,50.475357
1,12.200000,2,1,3.474264,9.871589,56.107536,56.130615,56.000710
0,12.200000,0,1,0.000022,9.871589,54.380081,58.693871,59.937782
3,12.200000,3,4,3.122308,0.000000,45.963295,49.711269,49.995625
2,12.400000,2,3,3.653851,3.122309,48.030132,50.194302,50.934315
1,12.400000,2,1,3.653851,9.871589,55.838875,56.316704,55.715172
0,12.400000,0,1,0.000022,9.871589,59.094280,58.900116,59.937782
3,12.400000,3,4,3.122309,0.000000,46.249153,50.056274,49.995625
2,12.600000,2,3,3.900998,3.122309,58.523621,51.228359,51.535797
1,12.600000,2,1,3.900998,9.871590,52.325726,56.327770,55.309509
0,12.600000,0,1,0.000022,9.871590,62.300537,58.885059,59.937782
3,12.600000,3,4,3.122309,0.000000,46.767506,49.049522,49.995625
2,12.800000,2,3,4.001030,3.122309,52.725433,51.588188,51.770073
1,12.800000,2,1,4.001030,9.763902,57.151276,55.364723,54.956436
0,12.800000,0,1,0.000023,9.763902,59.808315,58.522743,60.054745
3,12.800000,3,4,3.122309,0.000000,52.188778,49.402000,49.995628
2,13.000000,2,3,4.001030,3.122310,50.128559,52.324921,51.770073
1,13.000000,2,1,4.001030,9.763903,54.879528,55.745739,54.956436
0,13.000000,0,1,0.000023,9.763903,57.024689,58.759674,60.054745
3,13.000000,3,4,3.122310,0.000000,48.055538,49.190968,49.995628
2,13.200000,2,3,4.001031,3.122310,49.769398,51.994770,51.770073
1,13.200000,2,1,4.001031,9.763903,55.927254,55.547905,54.956436
0,13.200000,0,1,0.000023,9.763903,62.273674,58.918644,60.054745
3,13.200000,3,4,3.122310,0.000000,44.647324,49.533009,49.995628
2,13.400000,2,3,4.001031,3.274109,46.444057,52.093231,51.412540
1,13.400000,2,1,4.001031,9.763904,49.953293,54.719059,54.956436
0,13.400000,0,1,0.000024,9.763904,61.014961,58.783779,60.054745
3,13.400000,3,4,3.274109,0.000000,46.677345,49.804691,50.402054
2,13.600000,2,3,4.001032,3.410736,48.296745,51.794121,51.080353
1,13.600000,2,1,4.001032,9.924702,52.136005,55.561344,55.230755
0,13.600000,0,1,0.000024,9.924702,64.705864,58.842072,59.879631
3,13.600000,3,4,3.410736,0.000000,51.295238,50.241493,50.755287
2,13.800000,2,3,4.172549,3.548441,51.705975,52.077881,51.163513
1,13.800000,2,1,4.172549,9.814185,52.784824,55.952240,54.744934
0,13.800000,0,1,0.000024,9.814185,56.670307,58.711655,60.000290
3,13.800000,3,4,3.548441,0.000000,49.420033,51.222309,51.100052
2,14.000000,2,3,4.277486,3.548441,56.283035,52.395252,51.417622
1,14.000000,2,1,4.277486,9.982499,50.857391,56.407608,54.856014
0,14.000000,0,1,0.000025,9.982499,59.463799,58.228226,59.815994
3,14.000000,3,4,3.548441,0.000000,58.069630,50.094917,51.100052
2,14.200000,2,3,4.277486,3.548442,51.234608,52.803013,51.417622
1,14.200000,2,1,4.277486,9.982500,54.225483,56.275429,54.856014
0,14.200000,0,1,0.000025,9.982500,60.401081,58.661495,59.815994
3,14.200000,3,4,3.548442,0.000000,49.366936,52.022778,51.100052
2,14.400000,2,3,4.421162,3.548442,53.280991,52.900970,51.756165
1,14.400000,2,1,4.421162,9.982500,54.214958,55.799820,54.602547
0,14.400000,0,1,0.000026,9.982500,53.054947,58.497845,59.815994
3,14.400000,3,4,3.548442,0.000000,52.054325,50.546757,51.100056
2,14.600000,2,3,4.602603,3.548442,50.232479,53.263977,52.169140
1,14.600000,2,1,4.602603,9.982501,55.387577,55.642105,54.273758
0,14.600000,0,1,0.000026,9.982501,63.414898,58.793491,59.815994
3,14.600000,3,4,3.548442,0.000000,53.622696,51.863453,51.100056
2,14.800000,2,3,4.458765,3.548443,52.287560,53.707104,51.843048
1,14.800000,2,1,4.458765,10.196115,52.567909,55.936077,54.912254
0,14.800000,0,1,0.000026,10.196115,61.891670,59.001270,59.577499
3,14.800000,3,4,3.548443,0.000000,54.256321,51.136494,51.100056
2,15.000000,2,3,4.458765,3.548443,55.348671,53.398102,51.843048
1,15.000000,2,1,4.458765,10.356022,48.051659,56.434509,55.186165
0,15.000000,0,1,0.000027,10.356022,57.321938,58.593128,59.395477
3,15.000000,3,4,3.548443,0.000000,48.758018,51.735413,51.100060
2,15.200000,2,3,4.598220,3.548443,51.876713,53.646145,52.159348
1,15.200000,2,1,4.598220,10.490832,52.710728,56.496075,55.178307
0,15.200000,0,1,0.000027,10.490832,59.486362,58.520073,59.239616
3,15.200000,3,4,3.548443,0.000000,48.510624,52.044525,51.100060
2,15.400000,2,3,4.784766,3.548444,45.454193,54.433090,52.568535
1,15.400000,2,1,4.784766,10.490832,59.906048,56.114807,54.857849
0,15.400000,0,1,0.000027,10.490832,58.037327,58.357349,59.239616
3,15.400000,3,4,3.548444,0.000000,55.757156,52.041836,51.100060
2,15.600000,2,3,4.784766,3.548444,52.811481,54.098034,52.568535
1,15.600000,2,1,4.784766,10.376631,55.537342,55.216324,54.656898
0,15.600000,0,1,0.000028,10.376631,57.263947,58.057514,59.371796
3,15.600000,3,4,3.548444,0.000000,49.382240,51.465900,51.100060
2,15.800000,2,3,4.784766,3.548445,53.573261,53.873821,52.568535
1,15.800000,2,1,4.784766,10.531795,55.404598,54.703285,54.929031
0,15.800000,0,1,0.000028,10.531795,60.554836,58.877357,59.191814
3,15.800000,3,4,3.548445,0.000000,49.060524,52.542950,51.100060
2,16.000000,2,3,4.979652,3.548445,54.940174,54.236042,52.980164
1,16.000000,2,1,4.979652,10.531795,54.486660,55.208542,54.586121
0,16.000000,0,1,0.000028,10.531795,60.241001,58.389156,59.191814
3,16.000000,3,4,3.548445,0.000000,45.742313,50.862827,51.100060
2,16.200000,2,3,4.979652,3.548445,51.237446,54.496017,52.980164
1,16.200000,2,1,4.979652,10.662261,57.744751,54.086987,54.816875
0,16.200000,0,1,0.000029,10.662261,54.076458,58.946129,59.038132
3,16.200000,3,4,3.548445,0.000000,53.163158,51.638664,51.100060
2,16.400000,2,3,5.095287,3.548445,58.012772,54.409840,53.217224
1,16.400000,2,1,5.095287,10.662262,58.164181,54.724251,54.612602
0,16.400000,0,1,0.000029,10.662262,55.910660,58.875511,59.038132
3,16.400000,3,4,3.548445,0.000000,50.952023,52.570530,51.100063
2,16.600000,2,3,5.095288,3.696174,56.138462,54.683315,52.913441
1,16.600000,2,1,5.095288,10.662262,49.047638,54.228352,54.612602
0,16.600000,0,1,0.000029,10.662262,60.638081,59.202751,59.038132
3,16.600000,3,4,3.696174,0.000000,54.973797,51.633228,51.458141
2,16.800000,2,3,5.095288,3.574538,54.308247,54.525719,53.164181
1,16.800000,2,1,5.095288,10.783807,52.206028,53.606503,54.827213
0,16.800000,0,1,0.000030,10.783807,61.760895,58.255436,58.892975
3,16.800000,3,4,3.574538,0.000000,52.296593,52.251118,51.164177
2,17.000000,2,3,5.095289,3.574539,52.296234,54.621258,53.164181
1,17.000000,2,1,5.095289,10.783807,63.721367,53.068386,54.827213
0,17.000000,0,1,0.000030,10.783807,63.432964,57.902794,58.892975
3,17.000000,3,4,3.574539,0.000000,49.713348,52.673023,51.164177
2,17.200000,2,3,5.095289,3.574539,55.125565,54.120312,53.164181
1,17.200000,2,1,5.095289,10.783808,59.306774,53.399990,54.827213
0,17.200000,0,1,0.000030,10.783808,62.597031,58.119373,58.892975
3,17.200000,3,4,3.574539,0.000000,55.685741,51.377014,51.164177
2,17.400000,2,3,5.095289,3.574539,55.293724,54.454479,53.164181
1,17.400000,2,1,5.095289,10.989601,55.845764,53.136856,55.181183
0,17.400000,0,1,0.000031,10.989601,57.171700,58.208057,58.642693
3,17.400000,3,4,3.574539,0.000000,52.042389,50.493607,51.164177
2,17.600000,2,3,5.095290,3.684749,46.756168,54.288200,52.937241
1,17.600000,2,1,5.095290,10.989601,57.548668,53.280865,55.181183
0,17.600000,0,1,0.000031,10.989601,59.116371,58.205048,58.642693
3,17.600000,3,4,3.684749,0.000000,47.284023,50.406265,51.430866
2,17.800000,2,3,5.095290,3.800674,49.743984,54.042526,52.693306
1,17.800000,2,1,5.095290,11.106049,52.306568,53.782543,55.376480
0,17.800000,0,1,0.000032,11.106049,62.436954,59.031181,58.498474
3,17.800000,3,4,3.800674,0.000000,48.817554,49.856869,51.704491
2,18.000000,2,3,5.095290,3.800674,53.057884,52.878716,52.693306
1,18.000000,2,1,5.095290,11.270825,57.313396,54.037380,55.646965
0,18.000000,0,1,0.000032,11.270825,59.945194,58.474857,58.291069
3,18.000000,3,4,3.800674,0.000000,51.232384,50.622684,51.704494
2,18.200000,2,3,5.095291,3.670617,58.130264,53.651123,52.966614
1,18.200000,2,1,5.095291,11.270825,60.292389,55.082165,55.646965
0,18.200000,0,1,0.000032,11.270825,54.356102,58.406704,58.291069
3,18.200000,3,4,3.670617,0.000000,50.988110,51.179905,51.397034
2,18.400000,2,3,5.225805,3.670618,48.467735,54.062069,53.234131
1,18.400000,2,1,5.225805,11.270826,53.794117,54.754307,55.433281
0,18.400000,0,1,0.000033,11.270826,64.424637,58.119129,58.291069
3,18.400000,3,4,3.670618,0.000000,54.701508,50.972073,51.397034
2,18.600000,2,3,5.329817,3.670618,57.666359,54.237076,53.442703
1,18.600000,2,1,5.329817,11.270826,57.960899,54.546936,55.259926
0,18.600000,0,1,0.000033,11.270826,57.322647,57.726658,58.291069
3,18.600000,3,4,3.670618,0.000000,51.725189,51.038746,51.397034
2,18.800000,2,3,5.329817,3.670619,55.020351,54.118710,53.442703
1,18.800000,2,1,5.329817,11.270826,56.731239,54.872242,55.259926
0,18.800000,0,1,0.000033,11.270826,56.955601,57.827541,58.291069
3,18.800000,3,4,3.670619,0.000000,54.708794,51.010143,51.397034
2,19.000000,2,3,5.472878,3.670619,53.650463,54.441200,53.723190
1,19.000000,2,1,5.472878,11.484047,58.712196,55.767998,55.377163
0,19.000000,0,1,0.000034,11.484047,59.543896,57.701664,58.016666
3,19.000000,3,4,3.670619,0.000000,51.528675,52.342335,51.397038
2,19.200000,2,3,5.623871,3.670619,52.404991,54.441235,54.011578
1,19.200000,2,1,5.623871,11.484047,56.917263,55.055984,55.123260
0,19.200000,0,1,0.000034,11.484047,58.004177,57.217148,58.016666
3,19.200000,3,4,3.670619,0.000000,55.696037,51.728302,51.397038
2,19.400000,2,3,5.754076,3.511234,47.401253,55.014977,54.544117
1,19.400000,2,1,5.754076,11.685064,57.491867,55.669460,55.243076
0,19.400000,0,1,0.000034,11.685064,61.329124,57.409073,57.751461
3,19.400000,3,4,3.511234,0.000000,47.627884,52.420086,51.007973
2,19.600000,2,3,5.754076,3.632334,57.880020,55.152561,54.324593
1,19.600000,2,1,5.754076,11.685065,54.492706,55.586246,55.243076
0,19.600000,0,1,0.000035,11.685065,47.291485,57.381702,57.751461
3,19.600000,3,4,3.632334,0.000000,46.990265,50.261868,51.304848
2,19.800000,2,3,5.754076,3.632334,55.524471,54.474888,54.324593
1,19.800000,2,1,5.754076,11.685065,56.270039,55.396049,55.243076
0,19.800000,0,1,0.000035,11.685065,55.165943,57.297272,57.751461
3,19.800000,3,4,3.632334,0.000000,55.793015,50.470104,51.304848
2,20.000000,2,3,5.754077,3.853492,51.283642,54.804039,53.911858
1,20.000000,2,1,5.754077,11.879223,58.566891,55.096783,55.564964
0,20.000000,0,1,0.000035,11.879223,54.863503,56.482189,57.489002
3,20.000000,3,4,3.853492,0.000000,50.466339,51.889347,51.826912
2,20.200000,2,3,5.754077,3.853492,55.375797,54.684299,53.911858
1,20.200000,2,1,5.754077,11.879224,51.816940,55.614193,55.564964
0,20.200000,0,1,0.000036,11.879224,54.506557,56.286591,57.489002
3,20.200000,3,4,3.853492,0.000000,52.896233,52.581631,51.826912
2,20.400000,2,3,5.754078,3.853492,58.378662,54.941269,53.911858
1,20.400000,2,1,5.754078,11.980948,54.709362,56.220676,55.729874
0,20.400000,0,1,0.000036,11.980948,59.122803,56.819351,57.348919
3,20.400000,3,4,3.853492,0.000000,55.787304,52.003605,51.826912
2,20.600000,2,3,5.898952,3.715075,57.510033,53.946243,54.437778
1,20.600000,2,1,5.898952,11.980948,54.598888,55.355110,55.494247
0,20.600000,0,1,0.000037,11.980948,56.266052,56.333454,57.348919
3,20.600000,3,4,3.715075,0.000000,50.756062,52.402580,51.503113
2,20.800000,2,3,6.073757,3.891682,46.811207,53.875031,54.434517
1,20.800000,2,1,6.073757,11.980949,45.199200,54.350525,55.202961
0,20.800000,0,1,0.000037,11.980949,58.596241,56.367447,57.348919
3,20.800000,3,4,3.891682,0.000000,50.528812,51.897755,51.914574
2,21.000000,2,3,6.073757,3.891682,53.261765,54.009361,54.434517
1,21.000000,2,1,6.073757,12.129625,54.661087,54.959442,55.451202
0,21.000000,0,1,0.000037,12.129625,57.983261,56.863663,57.140869
3,21.000000,3,4,3.891682,0.000000,49.270222,51.542629,51.914574
2,21.200000,2,3,6.073758,4.076859,54.038918,53.492653,54.093536
1,21.200000,2,1,6.073758,12.129625,54.395222,55.249004,55.451202
0,21.200000,0,1,0.000038,12.129625,57.139172,56.769482,57.140869
3,21.200000,3,4,4.076859,0.000000,55.140682,52.810913,52.329884
2,21.400000,2,3,6.073758,4.076859,49.970711,52.942238,54.093536
1,21.400000,2,1,6.073758,12.269241,55.677822,55.904839,55.679256
0,21.400000,0,1,0.000038,12.269241,60.013042,56.093994,56.941803
3,21.400000,3,4,4.076859,0.000000,53.227791,50.732220,52.329887
2,21.600000,2,3,6.180783,4.076859,58.366211,53.220306,54.291912
1,21.600000,2,1,6.180783,12.269242,55.091759,55.424786,55.504868
0,21.600000,0,1,0.000038,12.269242,56.212860,55.495762,56.941803
3,21.600000,3,4,4.076859,0.000000,52.776859,52.587250,52.329887
2,21.800000,2,3,6.441317,4.076859,56.670929,53.494629,54.760201
1,21.800000,2,1,6.441317,12.269242,58.620598,55.418652,55.068253
0,21.800000,0,1,0.000039,12.269242,59.804832,55.510025,56.941803
3,21.800000,3,4,4.076859,0.000000,54.392334,51.428707,52.329887
2,22.000000,2,3,6.312891,4.076860,54.008347,54.953236,54.531883
1,22.000000,2,1,6.312891,12.269242,58.791294,54.557594,55.285671
0,22.000000,0,1,0.000039,12.269242,56.379131,55.877289,56.941803
3,22.000000,3,4,4.076860,0.000000,53.111473,51.222385,52.329887
2,22.200000,2,3,6.312891,4.076860,53.155628,56.042191,54.531883
1,22.200000,2,1,6.312891,12.379776,60.312122,54.782276,55.469372
0,22.200000,0,1,0.000039,12.379776,55.304996,56.658089,56.781574
3,22.200000,3,4,4.076860,0.000000,50.991081,52.060493,52.329887
2,22.400000,2,3,6.312891,4.189553,52.696266,55.369476,54.327515
1,22.400000,2,1,6.312891,12.379776,52.667271,54.929787,55.469372
0,22.400000,0,1,0.000040,12.379776,52.790112,55.871506,56.781574
3,22.400000,3,4,4.189553,0.000000,53.790585,51.375294,52.575069
2,22.600000,2,3,6.422600,4.189553,53.602161,55.654804,54.526524
1,22.600000,2,1,6.422600,12.379776,57.783234,55.093761,55.287052
0,22.600000,0,1,0.000040,12.379776,57.684105,56.454895,56.781574
3,22.600000,3,4,4.189553,0.000000,51.056950,52.449188,52.575073
2,22.800000,2,3,6.422600,4.310354,53.241341,55.171326,54.307186
1,22.800000,2,1,6.422600,12.244621,61.621712,53.846016,55.058151
0,22.800000,0,1,0.000040,12.244621,56.177090,56.654865,56.977180
3,22.800000,3,4,4.310354,0.000000,50.245674,53.304050,52.831886
2,23.000000,2,3,6.133286,4.310355,55.499222,55.257767,53.763130
1,23.000000,2,1,6.133286,12.244621,50.204067,53.727001,55.542381
0,23.000000,0,1,0.000041,12.244621,52.677521,57.090847,56.977180
3,23.000000,3,4,4.310355,0.000000,50.439625,50.757580,52.831890
2,23.200000,2,3,6.133286,4.310355,54.952599,55.676163,53.763130
1,23.200000,2,1,6.133286,12.128447,55.573067,54.681572,55.350525
0,23.200000,0,1,0.000041,12.128447,53.875885,56.676750,57.142540
3,23.200000,3,4,4.310355,0.000000,50.812653,52.313385,52.831890
2,23.400000,2,3,6.133286,4.151206,56.095562,55.027534,54.065777
1,23.400000,2,1,6.133286,12.128448,55.541237,54.360474,55.350525
0,23.400000,0,1,0.000041,12.128448,55.639706,56.785385,57.142540
3,23.400000,3,4,4.151206,0.000000,53.498798,53.172855,52.492260
2,23.600000,2,3,6.133286,4.246950,54.582184,55.324886,53.884720
1,23.600000,2,1,6.133286,12.262674,54.784920,55.837624,55.571888
0,23.600000,0,1,0.000042,12.262674,60.200294,56.784992,56.951256
3,23.600000,3,4,4.246950,0.000000,52.165607,53.248783,52.697853
2,23.800000,2,3,5.968095,4.246950,52.532425,54.058693,53.565048
1,23.800000,2,1,5.968095,12.262674,55.875050,55.643623,55.838264
0,23.800000,0,1,0.000042,12.262674,51.767143,56.766792,56.951256
3,23.800000,3,4,4.246950,0.000000,53.759998,52.583740,52.697853
2,24.000000,2,3,5.968096,4.246951,52.509369,54.121990,53.565048
1,24.000000,2,1,5.968096,12.409574,61.317947,56.206711,56.069778
0,24.000000,0,1,0.000043,12.409574,57.805664,56.596294,56.737976
3,24.000000,3,4,4.246951,0.000000,52.050510,52.640743,52.697853
2,24.200000,2,3,5.968096,3.980021,56.764465,54.162697,54.077015
1,24.200000,2,1,5.968096,12.409574,55.302128,55.399033,56.069778
0,24.200000,0,1,0.000043,12.409574,56.061085,56.745594,56.737976
3,24.200000,3,4,3.980021,0.000000,58.020817,52.177280,52.114685
2,24.400000,2,3,6.251072,4.115979,50.148540,54.599388,54.349014
1,24.400000,2,1,6.251072,12.409575,56.907894,55.768459,55.619312
0,24.400000,0,1,0.000043,12.409575,58.105457,56.673557,56.737976
3,24.400000,3,4,4.115979,0.000000,53.682732,50.243664,52.415627
2,24.600000,2,3,6.251073,4.115979,53.711281,54.174698,54.349014
1,24.600000,2,1,6.251073,12.409575,55.918373,54.702137,55.619312
0,24.600000,0,1,0.000044,12.409575,50.987583,56.622543,56.737976
3,24.600000,3,4,4.115979,0.000000,48.676338,52.801476,52.415627
2,24.800000,2,3,6.251073,4.255039,61.754917,53.996944,54.091919
1,24.800000,2,1,6.251073,12.212318,55.478657,54.137646,55.293869
0,24.800000,0,1,0.000044,12.212318,53.290955,56.588593,57.023415
3,24.800000,3,4,4.255039,0.000000,53.309143,53.571529,52.715042
2,25.000000,2,3,6.354171,4.255039,56.222847,53.693073,54.283108
1,25.000000,2,1,6.354171,12.342727,52.612423,53.933369,55.339512
0,25.000000,0,1,0.000044,12.342727,61.692265,56.477558,56.835552
3,25.000000,3,4,4.255039,0.000000,58.709148,51.492462,52.715042
2,25.200000,2,3,6.199471,4.255039,58.242432,53.980919,53.994942
1,25.200000,2,1,6.199471,12.342727,57.561596,54.532372,55.594505
0,25.200000,0,1,0.000045,12.342727,50.109791,56.904171,56.835552
3,25.200000,3,4,4.255039,0.000000,54.445606,52.122894,52.715046
2,25.400000,2,3,6.199472,4.255040,60.056717,54.145500,53.994942
1,25.400000,2,1,6.199472,12.342727,64.303360,55.182480,55.594505
0,25.400000,0,1,0.000045,12.342727,54.969433,56.140041,56.835552
3,25.400000,3,4,4.255040,0.000000,51.746284,53.818298,52.715046
2,25.600000,2,3,6.199472,4.148912,56.607250,53.913017,54.193451
1,25.600000,2,1,6.199472,12.342728,63.104858,54.856113,55.594505
0,25.600000,0,1,0.000045,12.342728,56.020725,55.210800,56.835552
3,25.600000,3,4,4.148912,0.000000,54.188545,52.955513,52.487289
2,25.800000,2,3,6.199472,4.148912,58.209274,54.580475,54.193451
1,25.800000,2,1,6.199472,1