0,0.200000,0,1,0.000000,0.000000,56.465336,NaN,57.755867
3,0.200000,3,4,0.000000,0.000000,50.688984,51.947838,51.860851
2,0.200000,3,2,0.000000,0.000000,61.326031,NaN,60.659855
1,0.200000,2,1,0.000000,0.000000,41.524521,NaN,39.514725
0,0.400000,0,1,0.000001,0.300001,61.823631,NaN,57.347786
3,0.400000,3,4,0.191165,0.000000,53.182884,52.262653,52.291412
2,0.400000,3,2,0.191165,-0.299999,58.484985,NaN,60.146057
1,0.400000,2,1,-0.299999,0.300001,46.917114,NaN,43.135918
0,0.600000,0,1,0.000001,0.544524,56.231583,60.409859,57.003437
3,0.600000,3,4,0.440639,0.000000,48.864666,52.385403,52.828789
2,0.600000,3,2,0.440639,-0.599999,60.254608,58.684139,59.540890
1,0.600000,2,1,-0.599999,0.544524,43.228798,49.918510,45.622604
0,0.800000,0,1,0.000001,0.689805,61.597603,56.297348,56.793549
3,0.800000,3,4,0.596283,0.000000,55.452412,52.486488,53.151062
2,0.800000,3,2,0.596283,-0.723755,59.619118,58.269745,59.219727
1,0.800000,2,1,-0.723755,0.689805,40.763779,49.979351,46.668633
0,1.000000,0,1,0.000002,0.989805,58.414986,56.053978,56.346859
3,1.000000,3,4,0.596284,0.000000,53.465443,53.105026,53.151066
2,1.000000,3,2,0.596284,-0.919539,58.431255,59.713642,58.988884
1,1.000000,2,1,-0.919539,0.989805,48.607304,49.471840,48.366386
0,1.200000,0,1,0.000002,0.989806,55.154984,56.303635,56.346859
3,1.200000,3,4,0.748246,0.000000,55.527603,53.262161,53.456749
2,1.200000,3,2,0.748246,-1.075485,63.552315,58.660301,58.615601
1,1.200000,2,1,-1.075485,0.989806,46.944641,50.438217,48.849823
0,1.400000,0,1,0.000002,1.289806,52.643066,56.295967,55.880997
3,1.400000,3,4,0.748246,0.000000,55.197723,52.793541,53.456749
2,1.400000,3,2,0.748246,-1.195685,57.823219,59.094124,58.466328
1,1.400000,2,1,-1.195685,1.289806,48.190945,50.120045,50.054504
0,1.600000,0,1,0.000003,1.452158,56.826023,55.362247,55.620300
3,1.600000,3,4,0.748247,0.000000,58.648949,53.903248,53.456749
2,1.600000,3,2,0.748247,-1.349955,58.496059,60.036278,58.271683
1,1.600000,2,1,-1.349955,1.452158,52.460560,50.803650,50.881382
0,1.800000,0,1,0.000003,1.582347,56.009083,54.879025,55.406624
3,1.800000,3,4,0.748247,0.000000,60.536064,52.955894,53.456749
2,1.800000,3,2,0.748247,-1.349955,54.608047,59.808384,58.271683
1,1.800000,2,1,-1.349955,1.582347,48.172550,51.630768,51.203918
0,2.000000,0,1,0.000004,1.721102,58.832218,54.334240,55.174164
3,2.000000,3,4,0.907258,0.000000,55.110115,51.460018,53.767654
2,2.000000,3,2,0.907258,-1.549330,54.452034,59.207500,57.805565
1,2.000000,2,1,-1.549330,1.721102,47.966087,51.578571,51.999424
0,2.200000,0,1,0.000004,1.850853,58.699429,54.404293,54.952190
3,2.200000,3,4,0.907258,0.000000,58.629730,54.955177,53.767654
2,2.200000,3,2,0.907258,-1.719500,60.720016,58.239845,57.577034
1,2.200000,2,1,-1.719500,1.850853,47.963436,51.807995,52.659340
0,2.400000,0,1,0.000004,1.966463,56.141579,54.314224,54.750511
3,2.400000,3,4,1.013674,0.000000,53.726482,53.781734,53.970863
2,2.400000,3,2,1.013674,-1.719500,58.538239,58.254303,57.431633
1,2.400000,2,1,-1.719500,1.966463,48.397720,52.952042,52.903378
0,2.600000,0,1,0.000005,1.966463,56.492916,53.461899,54.750511
3,2.600000,3,4,1.259706,0.000000,55.606434,54.936657,54.426605
2,2.600000,3,2,1.259706,-1.719499,57.914539,56.814377,57.087833
1,2.600000,2,1,-1.719499,1.966463,53.236748,53.058338,52.903378
0,2.800000,0,1,0.000005,2.089585,55.937862,54.504345,54.531532
3,2.800000,3,4,1.259706,0.000000,52.237907,55.658535,54.426605
2,2.800000,3,2,1.259706,-1.828438,59.345356,56.012379,56.932056
1,2.800000,2,1,-1.828438,2.089585,54.071217,53.176350,53.377266
0,3.000000,0,1,0.000005,2.089585,53.308208,54.202759,54.531532
3,3.000000,3,4,1.259707,0.000000,58.391579,54.575951,54.426605
2,3.000000,3,2,1.259707,-1.996352,59.148460,57.243946,56.687481
1,3.000000,2,1,-1.996352,2.089585,49.096497,54.064297,53.707710
0,3.200000,0,1,0.000006,2.089586,55.582569,54.580563,54.531532
3,3.200000,3,4,1.416187,0.000000,57.277458,54.871014,54.706818
2,3.200000,3,2,1.416187,-2.237842,54.352985,56.832718,56.084820
1,3.200000,2,1,-2.237842,2.089586,57.278847,54.274715,54.165977
0,3.400000,0,1,0.000006,2.089586,56.972210,54.709335,54.531532
3,3.400000,3,4,1.416188,0.000000,58.684189,52.707237,54.706821
2,3.400000,3,2,1.416188,-2.237841,55.408710,56.463314,56.084820
1,3.400000,2,1,-2.237841,2.089586,53.688427,55.131130,54.165977
0,3.600000,0,1,0.000006,2.089586,52.225830,55.074322,54.531532
3,3.600000,3,4,1.416188,0.000000,50.458439,54.005512,54.706821
2,3.600000,3,2,1.416188,-2.531314,55.853924,56.153095,55.617943
1,3.600000,2,1,-2.531314,2.089586,51.745586,54.596703,54.698044
0,3.800000,0,1,0.000007,2.089587,54.360237,54.982464,54.531532
3,3.800000,3,4,1.416188,0.000000,53.555397,54.165836,54.706821
2,3.800000,3,2,1.416188,-2.531314,55.614185,56.859570,55.617943
1,3.800000,2,1,-2.531314,2.089587,51.223526,54.961956,54.698044
0,4.000000,0,1,0.000007,2.089587,53.936508,54.547192,54.531532
3,4.000000,3,4,1.416189,0.000000,57.772301,53.689262,54.706825
2,4.000000,3,2,1.416189,-2.531313,51.770775,56.538513,55.617943
1,4.000000,2,1,-2.531313,2.089587,58.238441,54.665283,54.698044
0,4.200000,0,1,0.000007,2.089587,56.822128,54.778175,54.531532
3,4.200000,3,4,1.416189,0.000000,53.846436,55.428345,54.706825
2,4.200000,3,2,1.416189,-2.531313,56.887951,57.129169,55.617943
1,4.200000,2,1,-2.531313,2.089587,55.929287,54.076714,54.698044
0,4.400000,0,1,0.000008,2.089588,54.007835,55.026478,54.531532
3,4.400000,3,4,1.416189,0.000000,56.097824,54.853275,54.706825
2,4.400000,3,2,1.416189,-2.531313,54.231861,56.926750,55.617943
1,4.400000,2,1,-2.531313,2.089588,54.571468,54.314857,54.698044
0,4.600000,0,1,0.000008,2.089588,56.430927,54.561584,54.531532
3,4.600000,3,4,1.416190,0.000000,52.148525,54.740929,54.706825
2,4.600000,3,2,1.416190,-2.531312,50.133877,56.750202,55.617943
1,4.600000,2,1,-2.531312,2.089588,52.140442,54.123596,54.698044
0,4.800000,0,1,0.000008,2.089588,55.480152,55.180676,54.531532
3,4.800000,3,4,1.416190,0.000000,55.333035,56.030186,54.706825
2,4.800000,3,2,1.416190,-2.531312,57.188595,55.765453,55.617943
1,4.800000,2,1,-2.531312,2.089588,63.169369,54.506989,54.698044
0,5.000000,0,1,0.000009,2.089589,50.311836,55.160065,54.531532
3,5.000000,3,4,1.556945,0.000000,54.002316,55.860550,54.952843
2,5.000000,3,2,1.556945,-2.531312,59.344421,55.343262,55.386688
1,5.000000,2,1,-2.531312,2.089589,55.731567,54.107605,54.698044
0,5.200000,0,1,0.000009,2.089589,50.628574,55.389896,54.531532
3,5.200000,3,4,1.556945,0.000000,51.638210,54.332165,54.952847
2,5.200000,3,2,1.556945,-2.531311,53.032047,55.162327,55.386688
1,5.200000,2,1,-2.531311,2.089589,52.365929,53.603481,54.698044
0,5.400000,0,1,0.000010,2.089589,56.689999,54.933231,54.531532
3,5.400000,3,4,1.556945,0.000000,53.778370,55.646633,54.952847
2,5.400000,3,2,1.556945,-2.531311,56.727253,54.132328,55.386688
1,5.400000,2,1,-2.531311,2.089589,51.261127,53.861591,54.698044
0,5.600000,0,1,0.000010,2.089590,54.037575,54.882046,54.531532
3,5.600000,3,4,1.556946,0.000000,54.612179,54.233707,54.952847
2,5.600000,3,2,1.556946,-2.531311,53.103138,54.712440,55.386688
1,5.600000,2,1,-2.531311,2.089590,51.150612,54.126431,54.698044
0,5.800000,0,1,0.000010,2.089590,56.228920,55.283882,54.531532
3,5.800000,3,4,1.556946,0.000000,56.011650,54.881489,54.952847
2,5.800000,3,2,1.556946,-2.657739,53.738579,54.237267,55.174690
1,5.800000,2,1,-2.657739,2.089590,60.033752,54.139881,54.919464
0,6.000000,0,1,0.000011,2.089591,57.438919,55.085644,54.531532
3,6.000000,3,4,1.683329,0.000000,56.144447,55.750153,55.169098
2,6.000000,3,2,1.683329,-2.841467,55.438648,54.425179,54.636452
1,6.000000,2,1,-2.841467,2.089591,51.585583,53.994579,55.233391
0,6.200000,0,1,0.000011,1.941441,54.938766,54.928825,54.794495
3,6.200000,3,4,1.683330,0.000000,55.903492,55.345863,55.169098
2,6.200000,3,2,1.683330,-2.841466,54.601696,54.192390,54.636452
1,6.200000,2,1,-2.841466,1.941441,56.065128,53.976120,54.980965
0,6.400000,0,1,0.000011,1.941441,56.666676,55.139202,54.794495
3,6.400000,3,4,1.839738,0.000000,58.431793,55.509380,55.430893
2,6.400000,3,2,1.839738,-2.841466,52.492416,54.954708,54.354515
1,6.400000,2,1,-2.841466,1.941441,58.186352,54.317699,54.980965
0,6.600000,0,1,0.000012,2.120376,58.512806,54.631943,54.476082
3,6.600000,3,4,1.839738,0.000000,55.113930,54.345303,55.430893
2,6.600000,3,2,1.839738,-2.841465,53.514122,54.469978,54.354515
1,6.600000,2,1,-2.841465,2.120376,56.792061,54.567760,55.285114
0,6.800000,0,1,0.000012,2.120376,57.005962,53.868053,54.476082
3,6.800000,3,4,1.839739,0.000000,54.555176,55.177593,55.430893
2,6.800000,3,2,1.839739,-2.691489,58.237923,54.785286,54.625000
1,6.800000,2,1,-2.691489,2.120376,55.787674,54.839233,55.030769
0,7.000000,0,1,0.000012,2.120377,55.827801,53.700397,54.476082
3,7.000000,3,4,1.839739,0.000000,52.380291,55.365654,55.430893
2,7.000000,3,2,1.839739,-2.691489,57.178513,55.468563,54.625000
1,7.000000,2,1,-2.691489,2.120377,51.660034,54.771839,55.030769
0,7.200000,0,1,0.000013,2.020113,54.022835,54.115528,54.655647
3,7.200000,3,4,1.839739,0.000000,48.729279,56.296387,55.430893
2,7.200000,3,2,1.839739,-2.691489,57.055141,55.140850,54.625000
1,7.200000,2,1,-2.691489,2.020113,56.262566,54.683117,54.857353
0,7.400000,0,1,0.000013,2.020114,55.587177,54.512615,54.655647
3,7.400000,3,4,1.839740,0.000000,48.220482,55.017284,55.430893
2,7.400000,3,2,1.839740,-2.691489,57.603001,55.374760,54.625000
1,7.400000,2,1,-2.691489,2.020114,55.980576,54.546524,54.857353
0,7.600000,0,1,0.000013,2.020114,53.870548,54.175999,54.655647
3,7.600000,3,4,1.839740,0.000000,57.348824,54.527294,55.430897
2,7.600000,3,2,1.839740,-2.691488,57.913029,54.708031,54.625000
1,7.600000,2,1,-2.691488,2.020114,53.334034,54.483135,54.857353
0,7.800000,0,1,0.000014,2.020114,48.758621,53.754089,54.655647
3,7.800000,3,4,1.839741,0.000000,52.303490,55.807224,55.430897
2,7.800000,3,2,1.839741,-2.691488,47.426067,55.014748,54.625000
1,7.800000,2,1,-2.691488,2.020114,54.068085,54.400761,54.857353
0,8.000000,0,1,0.000014,1.873523,63.339809,53.617294,54.912956
3,8.000000,3,4,1.839741,0.000000,53.631721,56.261463,55.430897
2,8.000000,3,2,1.839741,-2.691487,59.174309,54.862560,54.625000
1,8.000000,2,1,-2.691487,1.873523,49.614693,54.351337,54.598709
0,8.200000,0,1,0.000015,1.873523,55.682140,53.447945,54.912956
3,8.200000,3,4,1.635742,0.000000,55.249001,54.209583,55.088177
2,8.200000,3,2,1.635742,-2.691487,58.075634,54.727821,54.982422
1,8.200000,2,1,-2.691487,1.873523,51.123402,53.656284,54.598709
0,8.400000,0,1,0.000015,1.873524,54.651691,54.168983,54.912956
3,8.400000,3,4,1.635743,0.000000,54.316185,55.481060,55.088181
2,8.400000,3,2,1.635743,-2.691487,57.371033,55.702782,54.982422
1,8.400000,2,1,-2.691487,1.873524,56.594234,54.843391,54.598709
0,8.600000,0,1,0.000015,1.873524,55.024693,53.534607,54.912956
3,8.600000,3,4,1.635743,0.000000,54.492065,52.934799,55.088181
2,8.600000,3,2,1.635743,-2.691486,56.721905,54.904636,54.982422
1,8.600000,2,1,-2.691486,1.873524,58.714790,54.699577,54.598709
0,8.800000,0,1,0.000016,1.873524,56.594574,53.693909,54.912956
3,8.800000,3,4,1.635743,0.000000,51.591286,56.222385,55.088181
2,8.800000,3,2,1.635743,-2.691486,57.313473,54.894844,54.982422
1,8.800000,2,1,-2.691486,1.873524,48.634735,54.977959,54.598709
0,9.000000,0,1,0.000016,1.873525,52.146652,53.967384,54.912956
3,9.000000,3,4,1.635744,0.000000,54.452950,55.630646,55.088181
2,9.000000,3,2,1.635744,-2.691486,55.827736,54.659657,54.982422
1,9.000000,2,1,-2.691486,1.873525,50.187954,55.147537,54.598709
0,9.200000,0,1,0.000016,1.873525,56.930710,53.599236,54.912956
3,9.200000,3,4,1.764096,0.000000,55.024399,55.546906,55.305069
2,9.200000,3,2,1.764096,-2.691485,53.331539,54.113018,54.758919
1,9.200000,2,1,-2.691485,1.873525,47.542969,55.376091,54.598709
0,9.400000,0,1,0.000017,2.015475,52.161724,53.861515,54.663891
3,9.400000,3,4,1.869773,0.000000,58.313019,56.382374,55.480450
2,9.400000,3,2,1.869773,-2.691485,56.584843,54.051895,54.571377
1,9.400000,2,1,-2.691485,2.015475,53.130810,55.780277,54.849251
0,9.600000,0,1,0.000017,2.015475,56.015953,53.787285,54.663891
3,9.600000,3,4,1.869774,0.000000,54.492096,54.686340,55.480453
2,9.600000,3,2,1.869774,-2.691484,50.698910,53.856678,54.571377
1,9.600000,2,1,-2.691484,2.015475,54.786755,56.491955,54.849251
0,9.800000,0,1,0.000017,2.015475,58.397144,54.001648,54.663891
3,9.800000,3,4,1.869774,0.000000,51.102516,55.087631,55.480453
2,9.800000,3,2,1.869774,-2.691484,51.706398,54.609222,54.571377
1,9.800000,2,1,-2.691484,2.015475,53.420506,55.702114,54.849251
0,10.000000,0,1,0.000018,2.015476,56.865471,53.754642,54.663891
3,10.000000,3,4,1.869774,0.000000,55.556389,55.814285,55.480453
2,10.000000,3,2,1.869774,-2.691484,54.793537,53.889816,54.571377
1,10.000000,2,1,-2.691484,2.015476,56.573124,56.067776,54.849251
0,10.200000,0,1,0.000018,2.015476,54.664566,53.975269,54.663891
3,10.200000,3,4,1.869775,0.000000,57.535343,55.701546,55.480453
2,10.200000,3,2,1.869775,-2.691483,52.400925,54.248177,54.571377
1,10.200000,2,1,-2.691483,2.015476,55.614651,55.664860,54.849251
0,10.400000,0,1,0.000018,2.015476,52.655258,54.096359,54.663891
3,10.400000,3,4,1.869775,0.000000,58.852028,56.575771,55.480453
2,10.400000,3,2,1.869775,-2.854982,56.425316,54.123817,54.274689
1,10.400000,2,1,-2.854982,2.015476,58.033493,56.044048,55.130848
0,10.600000,0,1,0.000019,2.015477,50.070358,54.128918,54.663891
3,10.600000,3,4,1.755215,0.000000,60.127613,56.301331,55.290199
2,10.600000,3,2,1.755215,-2.854982,55.868652,53.952179,54.483421
1,10.600000,2,1,-2.854982,2.015477,54.090534,55.583099,55.130848
0,10.800000,0,1,0.000019,2.015477,51.256130,54.059280,54.663891
3,10.800000,3,4,1.755215,0.000000,57.179878,55.296917,55.290203
2,10.800000,3,2,1.755215,-2.709353,50.410675,55.167484,54.743095
1,10.800000,2,1,-2.709353,2.015477,51.510155,55.281021,54.880390
0,11.000000,0,1,0.000019,1.890034,59.020313,54.585243,54.884285
3,11.000000,3,4,1.755215,0.000000,54.716618,55.640766,55.290203
2,11.000000,3,2,1.755215,-2.709352,50.879997,56.387474,54.743095
1,11.000000,2,1,-2.709352,1.890034,53.182899,54.867737,54.659912
0,11.200000,0,1,0.000020,1.890034,55.183899,55.065762,54.884285
3,11.200000,3,4,1.755216,0.000000,60.599068,55.022015,55.290203
2,11.200000,3,2,1.755216,-2.609748,55.001678,55.618313,54.917191
1,11.200000,2,1,-2.609748,1.890034,56.406868,54.902954,54.481606
0,11.400000,0,1,0.000020,1.890034,56.120556,55.584030,54.884285
3,11.400000,3,4,1.755216,0.000000,53.898785,54.473423,55.290207
2,11.400000,3,2,1.755216,-2.609747,54.667236,55.749538,54.917191
1,11.400000,2,1,-2.609747,1.890034,56.130795,54.272434,54.481606
0,11.600000,0,1,0.000021,1.890035,48.578377,55.116039,54.884285
3,11.600000,3,4,1.755216,0.000000,54.945618,54.090370,55.290207
2,11.600000,3,2,1.755216,-2.722850,53.442238,55.112999,54.719284
1,11.600000,2,1,-2.722850,1.890035,55.637146,54.859249,54.683853
0,11.800000,0,1,0.000021,1.890035,46.741119,55.732052,54.884285
3,11.800000,3,4,1.755217,0.000000,57.658634,56.582565,55.290207
2,11.800000,3,2,1.755217,-2.871015,51.147110,54.802216,54.454445
1,11.800000,2,1,-2.871015,1.890035,55.697807,55.279945,54.943222
0,12.000000,0,1,0.000021,2.013688,55.645058,55.738556,54.667068
3,12.000000,3,4,1.755217,0.000000,54.688995,55.302631,55.290207
2,12.000000,3,2,1.755217,-2.987250,51.180275,54.570419,54.242058
1,12.000000,2,1,-2.987250,2.013688,58.848003,55.735527,55.350449
0,12.200000,0,1,0.000022,1.895945,51.096138,55.996098,54.874004
3,12.200000,3,4,1.755218,0.000000,52.650627,56.890549,55.290207
2,12.200000,3,2,1.755218,-2.987250,49.495373,53.990620,54.242058
1,12.200000,2,1,-2.987250,1.895945,53.740532,54.795555,55.152481
0,12.400000,0,1,0.000022,1.895945,55.777061,55.637917,54.874004
3,12.400000,3,4,1.755218,0.000000,52.869186,54.500034,55.290207
2,12.400000,3,2,1.755218,-3.109965,52.965462,53.800369,54.013229
1,12.400000,2,1,-3.109965,1.895945,56.138973,54.622574,55.358730
0,12.600000,0,1,0.000022,1.895945,55.429344,55.141472,54.874004
3,12.600000,3,4,1.913388,0.000000,54.766384,55.073185,55.552013
2,12.600000,3,2,1.913388,-3.109965,58.113804,53.697350,53.710991
1,12.600000,2,1,-3.109965,1.895945,53.235306,54.961910,55.358730
0,12.800000,0,1,0.000023,1.895946,50.188202,55.168835,54.874004
3,12.800000,3,4,1.809756,0.000000,58.448616,55.477222,55.381195
2,12.800000,3,2,1.809756,-3.218486,55.474346,53.289776,53.701511
1,12.800000,2,1,-3.218486,1.895946,56.254444,54.835754,55.537914
0,13.000000,0,1,0.000023,1.895946,53.586555,55.334084,54.874004
3,13.000000,3,4,1.809757,0.000000,55.811565,55.807724,55.381195
2,13.000000,3,2,1.809757,-3.077524,52.463337,53.390503,53.971504
1,13.000000,2,1,-3.077524,1.895946,55.028671,55.090519,55.304588
0,13.200000,0,1,0.000023,1.895946,51.846409,54.728329,54.874004
3,13.200000,3,4,1.809757,0.000000,54.497395,55.320656,55.381195
2,13.200000,3,2,1.809757,-3.077523,50.881062,53.479095,53.971504
1,13.200000,2,1,-3.077523,1.895946,54.363064,54.875828,55.304588
0,13.400000,0,1,0.000024,1.744571,55.050358,55.483910,55.134384
3,13.400000,3,4,1.809757,0.000000,49.778492,56.098888,55.381195
2,13.400000,3,2,1.809757,-3.077523,53.736740,52.987087,53.971504
1,13.400000,2,1,-3.077523,1.744571,54.305878,54.863796,55.048309
0,13.600000,0,1,0.000024,1.744571,56.394653,55.668705,55.134384
3,13.600000,3,4,1.809758,0.000000,52.977577,54.413956,55.381199
2,13.600000,3,2,1.809758,-3.077523,57.317863,53.412525,53.971504
1,13.600000,2,1,-3.077523,1.744571,50.361813,54.126980,55.048309
0,13.800000,0,1,0.000024,1.744572,51.852654,55.700436,55.134384
3,13.800000,3,4,1.809758,0.000000,54.790577,56.383686,55.381199
2,13.800000,3,2,1.809758,-3.287250,52.021980,52.350361,53.567322
1,13.800000,2,1,-3.287250,1.744572,51.551231,54.449757,55.401783
0,14.000000,0,1,0.000025,1.744572,57.779507,55.982475,55.134384
3,14.000000,3,4,1.700036,0.000000,51.056328,55.289345,55.197365
2,14.000000,3,2,1.700036,-3.287250,50.663643,52.325562,53.780655
1,14.000000,2,1,-3.287250,1.744572,54.825336,55.976780,55.401783
0,14.200000,0,1,0.000025,1.744572,57.812164,55.067028,55.134384
3,14.200000,3,4,1.544564,0.000000,51.165516,55.808079,54.931427
2,14.200000,3,2,1.544564,-3.287249,53.877735,52.202648,54.075928
1,14.200000,2,1,-3.287249,1.744572,52.320805,55.688744,55.401783
0,14.400000,0,1,0.000026,1.744573,58.528950,54.986641,55.134384
3,14.400000,3,4,1.544565,0.000000,56.139015,54.606178,54.931427
2,14.400000,3,2,1.544565,-3.287249,54.303780,52.449356,54.075928
1,14.400000,2,1,-3.287249,1.744573,58.951725,55.985214,55.401783
0,14.600000,0,1,0.000026,1.744573,55.116066,54.187351,55.134384
3,14.600000,3,4,1.544565,0.000000,55.025524,56.017212,54.931431
2,14.600000,3,2,1.544565,-3.287249,58.493744,53.040268,54.075928
1,14.600000,2,1,-3.287249,1.744573,53.176136,55.379025,55.401783
0,14.800000,0,1,0.000026,1.744573,54.355766,54.797871,55.134384
3,14.800000,3,4,1.338319,0.000000,48.785942,53.746910,54.568283
2,14.800000,3,2,1.338319,-3.287248,49.367756,53.592251,54.455643
1,14.800000,2,1,-3.287248,1.744573,55.904671,55.446964,55.401783
0,15.000000,0,1,0.000027,1.744574,51.822079,54.538738,55.134384
3,15.000000,3,4,1.338320,0.000000,58.416576,54.224144,54.568283
2,15.000000,3,2,1.338320,-3.166497,55.595970,53.736282,54.671944
1,15.000000,2,1,-3.166497,1.744574,60.990261,56.387791,55.199677
0,15.200000,0,1,0.000027,1.744574,50.704338,54.761879,55.134384
3,15.200000,3,4,1.338320,0.000000,52.408211,52.662426,54.568283
2,15.200000,3,2,1.338320,-3.166497,60.549629,53.532162,54.671944
1,15.200000,2,1,-3.166497,1.744574,54.950523,55.425167,55.199677
0,15.400000,0,1,0.000027,1.599234,60.127304,55.393272,55.378639
3,15.400000,3,4,1.338320,0.000000,50.987679,55.578964,54.568283
2,15.400000,3,2,1.338320,-3.166496,52.826202,53.636517,54.671944
1,15.400000,2,1,-3.166496,1.599234,55.382359,55.679775,54.951317
0,15.600000,0,1,0.000028,1.599234,58.525829,55.873543,55.378639
3,15.600000,3,4,1.433707,0.000000,50.974892,54.372070,54.737747
2,15.600000,3,2,1.433707,-3.166496,51.604870,53.821083,54.501438
1,15.600000,2,1,-3.166496,1.599234,58.001717,54.959137,54.951317
0,15.800000,0,1,0.000028,1.599234,49.930561,55.276676,55.378639
3,15.800000,3,4,1.275731,0.000000,48.478848,54.166561,54.455635
2,15.800000,3,2,1.275731,-3.166496,55.134323,53.970421,54.782387
1,15.800000,2,1,-3.166496,1.599234,58.557281,55.038883,54.951317
0,16.000000,0,1,0.000028,1.599235,56.103500,55.605988,55.378639
3,16.000000,3,4,1.275732,0.000000,55.717819,53.635319,54.455635
2,16.000000,3,2,1.275732,-3.166495,53.188747,54.496605,54.782387
1,16.000000,2,1,-3.166495,1.599235,56.443779,55.246174,54.951317
0,16.200000,0,1,0.000029,1.599235,54.118778,55.922760,55.378639
3,16.200000,3,4,1.275732,0.000000,53.802483,53.262573,54.455639
2,16.200000,3,2,1.275732,-3.166495,53.812222,54.361034,54.782387
1,16.200000,2,1,-3.166495,1.599235,58.467510,55.507061,54.951317
0,16.400000,0,1,0.000029,1.490989,57.648949,55.750160,55.557045
3,16.400000,3,4,1.275732,0.000000,59.378448,53.532578,54.455639
2,16.400000,3,2,1.275732,-3.050901,58.724197,54.228165,54.983452
1,16.400000,2,1,-3.050901,1.490989,53.701595,55.686607,54.557343
0,16.600000,0,1,0.000029,1.490989,55.783455,55.643528,55.557045
3,16.600000,3,4,1.275733,0.000000,57.457943,53.431015,54.455639
2,16.600000,3,2,1.275733,-3.050901,55.674953,53.973972,54.983452
1,16.600000,2,1,-3.050901,1.490989,52.772964,54.973328,54.557343
0,16.800000,0,1,0.000030,1.490989,57.846432,55.405399,55.557045
3,16.800000,3,4,1.275733,0.000000,56.346149,53.892948,54.455639
2,16.800000,3,2,1.275733,-3.050900,53.191879,53.850334,54.983452
1,16.800000,2,1,-3.050900,1.490989,52.043705,54.664463,54.557343
0,17.000000,0,1,0.000030,1.612842,55.481697,54.830776,55.356003
3,17.000000,3,4,1.275733,0.000000,54.374866,53.016254,54.455643
2,17.000000,3,2,1.275733,-3.249178,53.903347,53.724213,54.636246
1,17.000000,2,1,-3.249178,1.612842,60.094482,54.661385,55.116493
0,17.200000,0,1,0.000030,1.612842,49.490959,54.520878,55.356003
3,17.200000,3,4,1.275734,0.000000,54.931137,53.983910,54.455643
2,17.200000,3,2,1.275734,-3.249177,56.871834,53.596794,54.636246
1,17.200000,2,1,-3.249177,1.612842,57.742203,55.211967,55.116493
0,17.400000,0,1,0.000031,1.612842,55.172283,54.590202,55.356003
3,17.400000,3,4,1.275734,0.000000,53.453129,54.036018,54.455643
2,17.400000,3,2,1.275734,-3.249177,48.071045,53.473671,54.636246
1,17.400000,2,1,-3.249177,1.612842,49.296684,55.397430,55.116493
0,17.600000,0,1,0.000031,1.612843,54.596210,54.660530,55.356003
3,17.600000,3,4,1.275734,0.000000,52.480110,54.442680,54.455643
2,17.600000,3,2,1.275734,-3.249177,52.191269,53.506248,54.636246
1,17.600000,2,1,-3.249177,1.612843,57.856403,55.701817,55.116493
0,17.800000,0,1,0.000032,1.612843,56.541161,54.916969,55.356003
3,17.800000,3,4,1.380048,0.000000,49.191978,56.199249,54.642746
2,17.800000,3,2,1.380048,-3.123647,59.813908,53.865440,54.673935
1,17.800000,2,1,-3.123647,1.612843,53.204399,55.480976,54.900658
0,18.000000,0,1,0.000032,1.612844,54.772846,54.553085,55.356003
3,18.000000,3,4,1.380049,0.000000,54.063881,54.630798,54.642746
2,18.000000,3,2,1.380049,-2.987043,51.196007,53.813148,54.913502
1,18.000000,2,1,-2.987043,1.612844,54.878006,54.659744,54.660805
0,18.200000,0,1,0.000032,1.612844,57.464905,54.703350,55.356003
3,18.200000,3,4,1.488768,0.000000,54.593166,54.850822,54.834381
2,18.200000,3,2,1.488768,-2.987043,55.711502,54.024158,54.723267
1,18.200000,2,1,-2.987043,1.612844,52.672810,54.636021,54.660805
0,18.400000,0,1,0.000033,1.478568,52.038540,55.531357,55.577339
3,18.400000,3,4,1.488769,0.000000,53.638866,54.588493,54.834381
2,18.400000,3,2,1.488769,-2.987042,56.813099,54.270222,54.723267
1,18.400000,2,1,-2.987042,1.478568,55.708649,54.434994,54.419754
0,18.600000,0,1,0.000033,1.478568,57.451889,55.452049,55.577339
3,18.600000,3,4,1.488769,0.000000,52.347431,54.279087,54.834381
2,18.600000,3,2,1.488769,-3.091521,55.752937,53.733635,54.537254
1,18.600000,2,1,-3.091521,1.478568,51.124252,54.800995,54.607773
0,18.800000,0,1,0.000033,1.478568,54.452595,54.937057,55.577339
3,18.800000,3,4,1.488769,0.000000,53.434723,55.170712,54.834381
2,18.800000,3,2,1.488769,-2.961117,57.212833,53.346970,54.768932
1,18.800000,2,1,-2.961117,1.478568,56.006081,54.884533,54.372589
0,19.000000,0,1,0.000034,1.478569,48.015800,54.593288,55.577339
3,19.000000,3,4,1.488770,0.000000,56.964348,55.393986,54.834381
2,19.000000,3,2,1.488770,-3.152503,51.771072,52.893433,54.427193
1,19.000000,2,1,-3.152503,1.478569,50.490887,54.258575,54.716026
0,19.200000,0,1,0.000034,1.478569,57.801003,54.880672,55.577339
3,19.200000,3,4,1.488770,0.000000,55.356510,55.553905,54.834381
2,19.200000,3,2,1.488770,-3.152503,56.793869,53.313618,54.427193
1,19.200000,2,1,-3.152503,1.478569,52.921585,55.063812,54.716026
0,19.400000,0,1,0.000034,1.478569,59.704006,54.595276,55.577339
3,19.400000,3,4,1.389587,0.000000,54.662815,54.379040,54.659695
2,19.400000,3,2,1.389587,-3.152502,55.021156,53.268513,54.605637
1,19.400000,2,1,-3.152502,1.478569,54.283665,54.864021,54.716026
0,19.600000,0,1,0.000035,1.478570,56.506523,54.883694,55.577339
3,19.600000,3,4,1.389588,0.000000,58.712795,53.840801,54.659695
2,19.600000,3,2,1.389588,-3.152502,58.208820,53.516087,54.605637
1,19.600000,2,1,-3.152502,1.478570,56.189491,54.859379,54.716026
0,19.800000,0,1,0.000035,1.596149,56.104397,55.176487,55.383774
3,19.800000,3,4,1.389588,0.000000,59.845596,55.195545,54.659695
2,19.800000,3,2,1.389588,-3.152501,56.143383,54.350540,54.605637
1,19.800000,2,1,-3.152501,1.596149,58.283768,54.277924,54.921753
0,20.000000,0,1,0.000035,1.491938,56.024063,55.149963,55.555504
3,20.000000,3,4,1.389588,0.000000,51.070911,54.042633,54.659698
2,20.000000,3,2,1.389588,-3.272771,55.861282,54.654011,54.388874
1,20.000000,2,1,-3.272771,1.491938,56.677616,54.374218,54.949554
0,20.200000,0,1,0.000036,1.491938,51.987118,55.721146,55.555504
3,20.200000,3,4,1.277406,0.000000,55.141880,55.176941,54.458664
2,20.200000,3,2,1.277406,-3.272771,60.893654,54.914112,54.591194
1,20.200000,2,1,-3.272771,1.491938,54.872093,54.952019,54.949554
0,20.400000,0,1,0.000036,1.491939,55.030796,55.006500,55.555504
3,20.400000,3,4,1.277406,0.000000,54.025417,53.798317,54.458668
2,20.400000,3,2,1.277406,-3.447127,51.299534,55.359486,54.275097
1,20.400000,2,1,-3.447127,1.491939,56.264629,54.716961,55.246872
0,20.600000,0,1,0.000037,1.252890,60.066963,54.466236,55.939468
3,20.600000,3,4,1.277407,0.000000,57.271740,54.158588,54.458668
2,20.600000,3,2,1.277407,-3.447127,53.544918,54.543709,54.275097
1,20.600000,2,1,-3.447127,1.252890,51.814365,55.437592,54.837135
0,20.800000,0,1,0.000037,1.252890,53.449993,55.276619,55.939468
3,20.800000,3,4,1.277407,0.000000,59.770622,55.255051,54.458668
2,20.800000,3,2,1.277407,-3.447127,55.637589,54.855080,54.275097
1,20.800000,2,1,-3.447127,1.252890,53.444366,54.565880,54.837135
0,21.000000,0,1,0.000037,1.252891,55.787800,55.518780,55.939468
3,21.000000,3,4,1.277408,0.000000,51.169304,54.590092,54.458672
2,21.000000,3,2,1.277408,-3.447126,53.533024,54.452858,54.275097
1,21.000000,2,1,-3.447126,1.252891,56.177090,54.488602,54.837135
0,21.200000,0,1,0.000038,1.252891,52.058929,55.620312,55.939468
3,21.200000,3,4,1.277408,0.000000,56.611763,54.090061,54.458672
2,21.200000,3,2,1.277408,-3.447126,55.316589,54.857471,54.275097
1,21.200000,2,1,-3.447126,1.252891,57.045944,54.893791,54.837135
0,21.400000,0,1,0.000038,1.384757,52.077290,55.348392,55.729347
3,21.400000,3,4,1.277408,0.000000,53.895882,53.848011,54.458672
2,21.400000,3,2,1.277408,-3.447126,56.580677,54.987484,54.275097
1,21.400000,2,1,-3.447126,1.384757,55.813469,54.438797,55.065063
0,21.600000,0,1,0.000038,1.384757,50.700649,55.103237,55.729347
3,21.600000,3,4,1.277409,0.000000,56.064873,54.937042,54.458672
2,21.600000,3,2,1.277409,-3.447125,54.635250,54.506012,54.275097
1,21.600000,2,1,-3.447125,1.384757,55.032543,55.091187,55.065063
0,21.800000,0,1,0.000039,1.233019,61.337078,55.104286,55.970787
3,21.800000,3,4,1.277409,0.000000,58.044662,55.526237,54.458672
2,21.800000,3,2,1.277409,-3.447125,56.159924,54.049175,54.275097
1,21.800000,2,1,-3.447125,1.233019,57.127975,55.468369,54.802364
0,22.000000,0,1,0.000039,1.344257,53.254520,55.719372,55.794315
3,22.000000,3,4,1.277409,0.000000,49.940063,55.117115,54.458672
2,22.000000,3,2,1.277409,-3.447124,52.296680,53.997578,54.275097
1,22.000000,2,1,-3.447124,1.344257,57.466133,55.073601,54.995567
0,22.200000,0,1,0.000039,1.504652,54.338879,55.616737,55.534706
3,22.200000,3,4,1.277410,0.000000,50.022484,55.178818,54.458672
2,22.200000,3,2,1.277410,-3.447124,57.128407,54.026695,54.275097
1,22.200000,2,1,-3.447124,1.504652,53.132568,55.204159,55.268230
0,22.400000,0,1,0.000040,1.504653,51.773319,55.196617,55.534706
3,22.400000,3,4,1.277410,0.000000,55.287445,54.103554,54.458672
2,22.400000,3,2,1.277410,-3.447124,48.990829,54.914871,54.275097
1,22.400000,2,1,-3.447124,1.504653,58.367817,55.536476,55.268230
0,22.600000,0,1,0.000040,1.504653,57.944305,55.019321,55.534706
3,22.600000,3,4,1.090871,0.000000,55.231556,53.124428,54.115929
2,22.600000,3,2,1.090871,-3.447124,54.955654,54.750004,54.612942
1,22.600000,2,1,-3.447124,1.504653,50.494171,55.840511,55.268230
0,22.800000,0,1,0.000040,1.694620,54.551159,55.406528,55.218979
3,22.800000,3,4,1.090871,0.000000,55.081551,53.799877,54.115929
2,22.800000,3,2,1.090871,-3.447123,55.034904,54.969135,54.612942
1,22.800000,2,1,-3.447123,1.694620,61.114479,56.405212,55.582550
0,23.000000,0,1,0.000041,1.694620,58.591049,54.148994,55.218979
3,23.000000,3,4,1.090872,0.000000,54.443352,55.089024,54.115929
2,23.000000,3,2,1.090872,-3.447123,55.415192,54.713631,54.612942
1,23.000000,2,1,-3.447123,1.694620,54.570831,56.006214,55.582550
0,23.200000,0,1,0.000041,1.561713,56.158978,53.934135,55.440834
3,23.200000,3,4,0.991171,0.000000,48.639996,52.517059,53.928207
2,23.200000,3,2,0.991171,-3.447122,53.796421,54.833378,54.789291
1,23.200000,2,1,-3.447122,1.561713,54.757519,55.650318,55.363602
0,23.400000,0,1,0.000041,1.561714,50.880142,54.033482,55.440834
3,23.400000,3,4,0.991171,0.000000,56.388252,53.499950,53.928207
2,23.400000,3,2,0.991171,-3.328547,59.878254,55.458611,54.995361
1,23.400000,2,1,-3.328547,1.561714,54.243126,55.508110,55.164467
0,23.600000,0,1,0.000042,1.561714,55.930672,54.861526,55.440834
3,23.600000,3,4,0.991171,0.000000,52.990627,54.998634,53.928207
2,23.600000,3,2,0.991171,-3.558538,52.244133,56.224262,54.592033
1,23.600000,2,1,-3.558538,1.561714,55.789516,55.392525,55.547443
0,23.800000,0,1,0.000042,1.561714,58.023300,55.163673,55.440834
3,23.800000,3,4,0.991172,0.000000,48.795696,53.151924,53.928211
2,23.800000,3,2,0.991172,-3.558537,55.948093,55.783745,54.592033
1,23.800000,2,1,-3.558537,1.561714,57.626137,55.312988,55.547443
0,24.000000,0,1,0.000043,1.561715,51.885006,55.568153,55.440834
3,24.000000,3,4,0.991172,0.000000,52.353580,54.676556,53.928211
2,24.000000,3,2,0.991172,-3.558537,59.322964,54.931206,54.592033
1,24.000000,2,1,-3.558537,1.561715,55.273937,55.619759,55.547443
0,24.200000,0,1,0.000043,1.561715,54.410980,55.462231,55.440834
3,24.200000,3,4,0.991173,0.000000,52.630104,53.997730,53.928211
2,24.200000,3,2,0.991173,-3.558537,55.593639,54.511795,54.592033
1,24.200000,2,1,-3.558537,1.561715,56.675236,55.526146,55.547443
0,24.400000,0,1,0.000043,1.672717,54.024445,55.180840,55.255856
3,24.400000,3,4,0.991173,0.000000,53.186886,53.523891,53.928215
2,24.400000,3,2,0.991173,-3.558537,54.408527,54.493885,54.592033
1,24.400000,2,1,-3.558537,1.672717,58.177807,56.215698,55.727554
0,24.600000,0,1,0.000044,1.672718,52.314110,55.386223,55.255856
3,24.600000,3,4,0.991173,0.000000,53.660858,53.371449,53.928215
2,24.600000,3,2,0.991173,-3.558536,50.446770,54.773968,54.592033
1,24.600000,2,1,-3.558536,1.672718,47.913002,55.850956,55.727554
0,24.800000,0,1,0.000044,1.672718,49.985909,55.410278,55.255856
3,24.800000,3,4,1.100409,0.000000,50.757156,54.339684,54.133720
2,24.800000,3,2,1.100409,-3.558536,55.069984,54.341488,54.395088
1,24.800000,2,1,-3.558536,1.672718,55.277893,55.611744,55.727554
0,25.000000,0,1,0.000044,1.672718,54.476181,55.891823,55.255856
3,25.000000,3,4,1.248089,0.000000,62.818062,54.410824,54.405510
2,25.000000,3,2,1.248089,-3.558535,51.333485,53.660000,54.123024
1,25.000000,2,1,-3.558535,1.672718,53.365967,55.701664,55.727554
0,25.200000,0,1,0.000045,1.672719,51.376553,55.342533,55.255856
3,25.200000,3,4,1.248089,0.000000,54.245659,52.755367,54.405510
2,25.200000,3,2,1.248089,-3.558535,58.948624,53.284184,54.123024
1,25.200000,2,1,-3.558535,1.672719,56.215744,55.027359,55.727554
0,25.400000,0,1,0.000045,1.672719,56.564503,55.033058,55.255856
3,25.400000,3,4,1.248090,0.000000,52.859688,53.776836,54.405510
2,25.400000,3,2,1.248090,-3.558535,52.607750,53.130966,54.123024
1,25.400000,2,1,-3.558535,1.672719,58.288525,55.156254,55.727554
0,25.600000,0,1,0.000045,1.512723,55.120361,54.901031,55.521484
3,25.600000,3,4,1.409598,0.000000,53.313831,53.708496,54.695168
2,25.600000,3,2,1.409598,-3.466229,59.509438,53.115894,53.993149
1,25.600000,2,1,-3.466229,1.512723,51.15081