0,0.200000,1,0,0.000000,0.000000,61.426212,NaN,57.954193
1,0.200000,1,2,0.000000,0.000000,49.446884,NaN,44.546146
3,0.200000,3,4,0.000000,0.000000,61.852627,58.066467,56.336731
2,0.200000,3,2,0.000000,0.000000,55.736328,NaN,56.391415
0,0.400000,1,0,0.251965,0.000001,55.096035,NaN,57.618774
1,0.400000,1,2,0.251965,-0.187735,47.284756,NaN,46.366360
3,0.400000,3,4,0.000001,0.000000,51.680214,55.285313,56.336731
2,0.400000,3,2,0.000001,-0.187735,59.723396,NaN,56.103436
0,0.600000,1,0,0.551966,0.000001,56.630474,56.583366,57.205406
1,0.600000,1,2,0.551966,-0.282273,48.068645,50.006336,47.774639
3,0.600000,3,4,0.000001,0.000000,56.255463,56.190247,56.336731
2,0.600000,3,2,0.000001,-0.282273,56.199207,56.064007,55.955475
0,0.800000,1,0,0.761218,0.000001,57.332069,55.244461,56.907471
1,0.800000,1,2,0.761218,-0.519174,45.862381,49.380959,49.174019
3,0.800000,3,4,-0.119265,0.000000,54.132267,55.383183,56.153748
2,0.800000,3,2,-0.119265,-0.519174,47.795498,53.867268,55.768501
0,1.000000,1,0,0.761219,0.000002,55.305538,55.745327,56.907471
1,1.000000,1,2,0.761219,-0.673225,50.022434,47.989037,49.618156
3,1.000000,3,4,-0.367502,0.000000,54.049259,56.185329,55.762703
2,1.000000,3,2,-0.367502,-0.673225,58.239613,53.976089,55.918457
0,1.200000,1,0,0.933848,0.000002,56.441441,56.132782,56.655373
1,1.200000,1,2,0.933848,-0.783013,45.946671,48.441460,50.387997
3,1.200000,3,4,-0.209694,0.000000,61.320576,56.131016,56.012920
2,1.200000,3,2,-0.209694,-0.783013,63.232620,55.857224,55.486870
0,1.400000,1,0,0.933849,0.000002,54.704906,55.602566,56.655373
1,1.400000,1,2,0.933849,-0.783012,47.270985,48.951424,50.387997
3,1.400000,3,4,-0.341752,0.000000,53.526737,56.288971,55.803925
2,1.400000,3,2,-0.341752,-0.783012,61.315582,54.768967,55.702003
0,1.600000,1,0,1.068568,0.000003,54.891830,56.133018,56.454483
1,1.600000,1,2,1.068568,-0.925959,48.556385,48.906399,51.095139
3,1.600000,3,4,-0.341752,0.000000,58.144962,55.676392,55.803925
2,1.600000,3,2,-0.341752,-0.925959,53.537575,54.931442,55.468941
0,1.800000,1,0,1.068568,0.000003,61.239681,56.699871,56.454483
1,1.800000,1,2,1.068568,-0.925959,51.736771,49.977318,51.095139
3,1.800000,3,4,-0.341751,0.000000,55.212391,55.456421,55.803925
2,1.800000,3,2,-0.341751,-0.925959,46.164467,54.839207,55.468941
0,2.000000,1,0,1.068568,0.000004,58.062908,56.564972,56.454483
1,2.000000,1,2,1.068568,-0.925958,47.569538,50.530090,51.095139
3,2.000000,3,4,-0.341751,0.000000,57.597729,55.474072,55.803928
2,2.000000,3,2,-0.341751,-0.925958,59.840702,55.249283,55.468941
0,2.200000,1,0,1.068569,0.000004,58.248684,55.848316,56.454483
1,2.200000,1,2,1.068569,-0.925958,50.575603,50.254452,51.095139
3,2.200000,3,4,-0.341751,0.000000,64.833496,54.835178,55.803928
2,2.200000,3,2,-0.341751,-0.925958,56.689022,56.386520,55.468941
0,2.400000,1,0,1.290681,0.000004,56.906250,56.125473,56.114944
1,2.400000,1,2,1.290681,-1.036226,53.496655,51.026573,51.885193
3,2.400000,3,4,-0.159781,0.000000,57.421272,56.724445,56.090874
2,2.400000,3,2,-0.159781,-1.036226,51.975414,56.555843,54.976315
0,2.600000,1,0,1.290682,0.000005,64.641678,54.980873,56.114944
1,2.600000,1,2,1.290682,-1.036226,49.975006,51.748188,51.885193
3,2.600000,3,4,-0.159781,0.000000,57.796207,55.978603,56.090874
2,2.600000,3,2,-0.159781,-1.036226,58.286903,56.983318,54.976315
0,2.800000,1,0,1.290682,0.000005,49.185722,55.602650,56.114944
1,2.800000,1,2,1.290682,-1.177775,49.661564,51.506519,52.204948
3,2.800000,3,4,-0.159781,0.000000,51.772522,56.824028,56.090874
2,2.800000,3,2,-0.159781,-1.177775,58.947456,56.530636,54.729424
0,3.000000,1,0,1.290682,0.000005,59.124828,55.495354,56.114944
1,3.000000,1,2,1.290682,-1.177775,52.847931,51.593231,52.204948
3,3.000000,3,4,-0.159780,0.000000,51.255993,55.978004,56.090878
2,3.000000,3,2,-0.159780,-1.177775,53.967106,55.873055,54.729424
0,3.200000,1,0,1.290683,0.000006,57.508198,55.746548,56.114944
1,3.200000,1,2,1.290683,-1.356539,49.055435,51.683018,52.595760
3,3.200000,3,4,-0.159780,0.000000,61.881962,55.138287,56.090878
2,3.200000,3,2,-0.159780,-1.356539,56.735332,55.586632,54.409374
0,3.400000,1,0,1.499352,0.000006,56.178856,55.785454,55.785984
1,3.400000,1,2,1.499352,-1.569776,53.690884,52.717110,53.465904
3,3.400000,3,4,-0.272616,0.000000,57.336845,56.382370,55.913841
2,3.400000,3,2,-0.272616,-1.569776,52.786285,54.596287,54.225399
0,3.600000,1,0,1.499352,0.000006,56.489765,55.098808,55.785984
1,3.600000,1,2,1.499352,-1.569775,50.890938,53.366753,53.465904
3,3.600000,3,4,-0.272616,0.000000,60.266251,55.858356,55.913841
2,3.600000,3,2,-0.272616,-1.569775,53.202847,55.304314,54.225399
0,3.800000,1,0,1.709673,0.000007,59.422508,55.071953,55.444016
1,3.800000,1,2,1.709673,-1.569775,52.755394,54.143333,53.874939
3,3.800000,3,4,-0.272615,0.000000,50.478424,55.955818,55.913841
2,3.800000,3,2,-0.272615,-1.569775,51.892685,55.069435,54.225399
0,4.000000,1,0,1.709673,0.000007,53.722401,54.515259,55.444016
1,4.000000,1,2,1.709673,-1.569775,56.798553,55.236984,53.874939
3,4.000000,3,4,-0.053110,0.000000,56.251476,56.565666,56.255623
2,4.000000,3,2,-0.053110,-1.569775,52.249916,54.800632,53.811977
0,4.200000,1,0,1.709673,0.000007,56.325294,55.151222,55.444016
1,4.200000,1,2,1.709673,-1.569774,58.507065,54.910149,53.874939
3,4.200000,3,4,-0.053110,0.000000,54.081573,55.444336,56.255627
2,4.200000,3,2,-0.053110,-1.569774,57.238960,54.206547,53.811977
0,4.400000,1,0,1.879509,0.000008,56.888962,54.327503,55.159790
1,4.400000,1,2,1.879509,-1.569774,57.773289,54.214016,54.194351
3,4.400000,3,4,-0.053110,0.000000,61.209316,57.494171,56.255627
2,4.400000,3,2,-0.053110,-1.569774,55.350334,53.625099,53.811977
0,4.600000,1,0,1.879509,0.000008,57.013802,54.141632,55.159790
1,4.600000,1,2,1.879509,-1.767035,47.364254,54.656769,54.553917
3,4.600000,3,4,-0.053109,0.000000,62.027073,56.235619,56.255627
2,4.600000,3,2,-0.053109,-1.767035,58.781536,54.235973,53.426521
0,4.800000,1,0,1.879509,0.000008,60.051235,53.304226,55.159790
1,4.800000,1,2,1.879509,-1.767034,52.995441,55.161331,54.553917
3,4.800000,3,4,-0.053109,0.000000,56.311440,55.713177,56.255627
2,4.800000,3,2,-0.053109,-1.767034,52.159527,54.593658,53.426521
0,5.000000,1,0,1.879510,0.000009,53.059921,53.264076,55.159790
1,5.000000,1,2,1.879510,-1.767034,58.585850,54.923996,54.553917
3,5.000000,3,4,0.106733,0.000000,57.230106,56.107811,56.497910
2,5.000000,3,2,0.106733,-1.767034,50.033562,54.571373,53.103828
0,5.200000,1,0,1.879510,0.000009,55.376289,53.760670,55.159790
1,5.200000,1,2,1.879510,-1.767034,57.032173,55.353642,54.553917
3,5.200000,3,4,-0.067375,0.000000,54.839252,57.244034,56.233738
2,5.200000,3,2,-0.067375,-1.767034,54.721870,53.866673,53.454865
0,5.400000,1,0,1.879510,0.000010,53.708679,54.259598,55.159790
1,5.400000,1,2,1.879510,-1.767033,55.583775,55.175667,54.553917
3,5.400000,3,4,-0.067375,0.000000,50.539906,56.878975,56.233738
2,5.400000,3,2,-0.067375,-1.767033,53.850700,54.042850,53.454865
0,5.600000,1,0,1.879511,0.000010,54.391048,54.788719,55.159790
1,5.600000,1,2,1.879511,-1.767033,55.040802,55.240551,54.553917
3,5.600000,3,4,-0.067374,0.000000,55.412331,55.887486,56.233742
2,5.600000,3,2,-0.067374,-1.767033,53.009583,54.032284,53.454865
0,5.800000,1,0,1.879511,0.000010,58.975769,54.286652,55.159790
1,5.800000,1,2,1.879511,-1.767033,58.357746,55.133972,54.553917
3,5.800000,3,4,-0.067374,0.000000,55.521442,56.256908,56.233742
2,5.800000,3,2,-0.067374,-1.767033,52.113953,54.352467,53.454865
0,6.000000,1,0,1.879511,0.000011,56.589729,54.008938,55.159790
1,6.000000,1,2,1.879511,-1.767032,54.097748,55.266323,54.553917
3,6.000000,3,4,-0.067374,0.000000,55.025169,57.291821,56.233742
2,6.000000,3,2,-0.067374,-1.767032,54.802258,54.263218,53.454865
0,6.200000,1,0,1.992765,0.000011,58.116936,53.847031,54.966034
1,6.200000,1,2,1.992765,-1.767032,52.339527,55.166248,54.755096
3,6.200000,3,4,-0.067373,0.000000,54.962879,57.138596,56.233742
2,6.200000,3,2,-0.067373,-1.767032,51.552097,54.247162,53.454865
0,6.400000,1,0,1.992765,0.000011,56.012974,53.697681,54.966034
1,6.400000,1,2,1.992765,-1.767032,58.027580,55.324680,54.755096
3,6.400000,3,4,-0.067373,0.000000,58.442303,56.466152,56.233742
2,6.400000,3,2,-0.067373,-1.767032,50.748699,53.479454,53.454865
0,6.600000,1,0,2.112414,0.000012,57.255474,54.123241,54.757511
1,6.600000,1,2,2.112414,-1.656077,56.952606,54.442665,54.770393
3,6.600000,3,4,-0.067373,0.000000,63.871643,57.891945,56.233742
2,6.600000,3,2,-0.067373,-1.656077,50.402859,53.423767,53.672791
0,6.800000,1,0,2.112414,0.000012,54.133522,53.613037,54.757511
1,6.800000,1,2,2.112414,-1.656077,48.679955,54.492676,54.770393
3,6.800000,3,4,-0.067372,0.000000,60.475796,56.168171,56.233742
2,6.800000,3,2,-0.067372,-1.656077,52.491768,54.091255,53.672791
0,7.000000,1,0,2.112415,0.000012,48.737812,53.836067,54.757511
1,7.000000,1,2,2.112415,-1.656077,56.171986,54.113892,54.770393
3,7.000000,3,4,-0.067372,0.000000,60.183605,56.669743,56.233742
2,7.000000,3,2,-0.067372,-1.656077,48.451408,54.620811,53.672791
0,7.200000,1,0,2.112415,0.000013,50.822666,54.350838,54.757511
1,7.200000,1,2,2.112415,-1.656076,49.089642,54.166477,54.770393
3,7.200000,3,4,-0.067372,0.000000,57.136086,56.253071,56.233742
2,7.200000,3,2,-0.067372,-1.656076,50.906075,54.495701,53.672791
0,7.400000,1,0,2.112415,0.000013,54.373894,54.752728,54.757511
1,7.400000,1,2,2.112415,-1.782615,56.709450,54.470116,54.990543
3,7.400000,3,4,-0.067371,0.000000,55.983486,57.546009,56.233742
2,7.400000,3,2,-0.067371,-1.782615,53.309116,54.330471,53.423897
0,7.600000,1,0,2.112416,0.000013,54.917484,54.325039,54.757511
1,7.600000,1,2,2.112416,-1.886156,54.543846,54.743759,55.167419
3,7.600000,3,4,-0.067371,0.000000,59.193451,56.456440,56.233746
2,7.600000,3,2,-0.067371,-1.886156,53.710270,53.834373,53.215912
0,7.800000,1,0,2.112416,0.000014,54.399399,53.935490,54.757511
1,7.800000,1,2,2.112416,-1.886156,50.173859,55.228859,55.167419
3,7.800000,3,4,-0.067371,0.000000,55.662041,55.854610,56.233746
2,7.800000,3,2,-0.067371,-1.886156,47.898827,53.296539,53.215912
0,8.000000,1,0,2.112416,0.000014,54.973446,53.532368,54.757511
1,8.000000,1,2,2.112416,-1.886155,60.783043,54.759216,55.167419
3,8.000000,3,4,-0.067370,0.000000,59.623745,55.732227,56.233746
2,8.000000,3,2,-0.067370,-1.886155,52.311481,53.458977,53.215912
0,8.200000,1,0,1.904015,0.000015,48.753098,53.408936,55.118164
1,8.200000,1,2,1.904015,-2.058586,53.305561,54.618267,55.106300
3,8.200000,3,4,-0.067370,0.000000,55.535015,56.448475,56.233746
2,8.200000,3,2,-0.067370,-2.058586,47.042770,53.334839,52.860451
0,8.400000,1,0,1.904015,0.000015,53.652294,54.469570,55.118164
1,8.400000,1,2,1.904015,-2.058586,57.104717,54.285477,55.106300
3,8.400000,3,4,-0.067369,0.000000,55.531746,56.064903,56.233749
2,8.400000,3,2,-0.067369,-2.058586,52.666660,53.341473,52.860451
0,8.600000,1,0,1.904015,0.000015,54.792931,54.010815,55.118164
1,8.600000,1,2,1.904015,-1.910549,58.291573,54.897652,54.851067
3,8.600000,3,4,-0.067369,0.000000,58.005230,56.140873,56.233749
2,8.600000,3,2,-0.067369,-1.910549,50.466610,53.428223,53.166325
0,8.800000,1,0,1.904016,0.000016,54.834045,53.679760,55.118164
1,8.800000,1,2,1.904016,-1.910548,55.250256,54.741791,54.851067
3,8.800000,3,4,-0.211637,0.000000,58.028446,55.787815,56.009872
2,8.800000,3,2,-0.211637,-1.910548,52.296104,52.785252,53.456345
0,9.000000,1,0,1.904016,0.000016,56.381973,53.768517,55.118164
1,9.000000,1,2,1.904016,-1.910548,50.907120,54.835117,54.851067
3,9.000000,3,4,-0.211637,0.000000,49.342728,55.667301,56.009872
2,9.000000,3,2,-0.211637,-1.910548,46.984211,53.540802,53.456345
0,9.200000,1,0,1.904016,0.000016,57.648399,54.014477,55.118164
1,9.200000,1,2,1.904016,-1.910547,54.706947,54.958923,54.851067
3,9.200000,3,4,-0.351471,0.000000,53.047523,56.127052,55.788383
2,9.200000,3,2,-0.351471,-1.910547,50.979324,53.363625,53.730247
0,9.400000,1,0,1.904017,0.000017,55.708870,54.178860,55.118164
1,9.400000,1,2,1.904017,-1.910547,49.883793,55.126614,54.851067
3,9.400000,3,4,-0.530625,0.000000,53.296036,54.711521,55.497849
2,9.400000,3,2,-0.530625,-1.910547,51.061905,53.704208,54.071365
0,9.600000,1,0,1.904017,0.000017,56.361122,53.700924,55.118164
1,9.600000,1,2,1.904017,-1.910547,50.415531,54.824974,54.851067
3,9.600000,3,4,-0.530625,0.000000,56.434559,55.270042,55.497849
2,9.600000,3,2,-0.530625,-1.910547,51.616901,54.342556,54.071365
0,9.800000,1,0,1.904018,0.000017,52.022480,53.854443,55.118164
1,9.800000,1,2,1.904018,-1.910546,57.062408,54.041618,54.851067
3,9.800000,3,4,-0.693165,0.000000,59.450798,55.116402,55.227356
2,9.800000,3,2,-0.693165,-1.910546,51.576103,54.873516,54.371838
0,10.000000,1,0,1.904018,0.000018,55.467178,54.055698,55.118164
1,10.000000,1,2,1.904018,-1.910546,52.384861,53.834637,54.851067
3,10.000000,3,4,-0.693164,0.000000,57.167225,56.646725,55.227356
2,10.000000,3,2,-0.693164,-1.910546,51.236744,54.357533,54.371838
0,10.200000,1,0,1.904018,0.000018,57.477192,53.740879,55.118164
1,10.200000,1,2,1.904018,-1.910546,47.900677,54.430325,54.851067
3,10.200000,3,4,-0.693164,0.000000,58.255646,55.183064,55.227356
2,10.200000,3,2,-0.693164,-1.910546,54.009312,54.118965,54.371838
0,10.400000,1,0,1.904019,0.000018,50.121964,53.194195,55.118164
1,10.400000,1,2,1.904019,-1.910545,55.795578,54.219242,54.851067
3,10.400000,3,4,-0.840741,0.000000,58.894196,54.751190,54.975788
2,10.400000,3,2,-0.840741,-1.910545,57.939697,54.183079,54.637630
0,10.600000,1,0,1.904019,0.000019,56.720043,52.842129,55.118164
1,10.600000,1,2,1.904019,-1.910545,58.683361,54.788151,54.851067
3,10.600000,3,4,-0.840740,0.000000,57.137573,54.017921,54.975788
2,10.600000,3,2,-0.840740,-1.910545,52.619671,55.213573,54.637630
0,10.800000,1,0,1.904019,0.000019,57.007717,53.068554,55.118164
1,10.800000,1,2,1.904019,-2.021547,60.741020,55.480556,55.043007
3,10.800000,3,4,-0.840740,0.000000,47.039764,55.433407,54.975788
2,10.800000,3,2,-0.840740,-2.021547,49.993900,54.864349,54.438320
0,11.000000,1,0,1.687767,0.000019,54.067707,53.069973,55.480160
1,11.000000,1,2,1.687767,-1.914966,50.790852,56.082020,54.475082
3,11.000000,3,4,-0.840740,0.000000,51.705734,55.103268,54.975792
2,11.000000,3,2,-0.840740,-1.914966,53.236599,54.924194,54.629761
0,11.200000,1,0,1.687767,0.000020,57.454819,54.043690,55.480160
1,11.200000,1,2,1.687767,-1.914966,54.788868,55.539921,54.475082
3,11.200000,3,4,-1.017085,0.000000,55.228374,54.071037,54.667328
2,11.200000,3,2,-1.017085,-1.914966,51.921234,54.700249,54.939285
0,11.400000,1,0,1.687768,0.000020,53.828320,54.323547,55.480160
1,11.400000,1,2,1.687768,-1.914966,58.546684,55.799011,54.475082
3,11.400000,3,4,-1.017085,0.000000,52.631660,55.752029,54.667328
2,11.400000,3,2,-1.017085,-1.914966,54.046421,54.754318,54.939285
0,11.600000,1,0,1.538379,0.000021,60.612812,55.245094,55.723358
1,11.600000,1,2,1.538379,-1.914965,57.255913,55.843056,54.201874
3,11.600000,3,4,-1.017085,0.000000,57.349804,54.316261,54.667332
2,11.600000,3,2,-1.017085,-1.914965,57.543251,54.985378,54.939285
0,11.800000,1,0,1.538379,0.000021,60.313175,55.697475,55.723358
1,11.800000,1,2,1.538379,-1.791516,51.321777,55.585835,53.970802
3,11.800000,3,4,-0.901036,0.000000,56.875668,54.378029,54.871304
2,11.800000,3,2,-0.901036,-1.791516,49.502449,55.410412,54.952084
0,12.000000,1,0,1.538379,0.000021,57.415890,55.795292,55.723358
1,12.000000,1,2,1.538379,-1.894675,59.079754,55.230652,54.164230
3,12.000000,3,4,-0.901035,0.000000,52.928772,55.071220,54.871304
2,12.000000,3,2,-0.901035,-1.894675,53.298332,55.062992,54.772301
0,12.200000,1,0,1.538380,0.000022,57.173756,55.861385,55.723358
1,12.200000,1,2,1.538380,-1.894675,53.966022,55.499828,54.164230
3,12.200000,3,4,-0.901035,0.000000,57.236092,55.338928,54.871307
2,12.200000,3,2,-0.901035,-1.894675,57.038731,54.600525,54.772301
0,12.400000,1,0,1.538380,0.000022,59.696167,55.878155,55.723358
1,12.400000,1,2,1.538380,-1.894674,54.761215,55.600292,54.164230
3,12.400000,3,4,-0.901035,0.000000,55.914684,54.599613,54.871307
2,12.400000,3,2,-0.901035,-1.894674,52.878956,54.371815,54.772301
0,12.600000,1,0,1.538381,0.000022,61.665321,55.878124,55.723358
1,12.600000,1,2,1.538381,-2.052025,50.139732,55.356144,54.452797
3,12.600000,3,4,-0.901034,0.000000,57.238037,54.239807,54.871307
2,12.600000,3,2,-0.901034,-2.052025,54.507603,53.876587,54.492218
0,12.800000,1,0,1.538381,0.000023,54.171349,55.674358,55.723358
1,12.800000,1,2,1.538381,-2.052025,57.883904,55.424229,54.452797
3,12.800000,3,4,-0.901034,0.000000,57.877769,54.726612,54.871307
2,12.800000,3,2,-0.901034,-2.052025,58.157322,53.992241,54.492218
0,13.000000,1,0,1.538381,0.000023,53.734192,55.986134,55.723358
1,13.000000,1,2,1.538381,-2.052024,58.558823,54.987572,54.452797
3,13.000000,3,4,-0.901033,0.000000,59.562027,54.645695,54.871307
2,13.000000,3,2,-0.901033,-2.052024,54.860432,54.526802,54.492218
0,13.200000,1,0,1.538382,0.000023,55.619720,55.534920,55.723358
1,13.200000,1,2,1.538382,-2.052024,52.746056,55.256733,54.452797
3,13.200000,3,4,-0.901033,0.000000,56.003532,53.607201,54.871307
2,13.200000,3,2,-0.901033,-2.052024,53.308708,54.270744,54.492218
0,13.400000,1,0,1.643403,0.000024,57.160362,55.673615,55.552959
1,13.400000,1,2,1.643403,-2.052023,54.861603,55.012550,54.641212
3,13.400000,3,4,-0.901033,0.000000,55.618462,54.564247,54.871307
2,13.400000,3,2,-0.901033,-2.052023,52.677456,53.754875,54.492218
0,13.600000,1,0,1.464421,0.000024,52.119209,55.416313,55.841782
1,13.600000,1,2,1.464421,-2.052023,60.265438,55.335815,54.318115
3,13.600000,3,4,-0.901032,0.000000,54.343071,53.972458,54.871307
2,13.600000,3,2,-0.901032,-2.052023,55.920227,54.111450,54.492218
0,13.800000,1,0,1.343064,0.000024,63.769371,55.914932,56.033329
1,13.800000,1,2,1.343064,-2.052023,54.732212,54.960712,54.093441
3,13.800000,3,4,-0.901032,0.000000,54.826099,55.516018,54.871311
2,13.800000,3,2,-0.901032,-2.052023,49.400177,54.922249,54.492218
0,14.000000,1,0,1.343065,0.000025,53.501835,55.687798,56.033329
1,14.000000,1,2,1.343065,-1.841829,56.334663,54.108257,53.692951
3,14.000000,3,4,-0.901032,0.000000,54.126572,56.074127,54.871311
2,14.000000,3,2,-0.901032,-1.841829,55.006744,54.930504,54.864769
0,14.200000,1,0,1.343065,0.000025,53.894001,56.298401,56.033329
1,14.200000,1,2,1.343065,-1.841828,51.376232,53.440205,53.692951
3,14.200000,3,4,-1.015844,0.000000,54.465813,55.916592,54.669533
2,14.200000,3,2,-1.015844,-1.841828,54.495049,55.175091,55.062988
0,14.400000,1,0,1.343066,0.000026,58.897514,57.546772,56.033329
1,14.400000,1,2,1.343066,-2.081179,49.742104,53.716770,54.147850
3,14.400000,3,4,-1.139963,0.000000,57.222622,53.840561,54.447098
2,14.400000,3,2,-1.139963,-2.081179,60.362114,54.840721,54.864037
0,14.600000,1,0,1.477834,0.000026,49.779480,57.593307,55.820404
1,14.600000,1,2,1.477834,-2.081179,57.857277,54.537216,54.395836
3,14.600000,3,4,-1.139962,0.000000,56.559532,55.471199,54.447098
2,14.600000,3,2,-1.139962,-2.081179,53.841030,55.014881,54.864037
0,14.800000,1,0,1.477834,0.000026,55.284878,56.648636,55.820404
1,14.800000,1,2,1.477834,-2.081179,55.800507,54.497829,54.395836
3,14.800000,3,4,-1.139962,0.000000,58.096241,54.471218,54.447098
2,14.800000,3,2,-1.139962,-2.081179,57.360703,55.162323,54.864037
0,15.000000,1,0,1.477834,0.000027,59.816628,56.904224,55.820404
1,15.000000,1,2,1.477834,-2.081178,56.315853,53.690361,54.395836
3,15.000000,3,4,-1.043375,0.000000,49.791996,56.084248,54.620586
2,15.000000,3,2,-1.043375,-2.081178,52.524204,55.145607,54.694420
0,15.200000,1,0,1.477834,0.000027,54.213909,57.009872,55.820404
1,15.200000,1,2,1.477834,-2.081178,53.722481,54.249264,54.395836
3,15.200000,3,4,-1.043374,0.000000,52.416233,55.542503,54.620586
2,15.200000,3,2,-1.043374,-2.081178,57.055782,55.259167,54.694420
0,15.400000,1,0,1.268840,0.000027,56.969936,55.991650,56.148842
1,15.400000,1,2,1.268840,-2.081178,55.495026,53.908878,54.008804
3,15.400000,3,4,-1.043374,0.000000,51.461567,53.508072,54.620586
2,15.400000,3,2,-1.043374,-2.081178,55.298901,55.067940,54.694420
0,15.600000,1,0,1.268841,0.000028,52.993969,55.345554,56.148842
1,15.600000,1,2,1.268841,-2.343688,53.479794,53.305054,54.492760
3,15.600000,3,4,-1.043373,0.000000,54.061707,55.215828,54.620586
2,15.600000,3,2,-1.043373,-2.343688,51.671425,54.372086,54.219566
0,15.800000,1,0,1.268841,0.000028,56.363293,55.110802,56.148842
1,15.800000,1,2,1.268841,-2.212708,55.102573,54.074181,54.253986
3,15.800000,3,4,-1.043373,0.000000,55.557739,54.835175,54.620590
2,15.800000,3,2,-1.043373,-2.212708,59.306679,54.485413,54.459091
0,16.000000,1,0,1.268842,0.000028,60.453419,55.917355,56.148842
1,16.000000,1,2,1.268842,-2.212708,54.939651,53.728672,54.253986
3,16.000000,3,4,-1.043373,0.000000,59.268166,54.585011,54.620590
2,16.000000,3,2,-1.043373,-2.212708,51.249416,54.782768,54.459091
0,16.200000,1,0,1.379716,0.000029,52.081657,55.981785,55.975838
1,16.200000,1,2,1.379716,-2.212707,54.815281,54.373234,54.456444
3,16.200000,3,4,-1.043372,0.000000,54.920059,54.706173,54.620590
2,16.200000,3,2,-1.043372,-2.212707,56.572483,54.769211,54.459091
0,16.400000,1,0,1.379716,0.000029,55.034550,55.526806,55.975838
1,16.400000,1,2,1.379716,-2.374765,55.390469,54.395344,54.745739
3,16.400000,3,4,-0.927806,0.000000,51.036514,55.033112,54.824589
2,16.400000,3,2,-0.927806,-2.374765,47.733173,54.558029,53.944977
0,16.600000,1,0,1.379717,0.000029,54.241825,55.349739,55.975838
1,16.600000,1,2,1.379717,-2.374764,53.497059,54.257278,54.745739
3,16.600000,3,4,-0.927806,0.000000,57.583359,55.670372,54.824593
2,16.600000,3,2,-0.927806,-2.374764,51.355263,53.731056,53.944977
0,16.800000,1,0,1.379717,0.000030,52.003422,56.444801,55.975838
1,16.800000,1,2,1.379717,-2.187561,53.786762,54.316448,54.410858
3,16.800000,3,4,-0.927805,0.000000,55.599258,54.261181,54.824593
2,16.800000,3,2,-0.927805,-2.187561,55.748547,53.306797,54.294304
0,17.000000,1,0,1.379717,0.000030,54.544609,56.595062,55.975838
1,17.000000,1,2,1.379717,-2.187560,54.692341,53.823982,54.410858
3,17.000000,3,4,-0.927805,0.000000,56.769135,55.658520,54.824593
2,17.000000,3,2,-0.927805,-2.187560,56.951290,53.103443,54.294304
0,17.200000,1,0,1.379718,0.000030,54.247307,57.102444,55.975838
1,17.200000,1,2,1.379718,-2.318448,56.385544,53.293255,54.646080
3,17.200000,3,4,-0.927805,0.000000,52.958454,54.582623,54.824593
2,17.200000,3,2,-0.927805,-2.318448,53.946983,53.259781,54.051247
0,17.400000,1,0,1.514781,0.000031,59.144714,56.580921,55.761299
1,17.400000,1,2,1.514781,-2.318448,59.146595,54.082024,54.883583
3,17.400000,3,4,-0.927804,0.000000,58.273163,56.632607,54.824593
2,17.400000,3,2,-0.927804,-2.318448,58.270950,52.781330,54.051247
0,17.600000,1,0,1.294599,0.000031,57.250450,56.720055,56.108902
1,17.600000,1,2,1.294599,-2.318448,48.057545,53.887989,54.493690
3,17.600000,3,4,-0.927804,0.000000,53.788994,55.915016,54.824593
2,17.600000,3,2,-0.927804,-2.318448,53.652122,53.038960,54.051247
0,17.800000,1,0,1.294600,0.000032,54.572330,57.365608,56.108902
1,17.800000,1,2,1.294600,-2.123203,53.557205,53.215702,54.135849
3,17.800000,3,4,-0.927804,0.000000,50.862118,54.530834,54.824593
2,17.800000,3,2,-0.927804,-2.123203,56.665199,53.185898,54.411842
0,18.000000,1,0,1.294600,0.000032,58.999027,57.199558,56.108902
1,18.000000,1,2,1.294600,-2.123203,55.598549,52.954941,54.135849
3,18.000000,3,4,-0.927803,0.000000,54.692795,53.633366,54.824593
2,18.000000,3,2,-0.927803,-2.123203,51.598782,53.176788,54.411842
0,18.200000,1,0,1.480713,0.000032,54.141674,56.946030,55.815819
1,18.200000,1,2,1.480713,-2.123202,56.059315,53.790314,54.477219
3,18.200000,3,4,-1.053935,0.000000,55.727928,53.979523,54.601753
2,18.200000,3,2,-1.053935,-2.123202,56.013889,53.082020,54.638588
0,18.400000,1,0,1.480713,0.000033,52.480965,56.190369,55.815819
1,18.400000,1,2,1.480713,-2.123202,52.784534,54.408535,54.477219
3,18.400000,3,4,-0.917349,0.000000,53.445263,54.188839,54.842861
2,18.400000,3,2,-0.917349,-2.123202,58.261486,53.747379,54.392838
0,18.600000,1,0,1.480713,0.000033,53.019955,56.461948,55.815819
1,18.600000,1,2,1.480713,-2.123202,55.935753,54.916912,54.477219
3,18.600000,3,4,-0.917349,0.000000,55.693237,53.316833,54.842865
2,18.600000,3,2,-0.917349,-2.123202,55.770523,53.916332,54.392838
0,18.800000,1,0,1.354710,0.000033,53.106953,56.134628,56.015106
1,18.800000,1,2,1.354710,-2.123201,53.743298,54.886707,54.247276
3,18.800000,3,4,-1.018003,0.000000,55.667862,54.000175,54.665703
2,18.800000,3,2,-1.018003,-2.123201,60.050247,53.906811,54.574478
0,19.000000,1,0,1.354710,0.000034,61.372467,56.358746,56.015106
1,19.000000,1,2,1.354710,-1.989899,51.995712,55.001793,53.998604
3,19.000000,3,4,-1.018003,0.000000,55.659855,54.933903,54.665703
2,19.000000,3,2,-1.018003,-1.989899,55.257519,54.261913,54.810448
0,19.200000,1,0,1.354711,0.000034,52.307320,56.247784,56.015106
1,19.200000,1,2,1.354711,-1.989899,58.081757,54.722256,53.998604
3,19.200000,3,4,-0.816714,0.000000,54.237415,53.546978,55.017143
2,19.200000,3,2,-0.816714,-1.989899,55.245541,54.700428,54.452126
0,19.400000,1,0,1.354711,0.000034,52.605637,56.250301,56.015106
1,19.400000,1,2,1.354711,-1.989899,52.028400,54.650959,53.998604
3,19.400000,3,4,-0.816714,0.000000,53.217339,54.491299,55.017143
2,19.400000,3,2,-0.816714,-1.989899,53.309620,54.139904,54.452126
0,19.600000,1,0,1.354711,0.000035,57.613735,55.545006,56.015106
1,19.600000,1,2,1.354711,-1.989898,52.893112,55.021057,53.998604
3,19.600000,3,4,-0.816714,0.000000,53.321850,55.518787,55.017143
2,19.600000,3,2,-0.816714,-1.989898,56.343369,54.403191,54.452126
0,19.800000,1,0,1.354712,0.000035,52.433037,55.042633,56.015106
1,19.800000,1,2,1.354712,-1.989898,53.612080,54.501385,53.998604
3,19.800000,3,4,-0.816713,0.000000,61.127224,54.590504,55.017143
2,19.800000,3,2,-0.816713,-1.989898,56.100243,54.455421,54.452126
0,20.000000,1,0,1.354712,0.000035,53.161854,55.252117,56.015106
1,20.000000,1,2,1.354712,-1.892606,56.849522,54.590996,53.813438
3,20.000000,3,4,-0.816713,0.000000,53.962402,54.492390,55.017143
2,20.000000,3,2,-0.816713,-1.892606,54.750732,54.509613,54.626793
0,20.200000,1,0,1.354712,0.000036,56.387238,55.063206,56.015106
1,20.200000,1,2,1.354712,-1.892606,54.012272,54.489761,53.813438
3,20.200000,3,4,-1.057721,0.000000,63.029327,54.759640,54.594994
2,20.200000,3,2,-1.057721,-1.892606,53.160759,54.500576,55.047752
0,20.400000,1,0,1.354713,0.000036,53.122429,54.977180,56.015106
1,20.400000,1,2,1.354713,-1.892605,56.422943,54.436947,53.813438
3,20.400000,3,4,-1.349189,0.000000,54.400864,54.059689,54.061501
2,20.400000,3,2,-1.349189,-1.892605,58.112511,55.269558,55.535957
0,20.600000,1,0,1.354713,0.000037,58.310345,55.460224,56.015106
1,20.600000,1,2,1.354713,-2.025846,50.513325,54.365665,54.066231
3,20.600000,3,4,-1.349188,0.000000,55.247646,54.183437,54.061501
2,20.600000,3,2,-1.349188,-2.025846,58.890587,56.367920,55.315498
0,20.800000,1,0,1.354713,0.000037,58.464142,56.458855,56.015106
1,20.800000,1,2,1.354713,-2.189924,52.245567,55.100849,54.369652
3,20.800000,3,4,-1.349188,0.000000,57.090176,54.626919,54.061501
2,20.800000,3,2,-1.349188,-2.189924,54.494396,56.125740,55.037720
0,21.000000,1,0,1.354714,0.000037,59.403461,56.826340,56.015106
1,21.000000,1,2,1.354714,-2.189924,56.789055,55.541824,54.369652
3,21.000000,3,4,-1.349188,0.000000,49.515594,54.036427,54.061504
2,21.000000,3,2,-1.349188,-2.189924,54.845276,55.732079,55.037720
0,21.200000,1,0,1.578187,0.000038,55.573261,56.836956,55.659111
1,21.200000,1,2,1.578187,-2.299945,59.009361,55.802017,54.961403
3,21.200000,3,4,-1.349187,0.000000,54.545818,53.022297,54.061504
2,21.200000,3,2,-1.349187,-2.299945,61.398327,55.950832,54.847397
0,21.400000,1,0,1.445021,0.000038,56.430252,55.330605,55.872650
1,21.400000,1,2,1.445021,-2.299945,57.498920,55.751385,54.728966
3,21.400000,3,4,-1.349187,0.000000,53.779011,53.675320,54.061504
2,21.400000,3,2,-1.349187,-2.299945,53.584591,55.714642,54.847397
0,21.600000,1,0,1.445021,0.000038,65.977493,55.353935,55.872650
1,21.600000,1,2,1.445021,-2.166453,56.485126,55.772350,54.490860
3,21.600000,3,4,-1.349187,0.000000,55.591175,54.112335,54.061508
2,21.600000,3,2,-1.349187,-2.166453,57.377636,55.586483,55.077892
0,21.800000,1,0,1.445022,0.000039,54.532074,55.320301,55.872650
1,21.800000,1,2,1.445022,-2.166453,53.336182,55.727940,54.490860
3,21.800000,3,4,-1.349186,0.000000,51.184998,54.664394,54.061508
2,21.800000,3,2,-1.349186,-2.166453,53.786671,55.956245,55.077892
0,22.000000,1,0,1.445022,0.000039,55.128563,55.805397,55.872650
1,22.000000,1,2,1.445022,-2.166452,56.272633,55.282078,54.490860
3,22.000000,3,4,-1.535648,0.000000,56.060581,52.702808,53.705933
2,22.000000,3,2,-1.535648,-2.166452,56.777016,56.231884,55.391876
0,22.200000,1,0,1.445022,0.000039,54.406414,56.059910,55.872650
1,22.200000,1,2,1.445022,-2.307938,58.516560,54.659103,54.743061
3,22.200000,3,4,-1.535648,0.000000,62.746456,54.387856,53.705933
2,22.200000,3,2,-1.535648,-2.307938,58.431438,56.724903,55.154465
0,22.400000,1,0,1.637578,0.000040,51.604645,56.431595,55.562508
1,22.400000,1,2,1.637578,-2.307938,46.480011,54.412479,55.077148
3,22.400000,3,4,-1.426640,0.000000,49.201694,54.035629,53.915215
2,22.400000,3,2,-1.426640,-2.307938,55.727142,56.513409,54.967941
0,22.600000,1,0,1.637579,0.000040,59.208229,56.715340,55.562508
1,22.600000,1,2,1.637579,-2.431046,51.104794,55.058510,55.285477
3,22.600000,3,4,-1.426639,0.000000,51.870861,53.895943,53.915218
2,22.600000,3,2,-1.426639,-2.431046,60.520538,55.475018,54.753365
0,22.800000,1,0,1.637579,0.000040,56.281445,56.605030,55.562508
1,22.800000,1,2,1.637579,-2.431046,57.175800,55.523067,55.285477
3,22.800000,3,4,-1.426639,0.000000,49.807991,54.296993,53.915218
2,22.800000,3,2,-1.426639,-2.431046,54.216572,55.259567,54.753365
0,23.000000,1,0,1.637579,0.000041,55.746464,56.503368,55.562508
1,23.000000,1,2,1.637579,-2.254761,56.888969,56.051430,54.985909
3,23.000000,3,4,-1.426639,0.000000,53.619446,53.346500,53.915218
2,23.000000,3,2,-1.426639,-2.254761,52.545452,54.921787,55.059330
0,23.200000,1,0,1.637580,0.000041,60.322006,56.023739,55.562508
1,23.200000,1,2,1.637580,-2.254761,54.438412,55.672466,54.985909
3,23.200000,3,4,-1.287552,0.000000,54.505238,54.516262,54.176525
2,23.200000,3,2,-1.287552,-2.254761,59.300671,54.920277,54.818649
0,23.400000,1,0,1.637580,0.000041,58.596920,56.426918,55.562508
1,23.400000,1,2,1.637580,-2.254761,53.730515,55.316795,54.985909
3,23.400000,3,4,-1.185972,0.000000,51.378853,54.555828,54.363468
2,23.400000,3,2,-1.185972,-2.254761,55.385162,55.205662,54.639439
0,23.600000,1,0,1.637580,0.000042,59.454929,55.925705,55.562508
1,23.600000,1,2,1.637580,-2.371477,55.837009,55.383705,55.185173
3,23.600000,3,4,-1.185972,0.000000,56.841274,54.411240,54.363472
2,23.600000,3,2,-1.185972,-2.371477,53.663170,53.718262,54.429802
0,23.800000,1,0,1.771603,0.000042,54.704643,55.355961,55.341290
1,23.800000,1,2,1.771603,-2.371476,54.351883,54.931999,55.409561
3,23.800000,3,4,-1.185971,0.000000,57.338081,55.865097,54.363472
2,23.800000,3,2,-1.185971,-2.371476,56.751205,54.412018,54.429802
0,24.000000,1,0,1.771603,0.000043,53.142853,55.010471,55.341290
1,24.000000,1,2,1.771603,-2.371476,58.004635,54.650040,55.409561
3,24.000000,3,4,-1.185971,0.000000,51.866978,54.033138,54.363472
2,24.000000,3,2,-1.185971,-2.371476,50.989040,55.045200,54.429802
0,24.200000,1,0,1.771604,0.000043,57.527679,54.740982,55.341290
1,24.200000,1,2,1.771604,-2.097530,55.997921,55.204910,54.945850
3,24.200000,3,4,-1.185971,0.000000,54.823154,56.197929,54.363472
2,24.200000,3,2,-1.185971,-2.097530,59.369637,55.753689,54.915588
0,24.400000,1,0,1.771604,0.000043,58.845860,55.358315,55.341290
1,24.400000,1,2,1.771604,-2.097529,49.245113,54.644318,54.945850
3,24.400000,3,4,-1.067617,0.000000,53.874786,55.269260,54.577301
2,24.400000,3,2,-1.067617,-2.097529,51.944908,55.954880,54.708374
0,24.600000,1,0,1.924317,0.000044,54.430717,55.444260,55.083603
1,24.600000,1,2,1.924317,-2.334203,53.887955,55.307514,55.599190
3,24.600000,3,4,-1.067616,0.000000,54.502754,53.721748,54.577301
2,24.600000,3,2,-1.067616,-2.334203,54.440109,54.875854,54.281754
0,24.800000,1,0,1.924317,0.000044,52.903454,55.026638,55.083603
1,24.800000,1,2,1.924317,-2.334203,56.015408,55.811897,55.599190
3,24.800000,3,4,-1.067616,0.000000,53.966507,53.624203,54.577301
2,24.800000,3,2,-1.067616,-2.334203,57.747662,54.795662,54.281754
0,25.000000,1,0,1.924317,0.000044,52.617401,55.557533,55.083603
1,25.000000,1,2,1.924317,-2.334202,55.946915,56.043140,55.599190
3,25.000000,3,4,-1.067616,0.000000,54.251301,54.962120,54.577301
2,25.000000,3,2,-1.067616,-2.334202,49.718185,53.952652,54.281754
0,25.200000,1,0,1.924318,0.000045,55.823929,54.845634,55.083603
1,25.200000,1,2,1.924318,-2.334202,55.885731,55.794022,55.599190
3,25.200000,3,4,-1.249333,0.000000,49.384167,55.054871,54.247238
2,25.200000,3,2,-1.249333,-2.334202,59.194633,54.400616,54.610794
0,25.400000,1,0,1.924318,0.000045,54.944927,54.555290,55.083603
1,25.400000,1,2,1.924318,-2.207968,58.212284,56.012283,55.391663
3,25.400000,3,4,-1.408593,0.000000,57.876450,54.165577,53.949478
2,25.400000,3,2,-1.408593,-2.207968,51.695393,54.497982,