0,0.200000,0,1,0.000000,0.000000,55.351425,NaN,59.667618
3,0.200000,4,3,0.000000,0.000000,45.430023,48.115925,47.425663
1,0.200000,1,2,0.000000,0.000000,33.511826,NaN,37.584705
2,0.200000,3,2,0.000000,0.000000,57.906342,NaN,60.928101
0,0.400000,0,1,0.000001,0.300001,62.217972,NaN,59.326466
3,0.400000,4,3,0.000000,0.300001,46.978428,48.537617,48.416065
1,0.400000,1,2,0.300001,-0.299999,38.050842,NaN,41.788986
2,0.400000,3,2,0.300001,-0.299999,60.305748,NaN,60.312927
0,0.600000,0,1,0.000001,0.600001,61.671577,58.842083,58.974247
3,0.600000,4,3,0.000000,0.569175,51.568451,49.483727,49.233807
1,0.600000,1,2,0.600001,-0.599999,40.778072,39.381927,44.812084
2,0.600000,3,2,0.569175,-0.599999,67.018867,59.171944,59.695267
0,0.800000,0,1,0.000001,0.840684,53.096249,58.353489,58.683170
3,0.800000,4,3,0.000000,0.694197,46.865547,51.479340,49.593639
1,0.800000,1,2,0.840684,-0.899999,50.373371,41.583340,46.962242
2,0.800000,3,2,0.694197,-0.899999,64.203156,59.010162,59.209988
0,1.000000,0,1,0.000002,1.085590,55.931896,59.195396,58.378754
3,1.000000,4,3,0.000000,0.876642,46.080315,50.890190,50.098236
1,1.000000,1,2,1.085590,-1.110959,48.932846,43.904339,48.493629
2,1.000000,3,2,0.876642,-1.110959,58.603271,57.713619,58.740616
0,1.200000,0,1,0.000002,1.316032,56.793076,58.233997,58.084305
3,1.200000,4,3,0.000000,1.128100,45.867699,50.261776,50.757381
1,1.200000,1,2,1.316032,-1.350811,46.194546,46.630554,49.875351
2,1.200000,3,2,1.128100,-1.350811,54.385345,57.679234,58.124413
0,1.400000,0,1,0.000002,1.316032,58.429001,58.878078,58.084305
3,1.400000,4,3,0.000000,1.268439,43.880898,51.148987,51.108566
1,1.400000,1,2,1.316032,-1.472878,47.898777,48.930294,50.206985
2,1.400000,3,2,1.268439,-1.472878,57.183617,56.733070,57.780396
0,1.600000,0,1,0.000003,1.510421,61.272392,59.085224,57.829559
3,1.600000,4,3,0.000000,1.268440,46.535599,50.783268,51.108566
1,1.600000,1,2,1.510421,-1.772877,55.655941,49.266689,51.455254
2,1.600000,3,2,1.268440,-1.772877,55.640060,55.704357,57.373253
0,1.800000,0,1,0.000003,1.510421,63.965820,58.166149,57.829559
3,1.800000,4,3,0.000000,1.268440,55.674740,50.246853,51.108566
1,1.800000,1,2,1.510421,-1.772877,53.276886,50.983929,51.455254
2,1.800000,3,2,1.268440,-1.772877,56.053822,54.695156,57.373253
0,2.000000,0,1,0.000004,1.787709,57.264156,58.638138,57.455505
3,2.000000,4,3,0.000000,1.377792,54.778343,51.983372,51.374550
1,2.000000,1,2,1.787709,-1.772877,53.483902,51.799259,52.097267
2,2.000000,3,2,1.377792,-1.772877,52.932526,55.300381,57.220963
0,2.200000,0,1,0.000004,2.050710,57.090027,57.026314,57.088409
3,2.200000,4,3,0.000000,1.623236,46.409580,52.381550,51.948841
1,2.200000,1,2,2.050710,-1.916830,47.459248,52.224403,52.975666
2,2.200000,3,2,1.623236,-1.916830,54.637901,55.273922,56.660645
0,2.400000,0,1,0.000004,2.050710,53.374428,56.345837,57.088409
3,2.400000,4,3,0.000000,1.623236,56.547615,51.685383,51.948841
1,2.400000,1,2,2.050710,-1.916830,54.760544,52.444645,52.975666
2,2.400000,3,2,1.623236,-1.916830,58.337265,54.467255,56.660645
0,2.600000,0,1,0.000005,2.050711,54.588657,56.342503,57.088409
3,2.600000,4,3,0.000000,1.623237,50.890579,53.363747,51.948845
1,2.600000,1,2,2.050711,-1.916829,50.832508,52.728733,52.975666
2,2.600000,3,2,1.623237,-1.916829,60.378056,54.538433,56.660645
0,2.800000,0,1,0.000005,2.170796,59.875626,56.567028,56.916573
3,2.800000,4,3,0.000000,1.623237,49.744019,52.207985,51.948845
1,2.800000,1,2,2.170796,-2.106209,52.237148,52.178787,53.599083
2,2.800000,3,2,1.623237,-2.106209,53.035313,54.448700,56.377319
0,3.000000,0,1,0.000005,2.170796,58.271152,56.442921,56.916573
3,3.000000,4,3,0.000000,1.766132,52.173233,52.048428,52.269714
1,3.000000,1,2,2.170796,-2.106208,49.927586,52.623734,53.599083
2,3.000000,3,2,1.766132,-2.106208,55.308716,53.847221,56.158531
0,3.200000,0,1,0.000006,2.170796,57.370628,56.653851,56.916573
3,3.200000,4,3,0.000000,1.766132,53.749477,51.525471,52.269714
1,3.200000,1,2,2.170796,-2.343056,50.988529,52.464859,54.053150
2,3.200000,3,2,1.766132,-2.343056,55.694248,52.634560,55.785896
0,3.400000,0,1,0.000006,2.170797,55.200218,56.507393,56.916573
3,3.400000,4,3,0.000000,1.766133,55.848782,52.112511,52.269714
1,3.400000,1,2,2.170797,-2.343056,55.899757,53.153778,54.053150
2,3.400000,3,2,1.766133,-2.343056,55.768356,53.178288,55.785896
0,3.600000,0,1,0.000006,2.170797,59.853680,56.161018,56.916573
3,3.600000,4,3,0.000000,1.766133,50.662834,52.107506,52.269718
1,3.600000,1,2,2.170797,-2.343055,51.316555,53.274982,54.053150
2,3.600000,3,2,1.766133,-2.343055,56.650803,53.759609,55.785896
0,3.800000,0,1,0.000007,2.170797,55.799789,55.528572,56.916573
3,3.800000,4,3,0.000000,1.766134,52.506466,51.969982,52.269718
1,3.800000,1,2,2.170797,-2.343055,52.577686,53.196053,54.053150
2,3.800000,3,2,1.766134,-2.343055,55.050541,54.022854,55.785896
0,4.000000,0,1,0.000007,2.170798,61.593811,55.054832,56.916573
3,4.000000,4,3,0.000000,1.766134,54.077396,53.047279,52.269718
1,4.000000,1,2,2.170798,-2.343055,46.602139,53.481651,54.053150
2,4.000000,3,2,1.766134,-2.343055,52.562145,53.983906,55.785896
0,4.200000,0,1,0.000007,2.298279,56.846466,55.308399,56.731133
3,4.200000,4,3,0.000000,1.766134,55.008865,52.379517,52.269722
1,4.200000,1,2,2.298279,-2.494198,57.906017,53.605000,54.564079
2,4.200000,3,2,1.766134,-2.494198,54.259983,53.613037,55.541237
0,4.400000,0,1,0.000008,2.427229,55.756908,54.989307,56.540272
3,4.400000,4,3,0.000000,1.766135,58.830280,51.650539,52.269722
1,4.400000,1,2,2.427229,-2.494197,52.039539,54.178467,54.792637
2,4.400000,3,2,1.766135,-2.494197,50.014900,53.979347,55.541237
0,4.600000,0,1,0.000008,2.427229,55.431408,54.532612,56.540272
3,4.600000,4,3,0.000000,1.766135,51.979164,51.199104,52.269722
1,4.600000,1,2,2.427229,-2.494197,50.459801,54.579563,54.792637
2,4.600000,3,2,1.766135,-2.494197,53.360756,54.105667,55.541237
0,4.800000,0,1,0.000008,2.427230,60.781578,54.995041,56.540272
3,4.800000,4,3,0.000000,1.947087,55.291534,52.703537,52.662903
1,4.800000,1,2,2.427230,-2.494197,58.778305,54.756073,54.792637
2,4.800000,3,2,1.947087,-2.494197,50.120770,54.380512,55.240887
0,5.000000,0,1,0.000009,2.561087,56.782108,54.787758,56.338539
3,5.000000,4,3,0.000000,2.077891,52.612003,51.413582,52.938503
1,5.000000,1,2,2.561087,-2.390761,51.258728,55.157486,54.845863
2,5.000000,3,2,2.077891,-2.390761,57.859032,54.602562,55.194725
0,5.200000,0,1,0.000009,2.561087,55.590111,54.686981,56.338539
3,5.200000,4,3,0.000000,2.245836,58.109409,53.521202,53.282406
1,5.200000,1,2,2.561087,-2.390761,56.459827,55.690022,54.845863
2,5.200000,3,2,2.245836,-2.390761,57.105240,54.521263,54.907093
0,5.400000,0,1,0.000010,2.561087,52.983322,55.239555,56.338539
3,5.400000,4,3,0.000000,2.245836,53.804058,52.634212,53.282410
1,5.400000,1,2,2.561087,-2.550927,47.178291,55.497734,55.121880
2,5.400000,3,2,2.245836,-2.550927,50.749603,54.258980,54.625492
0,5.600000,0,1,0.000010,2.561088,55.467819,55.703033,56.338539
3,5.600000,4,3,0.000000,2.245836,49.391483,54.050652,53.282410
1,5.600000,1,2,2.561088,-2.550927,50.767792,55.271805,55.121880
2,5.600000,3,2,2.245836,-2.550927,55.798321,53.944324,54.625492
0,5.800000,0,1,0.000010,2.450685,57.032394,55.944977,56.505196
3,5.800000,4,3,0.000000,2.245836,49.771679,52.715477,53.282410
1,5.800000,1,2,2.450685,-2.550927,54.884552,55.349190,54.932373
2,5.800000,3,2,2.245836,-2.550927,50.582478,53.980701,54.625492
0,6.000000,0,1,0.000011,2.623127,60.070934,56.663334,56.243752
3,6.000000,4,3,0.000000,2.245837,50.867668,54.087139,53.282410
1,6.000000,1,2,2.623127,-2.550926,54.181305,54.758743,55.226933
2,6.000000,3,2,2.245837,-2.550926,55.848526,53.791412,54.625492
0,6.200000,0,1,0.000011,2.623128,53.805473,55.972298,56.243752
3,6.200000,4,3,0.000000,2.394798,49.732407,52.477688,53.578583
1,6.200000,1,2,2.623128,-2.550926,56.475739,54.423859,55.226933
2,6.200000,3,2,2.394798,-2.550926,53.932587,53.678047,54.356873
0,6.400000,0,1,0.000011,2.623128,57.662899,55.727848,56.243752
3,6.400000,4,3,0.000000,2.394799,52.805828,53.544033,53.578583
1,6.400000,1,2,2.623128,-2.673326,53.471130,54.113163,55.431267
2,6.400000,3,2,2.394799,-2.673326,53.652809,54.318790,54.131065
0,6.600000,0,1,0.000012,2.470730,60.146484,56.043697,56.475128
3,6.600000,4,3,0.000000,2.394799,50.774761,52.866684,53.578583
1,6.600000,1,2,2.470730,-2.512141,55.072056,54.542641,54.899879
2,6.600000,3,2,2.394799,-2.512141,56.597546,54.578789,54.427456
0,6.800000,0,1,0.000012,2.470730,61.030361,56.299473,56.475128
3,6.800000,4,3,0.000000,2.394799,49.072136,53.082275,53.578583
1,6.800000,1,2,2.470730,-2.512140,59.451515,54.246838,54.899879
2,6.800000,3,2,2.394799,-2.512140,56.908794,54.714882,54.427456
0,7.000000,0,1,0.000012,2.470731,58.643871,56.258507,56.475128
3,7.000000,4,3,0.000000,2.394799,54.206982,54.352299,53.578583
1,7.000000,1,2,2.470731,-2.512140,54.589039,53.743107,54.899879
2,7.000000,3,2,2.394799,-2.512140,51.900738,54.235992,54.427456
0,7.200000,0,1,0.000013,2.470731,56.806171,55.737343,56.475128
3,7.200000,4,3,0.000000,2.394800,48.699047,52.033382,53.578587
1,7.200000,1,2,2.470731,-2.512139,51.676628,53.777054,54.899879
2,7.200000,3,2,2.394800,-2.512139,57.856960,54.527893,54.427456
0,7.400000,0,1,0.000013,2.666806,59.269592,55.637085,56.176521
3,7.400000,4,3,0.000000,2.394800,56.137745,53.757103,53.578587
1,7.400000,1,2,2.666806,-2.512139,53.619793,53.527481,55.235168
2,7.400000,3,2,2.394800,-2.512139,55.236954,53.821350,54.427456
0,7.600000,0,1,0.000013,2.666806,56.751465,54.906281,56.176521
3,7.600000,4,3,0.000000,2.394800,55.866230,53.574368,53.578587
1,7.600000,1,2,2.666806,-2.403549,56.578247,53.538139,55.050758
2,7.600000,3,2,2.394800,-2.403549,51.312496,53.809231,54.622665
0,7.800000,0,1,0.000014,2.666806,51.719353,54.346394,56.176521
3,7.800000,4,3,0.000000,2.394801,53.528751,54.795013,53.578590
1,7.800000,1,2,2.666806,-2.403548,61.688717,53.439041,55.050758
2,7.800000,3,2,2.394801,-2.403548,51.315842,54.442780,54.622665
0,8.000000,0,1,0.000014,2.666807,58.620228,54.144382,56.176521
3,8.000000,4,3,0.000000,2.394801,56.555038,53.962067,53.578590
1,8.000000,1,2,2.666807,-2.403548,49.698925,53.664581,55.050758
2,8.000000,3,2,2.394801,-2.403548,55.256268,54.110039,54.622665
0,8.200000,0,1,0.000015,2.666807,57.154686,54.478497,56.176521
3,8.200000,4,3,0.000000,2.518101,51.953484,53.891624,53.817772
1,8.200000,1,2,2.666807,-2.403548,54.683651,53.837055,55.050758
2,8.200000,3,2,2.518101,-2.403548,53.033260,53.680050,54.400742
0,8.400000,0,1,0.000015,2.788929,55.360241,54.574448,55.986305
3,8.400000,4,3,0.000000,2.518101,50.370415,55.680321,53.817772
1,8.400000,1,2,2.788929,-2.403547,56.354389,54.251606,55.257935
2,8.400000,3,2,2.518101,-2.403547,57.704994,53.445911,54.400742
0,8.600000,0,1,0.000015,2.788929,56.277794,55.007519,55.986305
3,8.600000,4,3,0.000000,2.518101,53.698215,55.730289,53.817772
1,8.600000,1,2,2.788929,-2.403547,55.181366,55.271938,55.257935
2,8.600000,3,2,2.518101,-2.403547,50.324707,53.567474,54.400742
0,8.800000,0,1,0.000016,2.788929,52.586605,54.895916,55.986305
3,8.800000,4,3,0.000000,2.518102,52.216835,54.640816,53.817776
1,8.800000,1,2,2.788929,-2.198141,53.663174,55.218468,54.907166
2,8.800000,3,2,2.518102,-2.198141,52.377850,53.489510,54.767975
0,9.000000,0,1,0.000016,2.788930,54.384350,54.451767,55.986305
3,9.000000,4,3,0.000000,2.697040,52.891788,52.829288,54.155777
1,9.000000,1,2,2.788930,-2.198140,56.058006,54.648205,54.907166
2,9.000000,3,2,2.697040,-2.198140,54.046589,53.686703,54.448765
0,9.200000,0,1,0.000016,2.788930,55.433235,54.470985,55.986305
3,9.200000,4,3,0.000000,2.697040,53.688248,53.585423,54.155777
1,9.200000,1,2,2.788930,-2.198140,57.407032,54.974968,54.907166
2,9.200000,3,2,2.697040,-2.198140,51.191509,52.974464,54.448765
0,9.400000,0,1,0.000017,2.788931,53.548752,54.528706,55.986305
3,9.400000,4,3,0.000000,2.697040,52.978542,54.482952,54.155777
1,9.400000,1,2,2.788931,-2.198139,58.726261,54.938618,54.907166
2,9.400000,3,2,2.697040,-2.198139,55.096760,53.260536,54.448765
0,9.600000,0,1,0.000017,3.042111,51.472206,54.225697,55.580997
3,9.600000,4,3,0.000000,2.697041,53.240139,55.098614,54.155781
1,9.600000,1,2,3.042111,-2.092387,55.142536,55.709328,55.160069
2,9.600000,3,2,2.697041,-2.092387,53.513298,53.359734,54.638550
0,9.800000,0,1,0.000017,3.042112,56.265831,54.018215,55.580997
3,9.800000,4,3,0.000000,2.559489,57.928387,53.188080,53.896896
1,9.800000,1,2,3.042112,-1.967690,55.499504,55.816338,54.946548
2,9.800000,3,2,2.559489,-1.967690,55.454704,54.188656,55.095352
0,10.000000,0,1,0.000018,3.042112,55.052380,54.450470,55.580997
3,10.000000,4,3,0.000000,2.559490,56.917915,54.896839,53.896896
1,10.000000,1,2,3.042112,-1.854496,55.801487,55.713932,54.749020
2,10.000000,3,2,2.559490,-1.854496,56.796085,55.829041,55.286732
0,10.200000,0,1,0.000018,3.042112,52.274933,54.685558,55.580997
3,10.200000,4,3,0.000000,2.559490,62.130585,54.929825,53.896896
1,10.200000,1,2,3.042112,-1.723821,58.929531,56.005371,54.516426
2,10.200000,3,2,2.559490,-1.723821,54.563503,55.858948,55.503555
0,10.400000,0,1,0.000018,3.042113,56.886353,55.021938,55.580997
3,10.400000,4,3,0.000000,2.711506,53.718426,53.284668,54.182652
1,10.400000,1,2,3.042113,-1.874144,58.899666,56.617260,54.783569
2,10.400000,3,2,2.711506,-1.874144,53.523354,56.016228,54.995155
0,10.600000,0,1,0.000019,3.042113,53.894466,54.694382,55.580997
3,10.600000,4,3,0.000000,2.711507,55.876255,53.499817,54.182652
1,10.600000,1,2,3.042113,-1.874144,52.974739,56.974472,54.783569
2,10.600000,3,2,2.711507,-1.874144,55.487427,54.366459,54.995155
0,10.800000,0,1,0.000019,3.159660,52.448460,54.921211,55.387550
3,10.800000,4,3,0.000000,2.711507,52.796673,54.041222,54.182655
1,10.800000,1,2,3.159660,-2.080292,53.410934,56.972736,55.337418
2,10.800000,3,2,2.711507,-2.080292,55.034798,54.526798,54.634331
0,11.000000,0,1,0.000019,3.159660,57.413441,54.611465,55.387550
3,11.000000,4,3,0.000000,2.556587,57.043873,53.865738,53.891365
1,11.000000,1,2,3.159660,-2.080292,51.754787,56.943512,55.337418
2,11.000000,3,2,2.556587,-2.080292,53.441521,54.854584,54.906601
0,11.200000,0,1,0.000020,3.159660,55.564194,54.826004,55.387550
3,11.200000,4,3,0.000000,2.672560,54.541241,54.438084,54.110153
1,11.200000,1,2,3.159660,-1.842014,56.035866,56.744858,54.932487
2,11.200000,3,2,2.672560,-1.842014,59.247433,55.325237,55.116829
0,11.400000,0,1,0.000020,3.159661,50.523251,55.059772,55.387550
3,11.400000,4,3,0.000000,2.672560,50.487976,53.344189,54.110153
1,11.400000,1,2,3.159661,-2.065942,56.948219,55.841080,55.313454
2,11.400000,3,2,2.672560,-2.065942,52.426979,54.694691,54.728771
0,11.600000,0,1,0.000021,2.995113,59.433865,54.970715,55.657394
3,11.600000,4,3,0.000000,2.672560,50.666080,53.229034,54.110153
1,11.600000,1,2,2.995113,-2.065942,58.586899,56.154560,55.034821
2,11.600000,3,2,2.672560,-2.065942,48.699345,54.049683,54.728771
0,11.800000,0,1,0.000021,2.995113,53.268326,55.538895,55.657394
3,11.800000,4,3,0.000000,2.672561,55.932415,54.353519,54.110153
1,11.800000,1,2,2.995113,-2.065941,59.375019,55.648037,55.034821
2,11.800000,3,2,2.672561,-2.065941,54.433552,54.526928,54.728771
0,12.000000,0,1,0.000021,2.995114,59.900539,54.625088,55.657394
3,12.000000,4,3,0.000000,2.672561,53.042374,54.118553,54.110157
1,12.000000,1,2,2.995114,-2.187629,57.328629,56.036869,55.241566
2,12.000000,3,2,2.672561,-2.187629,54.971657,55.172550,54.511925
0,12.200000,0,1,0.000022,2.995114,49.216339,54.596127,55.657394
3,12.200000,4,3,0.000000,2.672561,52.488201,53.774193,54.110157
1,12.200000,1,2,2.995114,-2.187629,53.263306,56.977654,55.241566
2,12.200000,3,2,2.672561,-2.187629,57.790928,55.046421,54.511925
0,12.400000,0,1,0.000022,2.995114,54.208466,54.661594,55.657394
3,12.400000,4,3,0.000000,2.672562,61.208443,54.112309,54.110157
1,12.400000,1,2,2.995114,-2.187629,59.358063,56.528412,55.241566
2,12.400000,3,2,2.672562,-2.187629,52.071892,54.742626,54.511925
0,12.600000,0,1,0.000022,2.995115,57.697433,54.466599,55.657394
3,12.600000,4,3,0.000000,2.672562,50.792774,54.680740,54.110161
1,12.600000,1,2,2.995115,-2.187628,60.088867,56.972553,55.241566
2,12.600000,3,2,2.672562,-2.187628,53.578243,54.953880,54.511925
0,12.800000,0,1,0.000023,2.995115,55.352894,53.834713,55.657394
3,12.800000,4,3,0.000000,2.672562,55.182640,55.644798,54.110161
1,12.800000,1,2,2.995115,-2.307427,53.707855,56.604641,55.441330
2,12.800000,3,2,2.672562,-2.307427,53.268784,54.110847,54.294128
0,13.000000,0,1,0.000023,2.995115,55.301147,53.561325,55.657394
3,13.000000,4,3,0.000000,2.672563,55.008980,55.364841,54.110161
1,13.000000,1,2,2.995115,-2.432762,57.928699,56.721771,55.646461
2,13.000000,3,2,2.672563,-2.432762,53.329269,53.396690,54.061493
0,13.200000,0,1,0.000023,2.995116,55.870678,53.884457,55.657394
3,13.200000,4,3,0.000000,2.672563,55.507168,53.937641,54.110161
1,13.200000,1,2,2.995116,-2.432761,56.430897,57.461525,55.646461
2,13.200000,3,2,2.672563,-2.432761,49.281345,53.568882,54.061493
0,13.400000,0,1,0.000024,2.995116,56.036228,53.551895,55.657394
3,13.400000,4,3,0.000000,2.672564,53.805454,53.891800,54.110161
1,13.400000,1,2,2.995116,-2.432761,50.871391,56.845135,55.646461
2,13.400000,3,2,2.672564,-2.432761,57.009811,53.445240,54.061493
0,13.600000,0,1,0.000024,2.995116,56.818127,53.871346,55.657394
3,13.600000,4,3,0.000000,2.672564,54.488701,53.634407,54.110161
1,13.600000,1,2,2.995116,-2.432761,53.868919,56.670761,55.646461
2,13.600000,3,2,2.672564,-2.432761,48.926872,52.775249,54.061493
0,13.800000,0,1,0.000024,2.995117,55.083359,54.231289,55.657394
3,13.800000,4,3,0.000000,2.785856,54.954346,55.083920,54.319717
1,13.800000,1,2,2.995117,-2.316593,52.537304,55.866337,55.456467
2,13.800000,3,2,2.785856,-2.316593,54.180523,52.998302,54.066887
0,14.000000,0,1,0.000025,2.995117,51.631786,54.284271,55.657394
3,14.000000,4,3,0.000000,2.785856,56.075439,54.840977,54.319717
1,14.000000,1,2,2.995117,-2.316593,62.790062,55.896236,55.456467
2,14.000000,3,2,2.785856,-2.316593,49.172363,53.406109,54.066887
0,14.200000,0,1,0.000025,2.995117,53.301426,53.699799,55.657394
3,14.200000,4,3,0.000000,2.670046,52.526714,53.704487,54.105457
1,14.200000,1,2,2.995117,-2.316593,55.368233,55.968739,55.456467
2,14.200000,3,2,2.670046,-2.316593,56.690758,53.868835,54.281914
0,14.400000,0,1,0.000026,2.995118,57.160870,54.851944,55.657394
3,14.400000,4,3,0.000000,2.670046,51.421253,55.751118,54.105457
1,14.400000,1,2,2.995118,-2.316592,57.942196,56.143414,55.456467
2,14.400000,3,2,2.670046,-2.316592,51.407280,54.139217,54.281914
0,14.600000,0,1,0.000026,2.995118,55.932892,54.667469,55.657394
3,14.600000,4,3,0.000000,2.793962,54.667007,55.195202,54.334557
1,14.600000,1,2,2.995118,-2.316592,52.999081,56.101704,55.456467
2,14.600000,3,2,2.793962,-2.316592,58.860947,54.144726,54.051682
0,14.800000,0,1,0.000026,3.093738,59.587555,54.794704,55.496475
3,14.800000,4,3,0.000000,2.793962,51.502033,54.368328,54.334557
1,14.800000,1,2,3.093738,-2.316592,55.354340,56.374702,55.617973
2,14.800000,3,2,2.793962,-2.316592,55.444649,53.382278,54.051682
0,15.000000,0,1,0.000027,3.093739,55.015839,53.902103,55.496475
3,15.000000,4,3,0.000000,2.793962,55.422955,54.472450,54.334560
1,15.000000,1,2,3.093739,-2.316591,55.077625,56.769878,55.617973
2,15.000000,3,2,2.793962,-2.316591,51.477825,52.570644,54.051682
0,15.200000,0,1,0.000027,3.093739,55.744583,54.193504,55.496475
3,15.200000,4,3,0.000000,2.899279,54.066853,55.383026,54.525543
1,15.200000,1,2,3.093739,-2.316591,55.791710,56.754402,55.617973
2,15.200000,3,2,2.899279,-2.316591,50.875328,52.981705,53.852089
0,15.400000,0,1,0.000027,2.972228,52.961842,54.786247,55.694408
3,15.400000,4,3,0.000000,2.788748,50.920738,55.505260,54.325016
1,15.400000,1,2,2.972228,-2.204279,62.093346,56.038273,55.231064
2,15.400000,3,2,2.788748,-2.204279,53.426540,53.415165,54.270164
0,15.600000,0,1,0.000028,2.972228,58.291561,54.624340,55.694408
3,15.600000,4,3,0.000000,2.670700,53.502686,54.265041,54.106682
1,15.600000,1,2,2.972228,-2.204279,54.256691,55.675613,55.231064
2,15.600000,3,2,2.670700,-2.204279,51.579193,54.463482,54.485275
0,15.800000,0,1,0.000028,2.972228,54.434052,54.320988,55.694408
3,15.800000,4,3,0.000000,2.670700,55.748745,53.847336,54.106682
1,15.800000,1,2,2.972228,-2.204278,49.158493,55.815582,55.231064
2,15.800000,3,2,2.670700,-2.204278,63.396988,54.178688,54.485275
0,16.000000,0,1,0.000028,2.972229,54.444580,54.300682,55.694408
3,16.000000,4,3,0.000000,2.670701,52.964333,54.239132,54.106682
1,16.000000,1,2,2.972229,-2.204278,53.785000,55.912148,55.231064
2,16.000000,3,2,2.670701,-2.204278,52.965389,54.876858,54.485275
0,16.200000,0,1,0.000029,2.863104,59.448364,53.773544,55.869141
3,16.200000,4,3,0.000000,2.670701,53.499279,55.306381,54.106682
1,16.200000,1,2,2.863104,-2.204278,54.327076,55.249676,55.045666
2,16.200000,3,2,2.670701,-2.204278,47.965553,54.915070,54.485275
0,16.400000,0,1,0.000029,3.098435,56.087185,54.500763,55.488754
3,16.400000,4,3,0.000000,2.670701,52.686531,53.168098,54.106682
1,16.400000,1,2,3.098435,-2.204277,49.279396,55.607189,55.441612
2,16.400000,3,2,2.670701,-2.204277,57.037544,54.739632,54.485275
0,16.600000,0,1,0.000029,2.950487,58.433140,53.934574,55.729446
3,16.600000,4,3,0.000000,2.670702,52.378963,56.081215,54.106682
1,16.600000,1,2,2.950487,-2.204277,58.353069,55.366875,55.194378
2,16.600000,3,2,2.670702,-2.204277,58.701546,53.800930,54.485275
0,16.800000,0,1,0.000030,2.950488,51.939075,54.084778,55.729446
3,16.800000,4,3,0.000000,2.670702,55.475483,54.447067,54.106682
1,16.800000,1,2,2.950488,-2.204277,59.580898,55.362484,55.194378
2,16.800000,3,2,2.670702,-2.204277,60.918194,53.927532,54.485275
0,17.000000,0,1,0.000030,2.950488,53.091080,54.035507,55.729446
3,17.000000,4,3,0.000000,2.799230,54.231030,54.277191,54.344193
1,17.000000,1,2,2.950488,-2.100704,51.659550,55.585083,55.017887
2,17.000000,3,2,2.799230,-2.100704,54.169453,54.425583,54.440155
0,17.200000,0,1,0.000030,3.125896,55.481441,54.257175,55.443489
3,17.200000,4,3,0.000000,2.799230,62.025948,55.210056,54.344193
1,17.200000,1,2,3.125896,-1.972985,51.644569,55.020042,55.099510
2,17.200000,3,2,2.799230,-1.972985,55.476376,54.557781,54.669128
0,17.400000,0,1,0.000031,3.287941,53.055260,53.684196,55.172451
3,17.400000,4,3,0.000000,2.799230,51.966736,53.205593,54.344193
1,17.400000,1,2,3.287941,-1.972985,58.288391,54.973293,55.372349
2,17.400000,3,2,2.799230,-1.972985,56.430984,55.498173,54.669128
0,17.600000,0,1,0.000031,3.171413,53.428638,54.357506,55.368042
3,17.600000,4,3,0.000000,2.799231,59.598900,53.735752,54.344193
1,17.600000,1,2,3.171413,-2.096407,54.903385,55.277668,55.383808
2,17.600000,3,2,2.799231,-2.096407,51.737385,55.871658,54.447937
0,17.800000,0,1,0.000032,3.171414,55.272240,54.715858,55.368042
3,17.800000,4,3,0.000000,2.799231,54.905437,54.703560,54.344193
1,17.800000,1,2,3.171414,-2.096407,53.850201,54.801262,55.383808
2,17.800000,3,2,2.799231,-2.096407,51.603191,55.401871,54.447937
0,18.000000,0,1,0.000032,3.171414,51.915035,55.197231,55.368042
3,18.000000,4,3,0.000000,2.799231,53.750801,54.365482,54.344193
1,18.000000,1,2,3.171414,-2.096406,53.802143,55.441940,55.383808
2,18.000000,3,2,2.799231,-2.096406,57.186951,55.239586,54.447937
0,18.200000,0,1,0.000032,3.171414,53.352661,55.325748,55.368042
3,18.200000,4,3,0.000000,2.799232,57.759735,53.351761,54.344196
1,18.200000,1,2,3.171414,-2.096406,51.115700,54.976944,55.383808
2,18.200000,3,2,2.799232,-2.096406,52.850483,55.321068,54.447937
0,18.400000,0,1,0.000033,3.049061,52.958893,55.545998,55.569679
3,18.400000,4,3,0.000000,2.799232,60.685253,54.352871,54.344196
1,18.400000,1,2,3.049061,-2.096406,59.807457,55.218437,55.178650
2,18.400000,3,2,2.799232,-2.096406,54.078297,54.916828,54.447937
0,18.600000,0,1,0.000033,3.049061,57.530712,56.630970,55.569679
3,18.600000,4,3,0.000000,2.680042,54.579670,54.236244,54.124123
1,18.600000,1,2,3.049061,-2.096405,54.144978,55.099186,55.178650
2,18.600000,3,2,2.680042,-2.096405,51.460445,54.470524,54.661617
0,18.800000,0,1,0.000033,3.049062,53.143421,56.152241,55.569679
3,18.800000,4,3,0.000000,2.680043,58.813171,53.996605,54.124123
1,18.800000,1,2,3.049062,-2.264243,52.440804,54.815311,55.459099
2,18.800000,3,2,2.680043,-2.264243,55.868450,55.246975,54.359497
0,19.000000,0,1,0.000034,2.805068,59.440689,56.242146,55.960945
3,19.000000,4,3,0.000000,2.551636,54.931095,54.257748,53.881927
1,19.000000,1,2,2.805068,-2.264243,54.329597,55.284473,55.048973
2,19.000000,3,2,2.551636,-2.264243,55.425098,54.711250,54.591389
0,19.200000,0,1,0.000034,2.805068,52.649597,56.512024,55.960945
3,19.200000,4,3,0.000000,2.551637,54.021519,53.160667,53.881927
1,19.200000,1,2,2.805068,-2.411888,52.857334,54.672012,55.298988
2,19.200000,3,2,2.551637,-2.411888,58.995270,54.016647,54.324326
0,19.400000,0,1,0.000034,2.805068,59.102924,56.030579,55.960945
3,19.400000,4,3,0.000000,2.551637,52.809288,53.368870,53.881927
1,19.400000,1,2,2.805068,-2.411888,55.134048,55.027115,55.298988
2,19.400000,3,2,2.551637,-2.411888,58.212669,53.478432,54.324326
0,19.600000,0,1,0.000035,2.805068,55.943607,55.785362,55.960945
3,19.600000,4,3,0.000000,2.551638,51.288647,54.348732,53.881927
1,19.600000,1,2,2.805068,-2.411887,53.231922,54.581997,55.298988
2,19.600000,3,2,2.551638,-2.411887,49.742920,53.566204,54.324326
0,19.800000,0,1,0.000035,2.805069,60.370327,55.349060,55.960945
3,19.800000,4,3,0.000000,2.551638,50.481304,54.502399,53.881927
1,19.800000,1,2,2.805069,-2.312763,52.607418,54.683823,55.131775
2,19.800000,3,2,2.551638,-2.312763,56.573402,53.243195,54.504345
0,20.000000,0,1,0.000035,2.962440,55.301765,56.055893,55.710209
3,20.000000,4,3,0.000000,2.551638,51.496532,52.715927,53.881927
1,20.000000,1,2,2.962440,-2.312762,53.570660,54.925285,55.396065
2,20.000000,3,2,2.551638,-2.312762,53.067009,53.508038,54.504345
0,20.200000,0,1,0.000036,2.962440,55.399643,55.017048,55.710209
3,20.200000,4,3,0.000000,2.551639,49.090729,54.127834,53.881931
1,20.200000,1,2,2.962440,-2.312762,58.159538,54.842983,55.396065
2,20.200000,3,2,2.551639,-2.312762,55.003727,53.816895,54.504345
0,20.400000,0,1,0.000036,2.962441,58.901588,55.712845,55.710209
3,20.400000,4,3,0.000000,2.551639,54.166931,54.579472,53.881931
1,20.400000,1,2,2.962441,-2.312762,54.060806,54.574215,55.396065
2,20.400000,3,2,2.551639,-2.312762,57.891476,53.936447,54.504345
0,20.600000,0,1,0.000037,2.962441,59.707977,55.289677,55.710209
3,20.600000,4,3,0.000000,2.551639,59.026661,54.577862,53.881931
1,20.600000,1,2,2.962441,-2.101572,55.355762,55.166847,55.039894
2,20.600000,3,2,2.551639,-2.101572,57.799377,53.649151,54.878220
0,20.800000,0,1,0.000037,2.962441,56.900398,55.361809,55.710209
3,20.800000,4,3,0.000000,2.551640,54.360069,53.464520,53.881935
1,20.800000,1,2,2.962441,-2.101572,52.944427,54.376678,55.039894
2,20.800000,3,2,2.551640,-2.101572,60.846794,53.829586,54.878220
0,21.000000,0,1,0.000037,3.138115,54.470737,55.126873,55.423294
3,21.000000,4,3,0.000000,2.551640,50.130978,53.650341,53.881935
1,21.000000,1,2,3.138115,-2.101572,57.296608,54.543152,55.336975
2,21.000000,3,2,2.551640,-2.101572,51.803226,54.778992,54.878220
0,21.200000,0,1,0.000038,3.138116,61.309265,55.333733,55.423294
3,21.200000,4,3,0.000000,2.551640,52.826878,53.862598,53.881935
1,21.200000,1,2,3.138116,-2.101571,59.815323,55.103745,55.336975
2,21.200000,3,2,2.551640,-2.101571,51.867535,54.194164,54.878220
0,21.400000,0,1,0.000038,3.138116,53.418072,54.586891,55.423294
3,21.400000,4,3,0.000000,2.551641,51.056602,53.760586,53.881935
1,21.400000,1,2,3.138116,-2.101571,51.239693,54.799591,55.336975
2,21.400000,3,2,2.551641,-2.101571,58.795292,54.359421,54.878220
0,21.600000,0,1,0.000038,3.138116,51.901440,54.490643,55.423294
3,21.600000,4,3,0.000000,2.428588,57.758850,55.013309,53.644653
1,21.600000,1,2,3.138116,-2.101571,58.560196,54.549026,55.336975
2,21.600000,3,2,2.428588,-2.101571,58.153820,53.770130,55.090267
0,21.800000,0,1,0.000039,3.138117,54.940704,55.066044,55.423294
3,21.800000,4,3,0.000000,2.428588,53.098663,53.420750,53.644657
1,21.800000,1,2,3.138117,-2.101570,57.417809,53.928711,55.336975
2,21.800000,3,2,2.428588,-2.101570,56.343845,53.598251,55.090267
0,22.000000,0,1,0.000039,3.311690,57.536118,54.934406,55.132168
3,22.000000,4,3,0.000000,2.428589,51.493607,54.030399,53.644657
1,22.000000,1,2,3.311690,-2.101570,57.767513,54.379032,55.622734
2,22.000000,3,2,2.428589,-2.101570,53.885654,54.056599,55.090267
0,22.200000,0,1,0.000039,3.195136,54.480942,54.412872,55.328522
3,22.200000,4,3,0.000000,2.542335,51.442425,54.063843,53.864170
1,22.200000,1,2,3.195136,-2.101569,55.322983,55.457958,55.431679
2,22.200000,3,2,2.542335,-2.101569,47.984283,54.484653,54.894402
0,22.400000,0,1,0.000040,3.195137,47.081001,55.289349,55.328522
3,22.400000,4,3,0.000000,2.542335,53.534042,53.340393,53.864170
1,22.400000,1,2,3.195137,-2.101569,55.183426,55.364452,55.431679
2,22.400000,3,2,2.542335,-2.101569,56.009914,54.519310,54.894402
0,22.600000,0,1,0.000040,3.195137,52.211502,55.292435,55.328522
3,22.600000,4,3,0.000000,2.542336,55.763939,54.570770,53.864174
1,22.600000,1,2,3.195137,-2.101569,56.817673,55.575630,55.431679
2,22.600000,3,2,2.542336,-2.101569,56.380253,54.212231,54.894402
0,22.800000,0,1,0.000040,3.195138,58.582737,55.773144,55.328522
3,22.800000,4,3,0.000000,2.663547,50.369705,54.776417,54.093307
1,22.800000,1,2,3.195138,-2.101568,60.002628,56.335697,55.431679
2,22.800000,3,2,2.663547,-2.101568,63.653812,54.253326,54.681717
0,23.000000,0,1,0.000041,3.195138,52.971581,55.605450,55.328522
3,23.000000,4,3,0.000000,2.663547,44.574398,54.362972,54.093307
1,23.000000,1,2,3.195138,-2.101568,52.322578,55.956589,55.431679
2,23.000000,3,2,2.663547,-2.101568,52.354336,53.989571,54.681717
0,23.200000,0,1,0.000041,3.379738,55.040230,55.023636,55.015873
3,23.200000,4,3,0.000000,2.663547,53.756557,53.063187,54.093307
1,23.200000,1,2,3.379738,-2.101568,58.514431,56.399288,55.732742
2,23.200000,3,2,2.663547,-2.101568,55.639694,53.653057,54.681717
0,23.400000,0,1,0.000041,3.379738,58.653431,54.820564,55.015873
3,23.400000,4,3,0.000000,2.663548,58.685226,53.843693,54.093307
1,23.400000,1,2,3.379738,-2.101567,55.343121,56.598721,55.732742
2,23.400000,3,2,2.663548,-2.101567,56.337284,54.168270,54.681717
0,23.600000,0,1,0.000042,3.379739,51.771564,55.298267,55.015873
3,23.600000,4,3,0.000000,2.663548,57.249882,53.888481,54.093307
1,23.600000,1,2,3.379739,-2.260237,50.902191,56.181614,55.985004
2,23.600000,3,2,2.663548,-2.260237,50.970779,53.978024,54.396854
0,23.800000,0,1,0.000042,3.379739,56.521709,55.883312,55.015873
3,23.800000,4,3,0.000000,2.663548,54.188400,53.302109,54.093311
1,23.800000,1,2,3.379739,-2.040240,59.212440,56.504070,55.633648
2,23.800000,3,2,2.663548,-2.040240,56.210018,54.582321,54.789848
0,24.000000,0,1,0.000043,3.379739,54.838978,55.824947,55.015873
3,24.000000,4,3,0.000000,2.663549,51.922146,54.635521,54.093311
1,24.000000,1,2,3.379739,-2.040239,53.150639,56.440823,55.633648
2,24.000000,3,2,2.663549,-2.040239,56.562229,55.418503,54.789848
0,24.200000,0,1,0.000043,3.379740,56.141232,55.392681,55.015873
3,24.200000,4,3,0.000000,2.663549,56.972759,53.781513,54.093311
1,24.200000,1,2,3.379740,-1.923438,54.874435,56.108105,55.442375
2,24.200000,3,2,2.663549,-1.923438,53.895744,54.991577,54.992851
0,24.400000,0,1,0.000043,3.255860,50.436874,55.075275,55.226673
3,24.400000,4,3,0.000000,2.663549,52.343113,54.391178,54.093315
1,24.400000,1,2,3.255860,-2.065045,58.323025,55.270195,55.471626
2,24.400000,3,2,2.663549,-2.065045,54.890015,55.628124,54.746239
0,24.600000,0,1,0.000044,3.255860,60.673477,54.645565,55.226673
3,24.600000,4,3,0.000000,2.663550,54.348461,54.729549,54.093315
1,24.600000,1,2,3.255860,-2.065045,55.479908,55.496490,55.471626
2,24.600000,3,2,2.663550,-2.065045,57.306335,55.306057,54.746239
0,24.800000,0,1,0.000044,3.255860,56.002899,54.622166,55.226673
3,24.800000,4,3,0.000000,2.663550,53.871422,53.964489,54.093315
1,24.800000,1,2,3.255860,-2.065045,50.729507,55.936901,55.471626
2,24.800000,3,2,2.663550,-2.065045,56.674198,54.462399,54.746239
0,25.000000,0,1,0.000044,3.456813,57.683422,54.251495,54.882629
3,25.000000,4,3,0.000000,2.663551,53.549911,54.399799,54.093315
1,25.000000,1,2,3.456813,-2.065044,56.328823,55.906124,55.797775
2,25.000000,3,2,2.663551,-2.065044,54.911430,54.372025,54.746239
0,25.200000,0,1,0.000045,3.604229,52.545090,54.325077,54.623127
3,25.200000,4,3,0.000000,2.663551,53.306221,52.831532,54.093315
1,25.200000,1,2,3.604229,-2.065044,56.739887,56.042587,56.030949
2,25.200000,3,2,2.663551,-2.065044,54.766308,54.542393,54.746239
0,25.400000,0,1,0.000045,3.604229,56.657570,53.946159,54.623127
3,25.400000,4,3,0.000000,2.663551,55.259670,55.340496,54.093315
1,25.400000,1,2,3.604229,-2.065043,58.659866,56.257683,56.030949
2,25.400000,3,2,2.663551,-2.065043,56.544563,54.817413,54.746239
0,25.600000,0,1,0.000045,3.604229,55.865749,54.438656,54.623127
3,25.600000,4,3,0.000000,2.663552,52.769588,54.519814,54.093315
1,25.600000,1,2,3.604229,-2.065043,58.097828,56.033798,56.030949
2,25.600000,3,2,2.663552,-2.065043,54.92537