3,0.200000,4,3,0.000000,0.000000,52.865280,55.305233,55.496078
2,0.200000,3,2,0.000000,0.000000,54.679573,NaN,52.460213
0,0.200000,1,0,0.000000,0.000000,51.891376,NaN,57.012650
1,0.200000,1,2,0.000000,0.000000,48.002327,NaN,54.099693
3,0.400000,4,3,0.000000,0.000001,53.054562,54.614372,55.496078
2,0.400000,3,2,0.000001,0.183513,54.029228,NaN,52.852066
0,0.400000,1,0,0.166402,0.000001,59.325043,NaN,56.772118
1,0.400000,1,2,0.166402,0.183513,50.578869,NaN,54.067657
3,0.600000,4,3,0.000000,-0.115213,59.516693,55.806923,55.305012
2,0.600000,3,2,-0.115213,0.183514,50.871716,56.869751,53.091042
0,0.600000,1,0,0.166403,0.000001,57.208691,47.351067,56.772118
1,0.600000,1,2,0.166403,0.183514,57.514484,55.068817,54.067657
3,0.800000,4,3,0.000000,-0.115212,58.481220,54.676537,55.305016
2,0.800000,3,2,-0.115212,0.183514,48.131554,55.582787,53.091042
0,0.800000,1,0,0.166403,0.000001,61.087372,53.159580,56.772118
1,0.800000,1,2,0.166403,0.183514,56.514469,53.804562,54.067657
3,1.000000,4,3,0.000000,-0.115212,60.810551,56.108910,55.305016
2,1.000000,3,2,-0.115212,0.183515,48.952015,54.230167,53.091042
0,1.000000,1,0,0.166403,0.000002,58.395023,55.808956,56.772118
1,1.000000,1,2,0.166403,0.183515,54.520290,52.953056,54.067657
3,1.200000,4,3,0.000000,0.069722,55.252113,55.586514,55.610092
2,1.200000,3,2,0.069722,0.009617,57.873917,52.952526,52.328735
0,1.200000,1,0,0.333660,0.000002,52.174126,55.313347,56.524853
1,1.200000,1,2,0.333660,0.009617,47.723888,53.522091,54.689209
3,1.400000,4,3,0.000000,-0.111253,53.291443,56.224689,55.311638
2,1.400000,3,2,-0.111253,0.009617,54.799538,52.477501,52.719887
0,1.400000,1,0,0.333661,0.000002,51.969967,55.360485,56.524853
1,1.400000,1,2,0.333661,0.009617,56.620644,54.261272,54.689209
3,1.600000,4,3,0.000000,-0.232690,57.109928,54.623344,55.106667
2,1.600000,3,2,-0.232690,0.009618,52.186340,53.578053,52.974674
0,1.600000,1,0,0.333661,0.000003,53.320461,54.725952,56.524853
1,1.600000,1,2,0.333661,0.009618,55.573303,52.957882,54.689209
3,1.800000,4,3,0.000000,-0.232689,55.030346,54.008472,55.106667
2,1.800000,3,2,-0.232689,0.115766,50.293896,53.806557,53.192589
0,1.800000,1,0,0.333661,0.000003,49.699432,54.671314,56.524853
1,1.800000,1,2,0.333661,0.115766,51.156624,52.798058,54.499603
3,2.000000,4,3,0.000000,-0.406115,55.000107,54.293388,54.807068
2,2.000000,3,2,-0.406115,0.115766,56.320545,54.471413,53.539467
0,2.000000,1,0,0.333662,0.000004,59.690361,54.613106,56.524853
1,2.000000,1,2,0.333662,0.115766,53.048058,52.190380,54.499603
3,2.200000,4,3,0.000000,-0.406115,52.132511,55.484352,54.807072
2,2.200000,3,2,-0.406115,0.231224,54.226017,55.320358,53.764404
0,2.200000,1,0,0.229016,0.000004,54.709179,55.562191,56.680214
1,2.200000,1,2,0.229016,0.231224,53.929287,52.839615,54.095566
3,2.400000,4,3,0.000000,-0.406115,56.114994,54.254612,54.807072
2,2.400000,3,2,-0.406115,0.231224,53.928005,55.529537,53.764404
0,2.400000,1,0,0.229017,0.000004,55.918781,55.261845,56.680214
1,2.400000,1,2,0.229017,0.231224,51.262974,52.629009,54.095566
3,2.600000,4,3,0.000000,-0.541097,55.490822,55.484322,54.568031
2,2.600000,3,2,-0.541097,0.231225,53.541248,55.087688,54.021606
0,2.600000,1,0,0.229017,0.000005,56.097763,55.642761,56.680214
1,2.600000,1,2,0.229017,0.231225,51.574539,52.960766,54.095566
3,2.800000,4,3,0.000000,-0.432688,48.790787,55.314323,54.760426
2,2.800000,3,2,-0.432688,0.231225,53.965916,55.465973,53.815521
0,2.800000,1,0,0.229017,0.000005,66.086487,55.224293,56.680214
1,2.800000,1,2,0.229017,0.231225,51.497467,53.790401,54.095566
3,3.000000,4,3,0.000000,-0.432688,49.662788,54.328205,54.760426
2,3.000000,3,2,-0.432688,0.231225,55.366795,54.585907,53.815521
0,3.000000,1,0,0.366531,0.000005,55.492134,54.897469,56.475594
1,3.000000,1,2,0.366531,0.231225,53.709923,54.422821,54.349754
3,3.200000,4,3,0.000000,-0.432688,58.604897,55.431976,54.760426
2,3.200000,3,2,-0.432688,0.070811,54.572849,53.548531,53.503220
0,3.200000,1,0,0.557058,0.000006,49.248009,55.069588,56.185562
1,3.200000,1,2,0.557058,0.070811,58.529221,54.504639,54.972698
3,3.400000,4,3,0.000000,-0.432687,53.404163,54.104973,54.760429
2,3.400000,3,2,-0.432687,-0.050558,49.863293,52.768772,53.260811
0,3.400000,1,0,0.557059,0.000006,54.552940,54.638733,56.185562
1,3.400000,1,2,0.557059,-0.050558,59.005547,54.906933,55.180080
3,3.600000,4,3,0.000000,-0.432687,57.321133,54.367977,54.760429
2,3.600000,3,2,-0.432687,-0.050558,54.731884,52.849350,53.260811
0,3.600000,1,0,0.557059,0.000006,55.784061,54.001743,56.185562
1,3.600000,1,2,0.557059,-0.050558,60.987465,54.703495,55.180080
3,3.800000,4,3,0.000000,-0.545492,55.510750,53.101471,54.560158
2,3.800000,3,2,-0.545492,-0.050557,52.483345,52.802166,53.486290
0,3.800000,1,0,0.557060,0.000007,48.637054,55.025143,56.185562
1,3.800000,1,2,0.557060,-0.050557,52.030365,55.115337,55.180080
3,4.000000,4,3,0.000000,-0.545492,55.864464,54.457680,54.560158
2,4.000000,3,2,-0.545492,-0.050557,52.298080,53.413288,53.486290
0,4.000000,1,0,0.557060,0.000007,56.685596,55.469746,56.185562
1,4.000000,1,2,0.557060,-0.050557,56.149845,55.470497,55.180080
3,4.200000,4,3,0.000000,-0.545492,53.745605,54.884243,54.560158
2,4.200000,3,2,-0.545492,-0.050557,52.750393,52.656097,53.486290
0,4.200000,1,0,0.418183,0.000007,59.235752,56.062542,56.397732
1,4.200000,1,2,0.418183,-0.050557,55.584236,55.402431,54.942451
3,4.400000,4,3,0.000000,-0.713440,55.519825,53.916584,54.254967
2,4.400000,3,2,-0.713440,-0.050556,52.795528,53.238380,53.813545
0,4.400000,1,0,0.418184,0.000008,57.840595,56.551525,56.397732
1,4.400000,1,2,0.418184,-0.050556,55.121590,55.775803,54.942451
3,4.600000,4,3,0.000000,-0.713439,56.519661,53.213943,54.254967
2,4.600000,3,2,-0.713439,0.087614,49.543297,54.819576,54.075577
0,4.600000,1,0,0.418184,0.000008,56.056976,56.749012,56.397732
1,4.600000,1,2,0.418184,0.087614,56.807362,55.278934,54.700760
3,4.800000,4,3,0.000000,-0.883042,56.228703,52.916004,53.937817
2,4.800000,3,2,-0.883042,-0.036086,55.094677,54.173012,54.161243
0,4.800000,1,0,0.418184,0.000008,53.138229,56.875298,56.397732
1,4.800000,1,2,0.418184,-0.036086,50.429745,54.635639,54.917393
3,5.000000,4,3,0.000000,-0.883041,53.459724,53.065868,53.937817
2,5.000000,3,2,-0.883041,0.084874,56.365452,55.304440,54.383804
0,5.000000,1,0,0.418185,0.000009,53.217258,57.082500,56.397732
1,5.000000,1,2,0.418185,0.084874,55.881363,54.955078,54.705605
3,5.200000,4,3,0.000000,-1.008251,55.129406,53.978691,53.697586
2,5.200000,3,2,-1.008251,0.084874,53.513615,55.275288,54.609482
0,5.200000,1,0,0.418185,0.000009,58.311169,56.829575,56.397732
1,5.200000,1,2,0.418185,0.084874,55.720264,54.467232,54.705605
3,5.400000,4,3,0.000000,-1.008250,59.882530,54.815769,53.697586
2,5.400000,3,2,-1.008250,0.084875,56.650925,56.054745,54.609482
0,5.400000,1,0,0.635799,0.000010,53.606693,56.967720,56.063408
1,5.400000,1,2,0.635799,0.084875,58.740242,54.370522,55.083702
3,5.600000,4,3,0.000000,-1.008250,53.971436,54.034023,53.697586
2,5.600000,3,2,-1.008250,-0.027051,60.791687,54.971130,54.407974
0,5.600000,1,0,0.635799,0.000010,57.093216,56.201111,56.063408
1,5.600000,1,2,0.635799,-0.027051,53.053207,54.131535,55.273163
3,5.800000,4,3,0.000000,-1.008250,56.412529,54.024700,53.697586
2,5.800000,3,2,-1.008250,-0.027051,56.996902,55.357353,54.407974
0,5.800000,1,0,0.635800,0.000010,54.040867,56.350136,56.063408
1,5.800000,1,2,0.635800,-0.027051,60.599056,54.382576,55.273163
3,6.000000,4,3,0.000000,-1.008249,61.683083,54.095303,53.697590
2,6.000000,3,2,-1.008249,-0.158513,54.294197,54.550373,54.166412
0,6.000000,1,0,0.491734,0.000011,52.516224,56.600163,56.285889
1,6.000000,1,2,0.491734,-0.158513,54.497581,54.650127,55.251991
3,6.200000,4,3,0.000000,-1.008249,50.921738,54.476387,53.697590
2,6.200000,3,2,-1.008249,-0.158512,53.826126,55.293072,54.166412
0,6.200000,1,0,0.491735,0.000011,61.398872,57.029808,56.285889
1,6.200000,1,2,0.491735,-0.158512,55.524616,54.945724,55.251991
3,6.400000,4,3,0.000000,-1.109842,55.296494,53.715958,53.498688
2,6.400000,3,2,-1.109842,-0.158512,58.882698,55.282497,54.353561
0,6.400000,1,0,0.595033,0.000011,52.690014,57.030544,56.126831
1,6.400000,1,2,0.595033,-0.158512,55.866745,54.660042,55.424294
3,6.600000,4,3,0.000000,-0.914169,53.930878,54.350136,53.878586
2,6.600000,3,2,-0.914169,-0.158511,49.185013,54.867172,53.990181
0,6.600000,1,0,0.724327,0.000012,53.598419,57.155655,55.924400
1,6.600000,1,2,0.724327,-0.158511,55.352047,55.805347,55.636169
3,6.800000,4,3,0.000000,-0.914169,55.863125,54.500393,53.878590
2,6.800000,3,2,-0.914169,-0.158511,54.838989,54.334099,53.990181
0,6.800000,1,0,0.724327,0.000012,62.093594,56.692520,55.924400
1,6.800000,1,2,0.724327,-0.158511,54.692181,56.913506,55.636169
3,7.000000,4,3,0.000000,-0.914168,50.518024,54.167984,53.878590
2,7.000000,3,2,-0.914168,-0.158511,53.248646,54.673397,53.990181
0,7.000000,1,0,0.724328,0.000012,58.816147,56.946274,55.924400
1,7.000000,1,2,0.724328,-0.158511,60.310368,56.738480,55.636169
3,7.200000,4,3,0.000000,-0.914168,52.561733,53.218803,53.878590
2,7.200000,3,2,-0.914168,-0.158510,59.545113,54.453091,53.990181
0,7.200000,1,0,0.724328,0.000013,53.721825,56.464874,55.924400
1,7.200000,1,2,0.724328,-0.158510,54.438766,56.195229,55.636169
3,7.400000,4,3,0.000000,-0.760936,54.310562,54.813145,54.167080
2,7.400000,3,2,-0.760936,-0.158510,54.658691,53.838573,53.696877
0,7.400000,1,0,0.613640,0.000013,55.011730,56.589520,56.097931
1,7.400000,1,2,0.613640,-0.158510,54.981903,56.657917,55.455040
3,7.600000,4,3,0.000000,-0.760936,53.917877,55.313568,54.167080
2,7.600000,3,2,-0.760936,-0.158510,53.741199,53.797810,53.696877
0,7.600000,1,0,0.613641,0.000013,53.640110,56.685349,56.097931
1,7.600000,1,2,0.613641,-0.158510,55.372818,56.426258,55.455040
3,7.800000,4,3,0.000000,-0.760936,53.557575,54.408401,54.167084
2,7.800000,3,2,-0.760936,-0.259384,51.120808,53.168442,53.499374
0,7.800000,1,0,0.613641,0.000014,55.000519,56.729984,56.097931
1,7.800000,1,2,0.613641,-0.259384,55.413376,56.544247,55.620232
3,8.000000,4,3,0.000000,-0.760935,58.375458,54.860786,54.167084
2,8.000000,3,2,-0.760935,-0.259384,52.333523,52.969730,53.499374
0,8.000000,1,0,0.739973,0.000014,54.627769,57.185627,55.899651
1,8.000000,1,2,0.739973,-0.259384,57.631428,55.813099,55.823631
3,8.200000,4,3,0.000000,-0.760935,52.706635,54.195736,54.167084
2,8.200000,3,2,-0.760935,-0.087243,53.770233,53.526173,53.834274
0,8.200000,1,0,0.739974,0.000015,50.541374,57.169167,55.899651
1,8.200000,1,2,0.739974,-0.087243,46.718880,56.517025,55.545525
3,8.400000,4,3,0.000000,-1.028803,53.894379,53.385853,53.657642
2,8.400000,3,2,-1.028803,-0.087243,55.166443,53.889111,54.335701
0,8.400000,1,0,0.739974,0.000015,55.908962,57.245579,55.899651
1,8.400000,1,2,0.739974,-0.087243,59.059319,55.508976,55.545525
3,8.600000,4,3,0.000000,-0.859872,53.841549,53.149635,53.981693
2,8.600000,3,2,-0.859872,-0.087243,47.681278,54.482094,54.022182
0,8.600000,1,0,0.843028,0.000015,54.784657,57.091568,55.735176
1,8.600000,1,2,0.843028,-0.087243,60.689293,56.021336,55.712875
3,8.800000,4,3,0.000000,-1.005692,55.764511,54.464302,53.702549
2,8.800000,3,2,-1.005692,-0.087242,50.069580,54.016262,54.293343
0,8.800000,1,0,0.843029,0.000016,57.936340,56.407681,55.735176
1,8.800000,1,2,0.843029,-0.087242,55.752445,55.536030,55.712875
3,9.000000,4,3,0.000000,-1.112091,51.010811,52.505424,53.494244
2,9.000000,3,2,-1.112091,-0.087242,56.311146,54.649784,54.487007
0,9.000000,1,0,0.843029,0.000016,59.315002,55.737015,55.735176
1,9.000000,1,2,0.843029,-0.087242,54.637352,55.747787,55.712875
3,9.200000,4,3,0.000000,-1.112090,50.206902,53.087837,53.494247
2,9.200000,3,2,-1.112090,-0.087242,48.074692,55.115738,54.487007
0,9.200000,1,0,0.968531,0.000016,56.984070,55.393444,55.531456
1,9.200000,1,2,0.968531,-0.087242,57.740181,56.768814,55.913250
3,9.400000,4,3,0.000000,-1.112090,58.029949,54.261730,53.494247
2,9.400000,3,2,-1.112090,-0.087241,54.213329,55.138012,54.487007
0,9.400000,1,0,0.968532,0.000017,50.785870,55.133923,55.531456
1,9.400000,1,2,0.968532,-0.087241,52.937180,57.640442,55.913250
3,9.600000,4,3,0.000000,-1.112090,52.058960,54.747799,53.494247
2,9.600000,3,2,-1.112090,-0.087241,54.102882,54.672131,54.487007
0,9.600000,1,0,0.968532,0.000017,60.362953,55.172764,55.531456
1,9.600000,1,2,0.968532,-0.087241,50.509125,57.104507,55.913250
3,9.800000,4,3,0.000000,-0.998079,52.380089,54.464199,53.717300
2,9.800000,3,2,-0.998079,-0.087241,56.575089,55.535194,54.279354
0,9.800000,1,0,0.968532,0.000017,55.996162,55.593742,55.531456
1,9.800000,1,2,0.968532,-0.087241,56.518559,56.693691,55.913250
3,10.000000,4,3,0.000000,-0.889749,51.231903,53.389339,53.925079
2,10.000000,3,2,-0.889749,-0.087240,52.776897,55.333927,54.078300
0,10.000000,1,0,0.968533,0.000018,55.075043,55.376244,55.531456
1,10.000000,1,2,0.968533,-0.087240,51.915203,56.346375,55.913250
3,10.200000,4,3,0.000000,-0.889749,54.508720,54.378712,53.925079
2,10.200000,3,2,-0.889749,0.042841,53.788895,55.208740,54.319279
0,10.200000,1,0,0.968533,0.000018,49.435257,55.274261,55.531456
1,10.200000,1,2,0.968533,0.042841,57.968830,56.706936,55.705490
3,10.400000,4,3,0.000000,-0.755026,60.731712,55.403915,54.178055
2,10.400000,3,2,-0.755026,0.042841,57.844055,55.235611,54.069603
0,10.400000,1,0,1.085129,0.000018,54.960918,55.986729,55.338707
1,10.400000,1,2,1.085129,0.042841,55.429771,56.467808,55.891895
3,10.600000,4,3,0.000000,-0.585548,51.380249,53.934063,54.488144
2,10.600000,3,2,-0.585548,0.042842,54.394844,54.608532,53.747135
0,10.600000,1,0,1.085129,0.000019,59.634968,55.538143,55.338707
1,10.600000,1,2,1.085129,0.042842,56.910900,56.460175,55.891895
3,10.800000,4,3,0.000000,-0.756253,59.274895,54.314766,54.175777
2,10.800000,3,2,-0.756253,0.042842,53.894192,54.660133,54.071903
0,10.800000,1,0,1.085130,0.000019,55.027298,55.617046,55.338707
1,10.800000,1,2,1.085130,0.042842,59.586353,56.760841,55.891895
3,11.000000,4,3,0.000000,-0.565364,54.695984,55.159443,54.524490
2,11.000000,3,2,-0.565364,0.201704,58.611889,54.547947,54.011711
0,11.000000,1,0,1.085130,0.000019,54.389172,55.979477,55.338707
1,11.000000,1,2,1.085130,0.201704,55.156788,57.392040,55.637123
3,11.200000,4,3,0.000000,-0.565364,50.802338,54.308826,54.524490
2,11.200000,3,2,-0.565364,0.331521,53.655716,53.999813,54.253666
0,11.200000,1,0,0.905925,0.000020,51.701687,56.543629,55.633568
1,11.200000,1,2,0.905925,0.331521,58.995010,56.731964,55.123722
3,11.400000,4,3,0.000000,-0.565364,57.451683,54.901745,54.524490
2,11.400000,3,2,-0.565364,0.331521,51.760223,54.100109,54.253666
0,11.400000,1,0,0.796413,0.000020,58.861046,57.844704,55.809891
1,11.400000,1,2,0.796413,0.331521,59.722221,55.838913,54.935795
3,11.600000,4,3,0.000000,-0.565363,52.115601,54.616756,54.524490
2,11.600000,3,2,-0.565363,0.331522,48.294106,54.417625,54.253666
0,11.600000,1,0,0.796413,0.000021,59.304573,57.436630,55.809891
1,11.600000,1,2,0.796413,0.331522,55.260777,55.446449,54.935795
3,11.800000,4,3,0.000000,-0.565363,54.639706,54.707302,54.524490
2,11.800000,3,2,-0.565363,0.457717,52.606892,55.452316,54.483814
0,11.800000,1,0,0.796413,0.000021,57.224171,57.356419,55.809891
1,11.800000,1,2,0.796413,0.457717,58.775475,55.306759,54.715126
3,12.000000,4,3,0.000000,-0.565363,58.614861,54.883522,54.524490
2,12.000000,3,2,-0.565363,0.457717,58.330246,55.492016,54.483814
0,12.000000,1,0,0.978792,0.000021,54.230396,57.061211,55.514641
1,12.000000,1,2,0.978792,0.457717,57.046383,55.230553,55.032616
3,12.200000,4,3,0.000000,-0.565362,57.355316,54.617435,54.524490
2,12.200000,3,2,-0.565362,0.457717,52.001709,55.570320,54.483814
0,12.200000,1,0,0.978792,0.000022,55.774349,56.606323,55.514641
1,12.200000,1,2,0.978792,0.457717,55.133583,55.384804,55.032616
3,12.400000,4,3,0.000000,-0.565362,59.904293,54.545200,54.524494
2,12.400000,3,2,-0.565362,0.457718,56.446651,55.536133,54.483814
0,12.400000,1,0,1.079882,0.000022,52.060101,56.454884,55.347458
1,12.400000,1,2,1.079882,0.457718,51.297676,55.628986,55.204674
3,12.600000,4,3,0.000000,-0.565362,54.189190,55.020470,54.524494
2,12.600000,3,2,-0.565362,0.589750,52.849712,55.451393,54.719498
0,12.600000,1,0,0.961429,0.000022,54.666801,56.581284,55.543098
1,12.600000,1,2,0.961429,0.589750,55.093433,54.969685,54.773232
3,12.800000,4,3,0.000000,-0.463377,53.859608,55.175110,54.706306
2,12.800000,3,2,-0.463377,0.589750,55.123657,55.668858,54.537903
0,12.800000,1,0,0.961429,0.000023,53.134922,56.139954,55.543098
1,12.800000,1,2,0.961429,0.589750,55.200516,53.814919,54.773232
3,13.000000,4,3,0.000000,-0.463376,56.874161,53.143074,54.706306
2,13.000000,3,2,-0.463376,0.589751,56.478153,55.724815,54.537903
0,13.000000,1,0,1.095757,0.000023,57.284843,55.785011,55.320972
1,13.000000,1,2,1.095757,0.589751,59.472221,53.925953,55.006729
3,13.200000,4,3,0.000000,-0.463376,51.619015,54.130154,54.706306
2,13.200000,3,2,-0.463376,0.706023,49.538773,55.580769,54.744698
0,13.200000,1,0,1.095758,0.000023,60.898037,55.678455,55.320972
1,13.200000,1,2,1.095758,0.706023,55.343208,54.858112,54.804913
3,13.400000,4,3,0.000000,-0.463376,59.886086,54.742786,54.706306
2,13.400000,3,2,-0.463376,0.706023,57.486050,56.268486,54.744698
0,13.400000,1,0,1.095758,0.000024,52.800095,55.541790,55.320972
1,13.400000,1,2,1.095758,0.706023,49.231041,54.094631,54.804913
3,13.600000,4,3,0.000000,-0.304383,54.087162,54.584732,54.983814
2,13.600000,3,2,-0.304383,0.706024,53.058205,55.566521,54.460922
0,13.600000,1,0,0.974054,0.000024,54.866386,55.176167,55.522415
1,13.600000,1,2,0.974054,0.706024,49.315956,54.293510,54.589569
3,13.800000,4,3,0.000000,-0.304383,56.700020,54.672974,54.983814
2,13.800000,3,2,-0.304383,0.706024,53.137737,55.214077,54.460922
0,13.800000,1,0,0.974054,0.000024,56.136974,55.432758,55.522415
1,13.800000,1,2,0.974054,0.706024,53.753876,55.014069,54.589569
3,14.000000,4,3,0.000000,-0.304383,59.533291,55.528599,54.983818
2,14.000000,3,2,-0.304383,0.706024,58.591156,54.738689,54.460922
0,14.000000,1,0,0.974054,0.000025,53.078796,55.081188,55.522415
1,14.000000,1,2,0.974054,0.706024,56.717888,54.743469,54.589569
3,14.200000,4,3,0.000000,-0.304382,56.518600,54.774895,54.983818
2,14.200000,3,2,-0.304382,0.589732,56.168442,54.350948,54.248558
0,14.200000,1,0,0.974055,0.000025,52.698498,54.907543,55.522415
1,14.200000,1,2,0.974055,0.589732,58.300411,54.283653,54.795425
3,14.400000,4,3,0.000000,-0.304382,55.931725,56.195091,54.983818
2,14.400000,3,2,-0.304382,0.589732,56.898750,54.291946,54.248558
0,14.400000,1,0,1.095716,0.000026,56.482658,54.850212,55.321045
1,14.400000,1,2,1.095716,0.589732,55.256714,54.565228,55.006691
3,14.600000,4,3,0.000000,-0.304382,54.694080,56.018242,54.983818
2,14.600000,3,2,-0.304382,0.589733,51.957386,54.106236,54.248558
0,14.600000,1,0,1.095716,0.000026,58.772903,54.849247,55.321045
1,14.600000,1,2,1.095716,0.589733,56.050903,55.207516,55.006691
3,14.800000,4,3,0.000000,-0.304381,55.077847,55.209225,54.983818
2,14.800000,3,2,-0.304381,0.682193,54.296803,54.689880,54.417736
0,14.800000,1,0,1.095716,0.000026,56.855354,54.605637,55.321045
1,14.800000,1,2,1.095716,0.682193,49.754677,54.334587,54.846512
3,15.000000,4,3,0.000000,-0.304381,53.166058,54.611095,54.983818
2,15.000000,3,2,-0.304381,0.682193,53.125263,54.513615,54.417736
0,15.000000,1,0,1.206847,0.000027,53.590351,55.076931,55.133781
1,15.000000,1,2,1.206847,0.682193,55.534061,54.177235,55.038750
3,15.200000,4,3,0.000000,-0.417577,49.970345,54.595249,54.786976
2,15.200000,3,2,-0.417577,0.682193,54.680569,54.566063,54.621330
0,15.200000,1,0,1.206847,0.000027,55.216217,55.017094,55.133781
1,15.200000,1,2,1.206847,0.682193,60.014282,54.315681,55.038750
3,15.400000,4,3,0.000000,-0.262615,54.174980,55.427467,55.055557
2,15.400000,3,2,-0.262615,0.786942,54.291676,55.222004,54.531490
0,15.400000,1,0,1.332983,0.000027,52.580070,55.274185,54.917244
1,15.400000,1,2,1.332983,0.786942,53.356262,54.320709,55.075363
3,15.600000,4,3,0.000000,-0.262615,51.480179,55.848755,55.055557
2,15.600000,3,2,-0.262615,0.786943,58.314293,55.076180,54.531490
0,15.600000,1,0,1.332983,0.000028,53.683861,55.265278,54.917244
1,15.600000,1,2,1.332983,0.786943,58.984180,54.881241,55.075363
3,15.800000,4,3,0.000000,-0.262615,57.800232,53.388008,55.055557
2,15.800000,3,2,-0.262615,0.546631,57.265301,54.445835,54.090912
0,15.800000,1,0,1.332983,0.000028,54.653473,55.567623,54.917244
1,15.800000,1,2,1.332983,0.546631,54.001862,54.511951,55.478447
3,16.000000,4,3,0.000000,-0.262614,50.006287,54.644939,55.055557
2,16.000000,3,2,-0.262614,0.546631,52.694332,54.268658,54.090912
0,16.000000,1,0,1.332984,0.000028,54.359138,56.049232,54.917244
1,16.000000,1,2,1.332984,0.546631,59.729702,55.555992,55.478447
3,16.200000,4,3,0.000000,-0.262614,50.858425,54.869736,55.055557
2,16.200000,3,2,-0.262614,0.546632,51.897408,54.504574,54.090912
0,16.200000,1,0,1.332984,0.000029,55.244492,56.073811,54.917244
1,16.200000,1,2,1.332984,0.546632,49.858585,55.834064,55.478447
3,16.400000,4,3,0.000000,-0.369212,60.693451,54.954029,54.871513
2,16.400000,3,2,-0.369212,0.546632,57.682041,55.153923,54.288555
0,16.400000,1,0,1.519860,0.000029,56.143990,55.964069,54.588280
1,16.400000,1,2,1.519860,0.546632,54.439758,55.655659,55.781876
3,16.600000,4,3,0.000000,-0.369212,55.755566,54.451088,54.871517
2,16.600000,3,2,-0.369212,0.546633,57.377411,55.674667,54.288555
0,16.600000,1,0,1.519861,0.000029,59.112888,55.617760,54.588280
1,16.600000,1,2,1.519861,0.546633,57.374588,55.579479,55.781876
3,16.800000,4,3,0.000000,-0.247477,52.218922,54.503475,55.081440
2,16.800000,3,2,-0.247477,0.670795,52.637451,55.275574,54.293015
0,16.800000,1,0,1.519861,0.000030,50.382881,55.731682,54.588280
1,16.800000,1,2,1.519861,0.670795,54.425648,55.407291,55.581223
3,17.000000,4,3,0.000000,-0.247477,56.723423,54.698673,55.081440
2,17.000000,3,2,-0.247477,0.670795,49.155449,54.456581,54.293015
0,17.000000,1,0,1.519861,0.000030,55.394264,55.265575,54.588280
1,17.000000,1,2,1.519861,0.670795,51.282932,55.720230,55.581223
3,17.200000,4,3,0.000000,-0.247477,56.550076,55.784378,55.081444
2,17.200000,3,2,-0.247477,0.670795,56.455051,53.998081,54.293015
0,17.200000,1,0,1.519862,0.000030,61.190228,54.838295,54.588280
1,17.200000,1,2,1.519862,0.670795,55.231209,56.007885,55.581223
3,17.400000,4,3,0.000000,-0.409036,52.396591,54.618683,54.801952
2,17.400000,3,2,-0.409036,0.670796,56.731701,53.291023,54.585747
0,17.400000,1,0,1.635569,0.000031,55.975269,55.019043,54.379482
1,17.400000,1,2,1.635569,0.670796,54.378117,55.448540,55.768330
3,17.600000,4,3,0.000000,-0.409036,61.231899,54.266819,54.801952
2,17.600000,3,2,-0.409036,0.670796,51.142830,53.320877,54.585747
0,17.600000,1,0,1.635570,0.000031,53.646015,54.746742,54.379482
1,17.600000,1,2,1.635570,0.670796,50.475590,55.050266,55.768330
3,17.800000,4,3,0.000000,-0.291445,54.777481,54.974190,55.006088
2,17.800000,3,2,-0.291445,0.670796,52.398376,53.268826,54.373466
0,17.800000,1,0,1.635570,0.000032,56.596935,54.710709,54.379482
1,17.800000,1,2,1.635570,0.670796,57.180576,54.634548,55.768330
3,18.000000,4,3,0.000000,-0.291445,54.948338,56.030407,55.006088
2,18.000000,3,2,-0.291445,0.670797,55.918835,53.050240,54.373466
0,18.000000,1,0,1.508921,0.000032,56.483459,54.069473,54.607819
1,18.000000,1,2,1.508921,0.670797,60.484337,54.341362,55.563362
3,18.200000,4,3,0.000000,-0.291444,55.563862,54.471218,55.006088
2,18.200000,3,2,-0.291444,0.816398,55.886501,53.538765,54.635704
0,18.200000,1,0,1.508921,0.000032,49.818249,53.632004,54.607819
1,18.200000,1,2,1.508921,0.816398,56.272121,54.344395,55.322838
3,18.400000,4,3,0.000000,-0.291444,56.319393,55.236149,55.006088
2,18.400000,3,2,-0.291444,0.816399,58.761379,53.600258,54.635704
0,18.400000,1,0,1.401482,0.000033,57.900230,54.034779,54.797829
1,18.400000,1,2,1.401482,0.816399,54.706821,53.892609,55.141876
3,18.600000,4,3,0.000000,-0.291444,56.319244,54.776314,55.006088
2,18.600000,3,2,-0.291444,0.816399,55.262375,53.812424,54.635704
0,18.600000,1,0,1.401482,0.000033,56.668613,54.496540,54.797829
1,18.600000,1,2,1.401482,0.816399,52.738796,53.955399,55.141876
3,18.800000,4,3,0.000000,-0.291443,58.487747,55.924633,55.006088
2,18.800000,3,2,-0.291443,0.676584,54.685211,52.966759,54.384010
0,18.800000,1,0,1.401482,0.000033,52.523399,53.916424,54.797829
1,18.800000,1,2,1.401482,0.676584,55.098122,53.977348,55.376785
3,19.000000,4,3,0.000000,-0.291443,53.615582,55.674362,55.006092
2,19.000000,3,2,-0.291443,0.676585,54.420246,53.032501,54.384010
0,19.000000,1,0,1.529462,0.000034,55.598568,54.046440,54.571114
1,19.000000,1,2,1.529462,0.676585,55.808502,54.120308,55.587440
3,19.200000,4,3,0.000000,-0.291442,50.934227,54.755207,55.006092
2,19.200000,3,2,-0.291442,0.676585,54.393162,53.964035,54.384010
0,19.200000,1,0,1.428127,0.000034,54.054062,53.524708,54.751015
1,19.200000,1,2,1.428127,0.676585,58.618217,53.386543,55.420975
3,19.400000,4,3,0.000000,-0.291442,58.692127,54.902668,55.006092
2,19.400000,3,2,-0.291442,0.811270,57.648075,54.471676,54.626572
0,19.400000,1,0,1.428127,0.000034,59.065243,54.923103,54.751015
1,19.400000,1,2,1.428127,0.811270,50.971626,53.839409,55.195709
3,19.600000,4,3,0.000000,-0.291442,53.188625,55.333317,55.006096
2,19.600000,3,2,-0.291442,0.811270,55.201218,54.939770,54.626572
0,19.600000,1,0,1.428127,0.000035,52.426304,54.425652,54.751015
1,19.600000,1,2,1.428127,0.811270,55.717655,54.214581,55.195709
3,19.800000,4,3,0.000000,-0.291441,54.764629,54.647114,55.006096
2,19.800000,3,2,-0.291441,0.956584,52.781540,55.866505,54.882339
0,19.800000,1,0,1.428128,0.000035,58.908413,54.649799,54.751015
1,19.800000,1,2,1.428128,0.956584,51.955570,54.902172,54.947304
3,20.000000,4,3,0.000000,-0.468736,56.541328,54.483685,54.696827
2,20.000000,3,2,-0.468736,1.079165,57.617451,56.667191,55.391838
0,20.000000,1,0,1.222749,0.000035,57.318245,54.959312,55.106735
1,20.000000,1,2,1.222749,1.079165,59.339611,54.312351,54.364864
3,20.200000,4,3,0.000000,-0.468736,56.787056,55.038643,54.696827
2,20.200000,3,2,-0.468736,0.974553,55.788757,57.600967,55.216797
0,20.200000,1,0,1.222749,0.000036,51.357903,55.233833,55.106735
1,20.200000,1,2,1.222749,0.974553,52.748661,53.918640,54.554066
3,20.400000,4,3,0.000000,-0.468735,57.220875,54.522911,54.696831
2,20.400000,3,2,-0.468735,0.974553,55.218880,57.217945,55.216797
0,20.400000,1,0,1.222750,0.000036,49.831753,55.049297,55.106735
1,20.400000,1,2,1.222750,0.974553,56.083000,54.707165,54.554066
3,20.600000,4,3,0.000000,-0.322514,56.280777,55.100307,54.952522
2,20.600000,3,2,-0.322514,0.847044,54.539753,57.772915,54.744976
0,20.600000,1,0,1.222750,0.000037,61.552650,55.096783,55.106735
1,20.600000,1,2,1.222750,0.847044,54.793995,54.649265,54.780308
3,20.800000,4,3,0.000000,-0.322513,59.103447,54.368874,54.952526
2,20.800000,3,2,-0.322513,1.026531,50.073071,57.128284,55.056656
0,20.800000,1,0,1.222750,0.000037,60.973549,54.937675,55.106735
1,20.800000,1,2,1.222750,1.026531,52.919086,54.897713,54.460472
3,21.000000,4,3,0.000000,-0.322513,54.321617,54.401981,54.952526
2,21.000000,3,2,-0.322513,1.026532,52.613506,56.356407,55.056656
0,21.000000,1,0,1.364035,0.000037,57.754154,54.220375,54.863285
1,21.000000,1,2,1.364035,1.026532,51.894905,53.971840,54.713017
3,21.200000,4,3,0.000000,-0.322513,52.812824,53.935795,54.952530
2,21.200000,3,2,-0.322513,1.026532,52.988506,56.443733,55.056656
0,21.200000,1,0,1.364035,0.000038,58.080368,55.202293,54.863285
1,21.200000,1,2,1.364035,1.026532,54.579876,53.842831,54.713017
3,21.400000,4,3,0.000000,-0.053681,54.186184,55.969784,55.407475
2,21.400000,3,2,-0.053681,1.026532,52.062244,55.841427,54.586426
0,21.400000,1,0,1.364035,0.000038,53.847374,54.988724,54.863285
1,21.400000,1,2,1.364035,1.026532,55.132175,53.849049,54.713017
3,21.600000,4,3,0.000000,-0.053680,54.286690,55.917328,55.407475
2,21.600000,3,2,-0.053680,1.026533,61.440979,55.318653,54.586426
0,21.600000,1,0,1.364036,0.000038,58.647205,55.455055,54.863285
1,21.600000,1,2,1.364036,1.026533,51.641815,53.733852,54.713017
3,21.800000,4,3,0.000000,0.098838,60.084843,55.712055,55.657352
2,21.800000,3,2,0.098838,1.026533,57.929291,55.525005,54.310307
0,21.800000,1,0,1.364036,0.000039,49.563232,55.073376,54.863285
1,21.800000,1,2,1.364036,1.026533,57.084026,55.167522,54.713017
3,22.000000,4,3,0.000000,-0.074874,54.749832,54.831734,55.372292
2,22.000000,3,2,-0.074874,1.026533,50.532139,54.734173,54.624249
0,22.000000,1,0,1.204386,0.000039,57.923500,54.635815,55.137985
1,22.000000,1,2,1.204386,1.026533,59.762695,55.266113,54.427208
3,22.200000,4,3,0.000000,-0.074874,52.502533,55.823956,55.372292
2,22.200000,3,2,-0.074874,1.026534,54.924648,55.331055,54.624249
0,22.200000,1,0,1.204386,0.000039,57.994606,55.892223,55.137985
1,22.200000,1,2,1.204386,1.026534,52.911419,53.812851,54.427208
3,22.400000,4,3,0.000000,-0.074873,53.807457,54.260887,55.372292
2,22.400000,3,2,-0.074873,1.119614,53.067738,55.585297,54.788803
0,22.400000,1,0,1.204387,0.000040,61.583771,55.791168,55.137985
1,22.400000,1,2,1.204387,1.119614,56.326981,54.194122,54.257034
3,22.600000,4,3,0.000000,-0.174592,52.370041,54.073692,55.205208
2,22.600000,3,2,-0.174592,1.119614,50.390430,55.599575,54.962372
0,22.600000,1,0,1.204387,0.000040,54.407146,55.112888,55.137985
1,22.600000,1,2,1.204387,1.119614,48.349590,53.853546,54.257034
3,22.800000,4,3,0.000000,-0.174592,54.254730,55.942692,55.205208
2,22.800000,3,2,-0.174592,1.119615,56.919270,55.392849,54.962372
0,22.800000,1,0,1.204387,0.000040,56.688782,55.140663,55.137985
1,22.800000,1,2,1.204387,1.119615,58.617241,54.189461,54.257034
3,23.000000,4,3,0.000000,-0.174591,57.720222,54.599525,55.205212
2,23.000000,3,2,-0.174591,1.119615,51.269070,55.023571,54.962372
0,23.000000,1,0,1.318184,0.000041,51.730431,55.288197,54.942898
1,23.000000,1,2,1.318184,1.119615,52.653774,53.824802,54.464722
3,23.200000,4,3,0.000000,-0.174591,53.970402,55.073215,55.205212
2,23.200000,3,2,-0.174591,1.119615,49.936520,55.283459,54.962372
0,23.200000,1,0,1.318184,0.000041,56.911690,54.545589,54.942898
1,23.200000,1,2,1.318184,1.119615,51.767113,53.772156,54.464722
3,23.400000,4,3,0.000000,-0.174591,55.729252,56.712055,55.205212
2,23.400000,3,2,-0.174591,1.119616,53.767036,54.845299,54.962372
0,23.400000,1,0,1.318185,0.000041,53.391449,54.321011,54.942898
1,23.400000,1,2,1.318185,1.119616,52.511909,53.720928,54.464722
3,23.600000,4,3,0.000000,-0.285710,57.635284,54.887939,55.015945
2,23.600000,3,2,-0.285710,1.119616,56.814224,55.300575,55.152576
0,23.600000,1,0,1.318185,0.000042,56.598473,54.613571,54.942898
1,23.600000,1,2,1.318185,1.119616,53.652119,53.593834,54.464722
3,23.800000,4,3,0.000000,-0.428580,56.096058,55.213394,54.767651
2,23.800000,3,2,-0.428580,1.242029,57.711723,55.580238,55.593616
0,23.800000,1,0,1.318185,0.000042,59.423180,54.538139,54.942898
1,23.800000,1,2,1.318185,1.242029,59.094044,53.699314,54.241146
3,24.000000,4,3,0.000000,-0.428579,57.392265,54.575882,54.767651
2,24.000000,3,2,-0.428579,1.242029,59.519249,56.373150,55.593616
0,24.000000,1,0,1.318186,0.000043,54.877895,54.662552,54.942898
1,24.000000,1,2,1.318186,1.242029,51.229492,53.908550,54.241146
3,24.200000,4,3,0.000000,-0.428579,58.629009,54.536560,54.767651
2,24.200000,3,2,-0.428579,1.242029,58.876030,56.190689,55.593616
0,24.200000,1,0,1.318186,0.000043,58.525032,54.565914,54.942898
1,24.200000,1,2,1.318186,1.242029,49.542038,54.619736,54.241146
3,24.400000,4,3,0.000000,-0.428579,53.907539,54.475025,54.767654
2,24.400000,3,2,-0.428579,1.242030,58.015968,56.087860,55.593616
0,24.400000,1,0,1.318186,0.000043,55.154934,54.812366,54.942898
1,24.400000,1,2,1.318186,1.242030,50.858505,54.525547,54.241146
3,24.600000,4,3,0.000000,-0.316995,57.620972,56.611267,54.962059
2,24.600000,3,2,-0.316995,1.242030,55.760632,56.098270,55.410286
0,24.600000,1,0,1.318187,0.000044,61.227856,54.439198,54.942898
1,24.600000,1,2,1.318187,1.242030,57.871357,54.133228,54.241146
3,24.800000,4,3,0.000000,-0.316995,48.756031,55.258514,54.962059
2,24.800000,3,2,-0.316995,1.242030,55.512924,55.787189,55.410286
0,24.800000,1,0,1.318187,0.000044,56.305099,54.887390,54.942898
1,24.800000,1,2,1.318187,1.242030,52.574173,53.886509,54.241146
3,25.000000,4,3,0.000000,-0.316995,55.788513,55.148060,54.962059
2,25.000000,3,2,-0.316995,1.242031,56.802769,55.821018,55.410286
0,25.000000,1,0,1.318187,0.000044,56.252228,54.685768,54.942898
1,25.000000,1,2,1.318187,1.242031,50.536388,53.999588,54.241146
3,25.200000,4,3,0.000000,-0.316994,59.825901,54.639042,54.962059
2,25.200000,3,2,-0.316994,1.242031,54.072327,55.414299,55.410286
0,25.200000,1,0,1.448567,0.000045,49.849190,54.921753,54.714985
1,25.200000,1,2,1.448567,1.242031,55.184143,53.443771,54.479115
3,25.400000,4,3,0.000000,-0.316994,54.599194,54.902733,54.962059
2,25.400000,3,2,-0.316994,1.242031,61.635742,55.408962,55.410286
0,25.400000,1,0,1.448567,0.000045,50.244793,54.633663,54.714985
1,25.400000,1,2,1.448567,1.242031,55.750980,53.669643,54.479115
3,25.600000,4,3,0.000000,-0.316994,57.651371,55.478344,54.962059
2,25.600000,3,2,-0.316994,1.109400,59.100208,54.912880,55.188263
0,25.600000,1,0,1.448568,0.000045,49.960159,54.73845