0,0.200000,0,1,0.000000,0.000000,61.999474,NaN,62.250805
3,0.200000,4,3,0.000000,0.000000,45.604607,50.396267,49.479225
2,0.200000,3,2,0.000000,0.000000,44.431797,NaN,42.905167
1,0.200000,1,2,0.000000,0.000000,54.256718,NaN,55.862068
0,0.400000,0,1,0.000001,0.298926,61.433128,NaN,61.983761
3,0.400000,4,3,0.000000,0.000001,48.307674,48.369053,49.479225
2,0.400000,3,2,0.000001,0.281903,44.459812,NaN,44.290680
1,0.400000,1,2,0.298926,0.281903,52.134121,NaN,55.889091
0,0.600000,0,1,0.000001,0.298927,65.487862,63.135441,61.983761
3,0.600000,4,3,0.000000,0.000001,51.751492,50.554829,49.479225
2,0.600000,3,2,0.000001,0.480182,47.811455,44.940723,45.169071
1,0.600000,1,2,0.298927,0.480182,61.063839,55.910362,55.570084
0,0.800000,0,1,0.000001,0.485794,62.455544,61.783947,61.813423
3,0.800000,4,3,0.000000,0.000001,53.325462,49.452217,49.479225
2,0.800000,3,2,0.000001,0.592621,43.959614,44.592018,45.637321
1,0.800000,1,2,0.485794,0.592621,58.370621,57.391647,55.690933
0,1.000000,0,1,0.000002,0.485794,62.634163,64.423294,61.813423
3,1.000000,4,3,0.000000,-0.094086,51.443275,47.768097,49.206650
2,1.000000,3,2,-0.094086,0.808853,49.583355,45.553345,46.833763
1,1.000000,1,2,0.485794,0.808853,55.148758,56.800514,55.336048
0,1.200000,0,1,0.000002,0.631984,61.230453,63.475231,61.678276
3,1.200000,4,3,0.000000,-0.281008,51.291077,47.743217,48.643944
2,1.200000,3,2,-0.281008,0.923349,49.562210,46.476673,47.881886
1,1.200000,1,2,0.631984,0.923349,51.058357,54.963894,55.388794
0,1.400000,0,1,0.000002,0.785013,61.722954,62.410038,61.534981
3,1.400000,4,3,0.000000,-0.419493,53.298904,50.022060,48.207401
2,1.400000,3,2,-0.419493,1.106685,52.585197,47.878578,48.899429
1,1.400000,1,2,0.785013,1.106685,52.839642,55.622555,55.338364
0,1.600000,0,1,0.000003,0.947417,60.527874,61.885128,61.380814
3,1.600000,4,3,0.000000,-0.300588,47.393177,48.817188,48.583275
2,1.600000,3,2,-0.300588,1.296631,55.343864,48.618397,49.111759
1,1.600000,1,2,0.947417,1.296631,53.214157,56.200169,55.292324
0,1.800000,0,1,0.000003,1.109146,58.301991,61.621216,61.225075
3,1.800000,4,3,0.000000,-0.300588,48.396477,48.015469,48.583279
2,1.800000,3,2,-0.300588,1.420234,44.473568,48.500713,49.471561
1,1.800000,1,2,1.109146,1.420234,55.559010,56.236134,55.356003
0,2.000000,0,1,0.000004,1.109146,65.846764,60.593498,61.225075
3,2.000000,4,3,0.000000,-0.443415,43.719570,48.679863,48.130184
2,2.000000,3,2,-0.443415,1.707591,50.734608,49.442539,50.638298
1,2.000000,1,2,1.109146,1.707591,57.967392,55.618610,54.866608
0,2.200000,0,1,0.000004,1.251795,59.297024,60.166374,61.085835
3,2.200000,4,3,0.000000,-0.443414,51.275608,48.924297,48.130188
2,2.200000,3,2,-0.443414,1.850231,51.191921,50.739090,50.999039
1,2.200000,1,2,1.251795,1.850231,59.584583,55.403606,54.866623
0,2.400000,0,1,0.000004,1.477981,60.237888,60.178490,60.861320
3,2.400000,4,3,0.000000,-0.277137,50.229073,47.945045,48.655895
2,2.400000,3,2,-0.277137,1.850232,53.441486,50.996895,50.577343
1,2.400000,1,2,1.477981,1.850232,58.009636,55.573616,55.253670
0,2.600000,0,1,0.000005,1.477981,61.444500,59.628288,60.861320
3,2.600000,4,3,0.000000,-0.277137,49.954681,49.876415,48.655899
2,2.600000,3,2,-0.277137,1.850232,52.284103,50.225338,50.577343
1,2.600000,1,2,1.477981,1.850232,55.821655,55.733395,55.253670
0,2.800000,0,1,0.000005,1.477981,58.498619,60.384331,60.861320
3,2.800000,4,3,0.000000,-0.146601,45.050678,50.722008,49.051483
2,2.800000,3,2,-0.146601,1.850232,51.976978,50.190758,50.234417
1,2.800000,1,2,1.477981,1.850232,59.363937,54.548943,55.253670
0,3.000000,0,1,0.000005,1.606924,61.119423,59.608932,60.731228
3,3.000000,4,3,0.000000,-0.146601,50.729950,49.166050,49.051483
2,3.000000,3,2,-0.146601,2.034227,50.719589,50.092724,50.714714
1,3.000000,1,2,1.606924,2.034227,59.841877,55.092522,55.160728
0,3.200000,0,1,0.000006,1.606924,58.467323,59.332733,60.731228
3,3.200000,4,3,0.000000,-0.146600,47.898155,50.758194,49.051483
2,3.200000,3,2,-0.146600,2.174917,50.009773,50.383949,51.068150
1,3.200000,1,2,1.606924,2.174917,55.220951,54.960442,54.919529
0,3.400000,0,1,0.000006,1.769640,53.309792,59.111904,60.564796
3,3.400000,4,3,0.000000,-0.146600,47.403999,49.130032,49.051487
2,3.400000,3,2,-0.146600,2.282290,53.127331,50.616291,51.330353
1,3.400000,1,2,1.769640,2.282290,50.992077,54.461411,55.015045
0,3.600000,0,1,0.000006,2.025916,62.315834,59.324501,60.297386
3,3.600000,4,3,0.000000,-0.006159,47.056324,49.685715,49.461586
2,3.600000,3,2,-0.006159,2.282291,49.263432,50.447769,50.986111
1,3.600000,1,2,2.025916,2.282291,59.940716,54.521935,55.446732
0,3.800000,0,1,0.000007,2.025916,58.712765,57.937729,60.297386
3,3.800000,4,3,0.000000,-0.006159,50.714931,49.609077,49.461586
2,3.800000,3,2,-0.006159,2.391692,52.937862,50.161545,51.255207
1,3.800000,1,2,2.025916,2.391692,57.394829,54.206699,55.264549
0,4.000000,0,1,0.000007,2.025917,56.956909,58.797318,60.297386
3,4.000000,4,3,0.000000,-0.006159,51.236244,48.249336,49.461590
2,4.000000,3,2,-0.006159,2.391693,55.309883,50.183384,51.255207
1,4.000000,1,2,2.025917,2.391693,55.742649,54.236874,55.264549
0,4.200000,0,1,0.000007,2.175136,56.252209,58.642807,60.138596
3,4.200000,4,3,0.000000,-0.006158,50.264881,49.486324,49.461590
2,4.200000,3,2,-0.006158,2.391693,46.951363,50.365105,51.255207
1,4.200000,1,2,2.175136,2.391693,54.742912,54.700417,55.512291
0,4.400000,0,1,0.000008,2.303551,63.516060,58.217773,60.000061
3,4.400000,4,3,0.000000,-0.144703,47.571869,50.300941,49.057129
2,4.400000,3,2,-0.144703,2.537523,48.457077,50.662956,51.925003
1,4.400000,1,2,2.303551,2.537523,56.499409,55.701805,55.483665
0,4.600000,0,1,0.000008,2.303552,59.520351,58.501705,60.000061
3,4.600000,4,3,0.000000,0.001433,52.692852,49.304405,49.483322
2,4.600000,3,2,0.001433,2.537523,44.968262,51.439198,51.585968
1,4.600000,1,2,2.303552,2.537523,53.751389,55.552845,55.483665
0,4.800000,0,1,0.000008,2.303552,57.436295,58.772854,60.000061
3,4.800000,4,3,0.000000,0.001434,49.811253,49.216389,49.483322
2,4.800000,3,2,0.001434,2.750177,47.262814,51.143486,52.075882
1,4.800000,1,2,2.303552,2.750177,56.649960,55.071445,55.127914
0,5.000000,0,1,0.000009,2.194223,61.233990,58.598141,60.118118
3,5.000000,4,3,0.000000,0.001434,46.735546,49.215336,49.483326
2,5.000000,3,2,0.001434,2.644781,50.223816,51.763023,51.835831
1,5.000000,1,2,2.194223,2.644781,58.354313,54.458023,55.121223
0,5.200000,0,1,0.000009,2.194223,56.519588,58.687119,60.118118
3,5.200000,4,3,0.000000,0.001434,54.052269,51.113495,49.483326
2,5.200000,3,2,0.001434,2.862679,55.752773,52.255791,52.326393
1,5.200000,1,2,2.194223,2.862679,53.501652,54.822178,54.743958
0,5.400000,0,1,0.000010,2.194223,60.208721,59.416191,60.118118
3,5.400000,4,3,0.000000,0.001435,51.040863,49.845921,49.483330
2,5.400000,3,2,0.001435,2.862679,57.756683,51.972134,52.326393
1,5.400000,1,2,2.194223,2.862679,49.891945,54.065170,54.743958
0,5.600000,0,1,0.000010,2.483516,58.586239,59.655857,59.802895
3,5.600000,4,3,0.000000,-0.124067,48.341969,49.600254,49.118340
2,5.600000,3,2,-0.124067,2.862679,48.328781,51.964149,52.599197
1,5.600000,1,2,2.483516,2.862679,62.995724,54.055695,55.242043
0,5.800000,0,1,0.000010,2.483516,62.678612,59.479645,59.802895
3,5.800000,4,3,0.000000,-0.025341,50.182858,49.714943,49.406479
2,5.800000,3,2,-0.025341,2.984801,46.485027,52.683838,52.649307
1,5.800000,1,2,2.483516,2.984801,54.818344,55.380188,55.034561
0,6.000000,0,1,0.000011,2.631925,58.906757,59.429573,59.637554
3,6.000000,4,3,0.000000,-0.025341,46.773277,49.073177,49.406479
2,6.000000,3,2,-0.025341,2.984801,48.067181,52.390888,52.649307
1,6.000000,1,2,2.631925,2.984801,51.503796,54.848549,55.286190
0,6.200000,0,1,0.000011,2.795804,63.823250,58.455585,59.452011
3,6.200000,4,3,0.000000,0.118408,46.653198,47.946316,49.812813
2,6.200000,3,2,0.118408,2.984802,46.521606,51.501637,52.337723
1,6.200000,1,2,2.795804,2.984802,53.158344,55.519928,55.557434
0,6.400000,0,1,0.000011,2.949857,58.553566,58.024689,59.274651
3,6.400000,4,3,0.000000,0.118408,50.406818,50.511173,49.812813
2,6.400000,3,2,0.118408,2.984802,54.000301,51.110798,52.337723
1,6.400000,1,2,2.949857,2.984802,58.041458,56.075630,55.806381
0,6.600000,0,1,0.000012,3.205694,60.435509,58.393517,58.973549
3,6.600000,4,3,0.000000,0.118409,46.091385,50.650291,49.812813
2,6.600000,3,2,0.118409,3.094379,55.207104,51.550571,52.576042
1,6.600000,1,2,3.205694,3.094379,54.381042,56.091106,56.037567
0,6.800000,0,1,0.000012,3.205694,64.481094,58.133862,58.973549
3,6.800000,4,3,0.000000,0.244952,51.215782,49.633930,50.158348
2,6.800000,3,2,0.244952,3.094379,52.757572,51.372578,52.300350
1,6.800000,1,2,3.205694,3.094379,53.438751,56.577263,56.037567
0,7.000000,0,1,0.000012,3.205694,58.842258,58.343361,58.973549
3,7.000000,4,3,0.000000,0.244952,49.137333,49.649376,50.158348
2,7.000000,3,2,0.244952,3.094380,51.879116,51.429306,52.300350
1,7.000000,1,2,3.205694,3.094380,55.144016,56.750748,56.037567
0,7.200000,0,1,0.000013,3.205695,54.521252,58.340954,58.973549
3,7.200000,4,3,0.000000,0.244953,48.701050,49.155251,50.158348
2,7.200000,3,2,0.244953,3.094380,50.339600,51.888023,52.300350
1,7.200000,1,2,3.205695,3.094380,51.477016,56.618290,56.037567
0,7.400000,0,1,0.000013,3.205695,55.553417,58.473602,58.973549
3,7.400000,4,3,0.000000,0.244953,53.061447,50.880753,50.158348
2,7.400000,3,2,0.244953,3.094380,47.283894,52.084564,52.300350
1,7.400000,1,2,3.205695,3.094380,53.524387,56.494869,56.037567
0,7.600000,0,1,0.000013,3.315246,58.753418,58.050747,58.842022
3,7.600000,4,3,0.000000,0.244954,48.902225,50.091328,50.158348
2,7.600000,3,2,0.244954,3.254636,48.751621,52.019341,52.648323
1,7.600000,1,2,3.315246,3.254636,58.523903,55.875687,55.957977
0,7.800000,0,1,0.000014,3.471093,58.511368,57.728783,58.652115
3,7.800000,4,3,0.000000,0.448136,47.208546,49.961304,50.691128
2,7.800000,3,2,0.448136,3.254636,56.068817,52.808926,52.205215
1,7.800000,1,2,3.471093,3.254636,62.019703,56.258190,56.200771
0,8.000000,0,1,0.000014,3.471093,62.846416,58.001083,58.652115
3,8.000000,4,3,0.000000,0.548820,50.762978,51.801640,50.945759
2,8.000000,3,2,0.548820,3.426342,51.166824,52.565281,52.362167
1,8.000000,1,2,3.471093,3.426342,57.130051,56.463245,55.932964
0,8.200000,0,1,0.000015,3.471094,61.949146,57.759865,58.652115
3,8.200000,4,3,0.000000,0.698676,52.317204,50.881958,51.314018
2,8.200000,3,2,0.698676,3.426342,47.705791,51.933838,52.028301
1,8.200000,1,2,3.471094,3.426342,52.600395,55.168270,55.932964
0,8.400000,0,1,0.000015,3.471094,59.333111,58.127956,58.652115
3,8.400000,4,3,0.000000,0.698676,50.207455,52.516922,51.314018
2,8.400000,3,2,0.698676,3.426342,55.496834,51.664345,52.028301
1,8.400000,1,2,3.471094,3.426342,59.312611,55.541878,55.932964
0,8.600000,0,1,0.000015,3.606075,55.969318,59.100674,58.484909
3,8.600000,4,3,0.000000,0.698677,56.350235,50.570560,51.314018
2,8.600000,3,2,0.698677,3.593828,48.958035,51.883797,52.400780
1,8.600000,1,2,3.606075,3.593828,54.559078,55.293716,55.881516
0,8.800000,0,1,0.000016,3.606076,59.393406,58.558002,58.484909
3,8.800000,4,3,0.000000,0.698677,51.604729,50.954201,51.314018
2,8.800000,3,2,0.698677,3.593829,50.167297,52.459160,52.400780
1,8.800000,1,2,3.606076,3.593829,54.571144,54.864014,55.881516
0,9.000000,0,1,0.000016,3.715787,61.369278,58.674950,58.347084
3,9.000000,4,3,0.000000,0.698677,53.488132,50.547565,51.314018
2,9.000000,3,2,0.698677,3.593829,50.392677,52.862411,52.400780
1,9.000000,1,2,3.715787,3.593829,61.420872,54.946125,56.054199
0,9.200000,0,1,0.000016,3.715787,59.428444,58.670574,58.347084
3,9.200000,4,3,0.000000,0.698678,47.125652,51.984993,51.314018
2,9.200000,3,2,0.698678,3.748719,50.963398,53.051800,52.734222
1,9.200000,1,2,3.715787,3.748719,56.487637,55.281712,55.809601
0,9.400000,0,1,0.000017,3.715788,59.377056,58.444984,58.347084
3,9.400000,4,3,0.000000,0.698678,47.593719,50.852894,51.314022
2,9.400000,3,2,0.698678,3.748719,50.280518,52.356796,52.734222
1,9.400000,1,2,3.715788,3.748719,54.779640,54.761841,55.809601
0,9.600000,0,1,0.000017,3.715788,59.819668,58.433323,58.347084
3,9.600000,4,3,0.000000,0.698678,47.190884,50.549400,51.314022
2,9.600000,3,2,0.698678,3.748719,54.146805,52.393032,52.734222
1,9.600000,1,2,3.715788,3.748719,55.325645,55.084904,55.809601
0,9.800000,0,1,0.000017,3.592151,61.775078,58.314205,58.502281
3,9.800000,4,3,0.000000,0.698679,49.839802,52.010418,51.314022
2,9.800000,3,2,0.698679,3.957371,50.689983,53.561634,53.167809
1,9.800000,1,2,3.592151,3.957371,58.822491,54.815941,55.265480
0,10.000000,0,1,0.000018,3.592151,65.263367,58.580055,58.502281
3,10.000000,4,3,0.000000,0.698679,50.466206,50.275169,51.314026
2,10.000000,3,2,0.698679,3.838349,56.176735,53.470997,52.922604
1,10.000000,1,2,3.592151,3.838349,54.843727,53.931156,55.463524
0,10.200000,0,1,0.000018,3.592151,57.433712,58.510956,58.502281
3,10.200000,4,3,0.000000,0.540182,51.989895,50.841820,50.924145
2,10.200000,3,2,0.540182,4.023504,54.026150,52.739853,53.616024
1,10.200000,1,2,3.592151,4.023504,54.049133,54.251400,55.153854
0,10.400000,0,1,0.000018,3.592152,58.601910,58.483845,58.502281
3,10.400000,4,3,0.000000,0.540182,56.515842,51.266003,50.924145
2,10.400000,3,2,0.540182,4.023505,52.748714,53.333824,53.616024
1,10.400000,1,2,3.592152,4.023505,48.574081,54.226601,55.153854
0,10.600000,0,1,0.000019,3.592152,53.657940,59.202976,58.502281
3,10.600000,4,3,0.000000,0.540183,50.153919,50.120586,50.924145
2,10.600000,3,2,0.540183,4.189267,51.038746,53.789577,53.935303
1,10.600000,1,2,3.592152,4.189267,53.804062,54.239803,54.868927
0,10.800000,0,1,0.000019,3.731586,60.065693,58.922344,58.327095
3,10.800000,4,3,0.000000,0.540183,49.560570,51.992184,50.924145
2,10.800000,3,2,0.540183,4.189268,55.200748,54.369671,53.935303
1,10.800000,1,2,3.731586,4.189268,53.976425,54.355099,55.109100
0,11.000000,0,1,0.000019,3.731587,54.093292,58.085037,58.327095
3,11.000000,4,3,0.000000,0.540183,50.519722,51.858624,50.924149
2,11.000000,3,2,0.540183,4.189268,50.627735,54.163536,53.935303
1,11.000000,1,2,3.731587,4.189268,53.483166,55.252213,55.109100
0,11.200000,0,1,0.000020,3.866022,57.054161,58.651619,58.155472
3,11.200000,4,3,0.000000,0.680285,48.041130,52.576248,51.269485
2,11.200000,3,2,0.680285,4.072787,52.447781,53.536556,53.437031
1,11.200000,1,2,3.866022,4.072787,60.251808,55.528172,55.528351
0,11.400000,0,1,0.000020,3.986562,62.129955,57.623604,57.999245
3,11.400000,4,3,0.000000,0.902473,52.866520,50.860558,51.795593
2,11.400000,3,2,0.902473,4.072788,51.871609,53.583847,52.986267
1,11.400000,1,2,3.986562,4.072788,53.908180,56.002861,55.724144
0,11.600000,0,1,0.000021,3.986563,60.466454,57.812309,57.999245
3,11.600000,4,3,0.000000,0.902473,51.799149,52.354740,51.795597
2,11.600000,3,2,0.902473,4.177497,53.213173,54.360992,53.201031
1,11.600000,1,2,3.986563,4.177497,55.987202,56.555443,55.554268
0,11.800000,0,1,0.000021,4.286563,59.839092,58.253315,57.600376
3,11.800000,4,3,0.000000,0.757879,50.599491,52.817223,51.456131
2,11.800000,3,2,0.757879,4.177497,54.575512,53.875736,53.490784
1,11.800000,1,2,4.286563,4.177497,52.758820,57.522163,56.034050
0,12.000000,0,1,0.000021,4.286563,56.822666,57.238899,57.600376
3,12.000000,4,3,0.000000,0.757879,53.583675,50.732201,51.456131
2,12.000000,3,2,0.757879,4.177498,55.221737,54.217125,53.490784
1,12.000000,1,2,4.286563,4.177498,52.915131,57.968224,56.034050
0,12.200000,0,1,0.000022,4.286564,57.834846,57.323689,57.600376
3,12.200000,4,3,0.000000,0.757880,54.342075,50.299473,51.456131
2,12.200000,3,2,0.757880,4.177498,52.649914,54.190044,53.490784
1,12.200000,1,2,4.286564,4.177498,52.123478,57.671185,56.034050
0,12.400000,0,1,0.000022,4.286564,58.424515,57.528778,57.600376
3,12.400000,4,3,0.000000,0.645561,48.267151,50.460396,51.184914
2,12.400000,3,2,0.645561,4.177498,56.882271,54.622299,53.710640
1,12.400000,1,2,4.286564,4.177498,54.800209,57.740891,56.034050
0,12.600000,0,1,0.000022,4.286564,59.939091,57.138458,57.600376
3,12.600000,4,3,0.000000,0.645561,52.735588,51.241627,51.184914
2,12.600000,3,2,0.645561,4.177499,54.824368,55.423054,53.710640
1,12.600000,1,2,4.286564,4.177499,61.147469,57.131947,56.034050
0,12.800000,0,1,0.000023,4.286565,59.757172,56.949505,57.600376
3,12.800000,4,3,0.000000,0.645561,53.950169,51.263004,51.184914
2,12.800000,3,2,0.645561,4.177499,57.237438,55.563190,53.710640
1,12.800000,1,2,4.286565,4.177499,53.899410,57.478352,56.034050
0,13.000000,0,1,0.000023,4.286565,55.724503,57.988434,57.600376
3,13.000000,4,3,0.000000,0.645562,52.689217,51.577801,51.184914
2,13.000000,3,2,0.645562,4.177499,51.512161,54.718143,53.710640
1,13.000000,1,2,4.286565,4.177499,53.656029,56.921555,56.034050
0,13.200000,0,1,0.000023,4.286566,58.436443,57.863525,57.600376
3,13.200000,4,3,0.000000,0.645562,51.737408,52.126339,51.184917
2,13.200000,3,2,0.645562,4.177500,54.981003,54.822197,53.710640
1,13.200000,1,2,4.286566,4.177500,50.524727,56.770393,56.034050
0,13.400000,0,1,0.000024,4.286566,57.369949,58.389107,57.600376
3,13.400000,4,3,0.000000,0.645562,52.188713,50.628330,51.184917
2,13.400000,3,2,0.645562,4.177500,52.644489,54.501991,53.710640
1,13.400000,1,2,4.286566,4.177500,51.453819,56.838428,56.034050
0,13.600000,0,1,0.000024,4.286566,61.399048,58.666000,57.600376
3,13.600000,4,3,0.000000,0.645563,53.811348,52.025002,51.184917
2,13.600000,3,2,0.645563,4.177501,57.892166,54.544556,53.710640
1,13.600000,1,2,4.286566,4.177501,62.188095,56.128559,56.034050
0,13.800000,0,1,0.000024,4.286567,58.333164,57.971680,57.600376
3,13.800000,4,3,0.000000,0.837752,44.717667,49.537033,51.644958
2,13.800000,3,2,0.837752,4.177501,54.043518,54.121410,53.331688
1,13.800000,1,2,4.286567,4.177501,56.135983,56.296043,56.034050
0,14.000000,0,1,0.000025,4.286567,59.267250,57.866993,57.600376
3,14.000000,4,3,0.000000,0.837752,54.173656,51.634815,51.644958
2,14.000000,3,2,0.837752,4.177501,53.239552,54.180481,53.331688
1,14.000000,1,2,4.286567,4.177501,56.815475,56.728531,56.034050
0,14.200000,0,1,0.000025,4.489751,58.910385,57.816261,57.321659
3,14.200000,4,3,0.000000,0.837752,53.674370,51.413754,51.644962
2,14.200000,3,2,0.837752,4.306378,53.945244,54.541748,53.587257
1,14.200000,1,2,4.489751,4.306378,55.518120,57.286350,56.149681
0,14.400000,0,1,0.000026,4.629091,57.841866,56.546261,57.126301
3,14.400000,4,3,0.000000,0.669307,52.429081,52.468761,51.242821
2,14.400000,3,2,0.669307,4.429169,54.978352,55.220463,54.143555
1,14.400000,1,2,4.629091,4.429169,57.364460,56.952576,56.175270
0,14.600000,0,1,0.000026,4.629091,52.694679,57.595573,57.126301
3,14.600000,4,3,0.000000,0.669308,49.611267,50.958893,51.242821
2,14.600000,3,2,0.669308,4.636637,54.437935,55.571304,54.523148
1,14.600000,1,2,4.629091,4.636637,57.138206,56.208672,55.850067
0,14.800000,0,1,0.000026,4.629092,54.503239,57.566029,57.126301
3,14.800000,4,3,0.000000,0.797583,52.073006,51.127422,51.550407
2,14.800000,3,2,0.797583,4.636637,57.050594,56.139061,54.290016
1,14.800000,1,2,4.629092,4.636637,53.895351,55.551964,55.850067
0,15.000000,0,1,0.000027,4.629092,55.408085,57.339355,57.126301
3,15.000000,4,3,0.000000,0.797584,51.331585,51.091621,51.550407
2,15.000000,3,2,0.797584,4.636638,51.719833,55.343918,54.290016
1,15.000000,1,2,4.629092,4.636638,57.880138,55.422131,55.850067
0,15.200000,0,1,0.000027,4.459141,56.355305,57.463703,57.364113
3,15.200000,4,3,0.000000,1.054094,51.246521,52.115299,52.140518
2,15.200000,3,2,1.054094,4.636638,55.116692,55.530823,53.808266
1,15.200000,1,2,4.459141,4.636638,60.755119,54.281937,55.576218
0,15.400000,0,1,0.000027,4.459141,57.415012,57.583008,57.364113
3,15.400000,4,3,0.000000,1.054094,53.259594,51.428413,52.140518
2,15.400000,3,2,1.054094,4.742287,61.989555,55.431175,54.009277
1,15.400000,1,2,4.459141,4.742287,58.543411,53.697292,55.402435
0,15.600000,0,1,0.000028,4.724742,59.277615,57.738831,56.990135
3,15.600000,4,3,0.000000,1.054095,47.497894,52.138268,52.140518
2,15.600000,3,2,1.054095,4.742287,57.830940,55.282639,54.009277
1,15.600000,1,2,4.724742,4.742287,55.039669,54.891518,55.834145
0,15.800000,0,1,0.000028,4.896873,56.246010,56.924824,56.740700
3,15.800000,4,3,0.000000,1.054095,58.007828,51.799385,52.140518
2,15.800000,3,2,1.054095,4.642580,48.731033,54.632301,53.819664
1,15.800000,1,2,4.896873,4.642580,57.180847,55.109787,56.258907
0,16.000000,0,1,0.000028,4.896874,53.782814,56.717628,56.740700
3,16.000000,4,3,0.000000,1.167345,47.913101,51.284702,52.391186
2,16.000000,3,2,1.167345,4.642580,47.876656,54.743523,53.600204
1,16.000000,1,2,4.896874,4.642580,57.996304,56.427479,56.258907
0,16.200000,0,1,0.000029,4.896874,59.266876,57.152672,56.740700
3,16.200000,4,3,0.000000,1.167345,51.049747,53.579498,52.391190
2,16.200000,3,2,1.167345,4.805409,58.674679,54.826626,53.914364
1,16.200000,1,2,4.896874,4.805409,57.101665,55.977940,56.006477
0,16.400000,0,1,0.000029,4.896875,56.211060,57.297386,56.740700
3,16.400000,4,3,0.000000,1.307207,51.576317,51.737099,52.692978
2,16.400000,3,2,1.307207,4.805410,54.754608,54.712059,53.645073
1,16.400000,1,2,4.896875,4.805410,55.431629,55.284645,56.006477
0,16.600000,0,1,0.000029,4.896875,56.185627,56.554375,56.740700
3,16.600000,4,3,0.000000,1.307207,51.530899,53.379589,52.692978
2,16.600000,3,2,1.307207,4.805410,55.625896,54.292145,53.645073
1,16.600000,1,2,4.896875,4.805410,56.143436,55.611866,56.006477
0,16.800000,0,1,0.000030,4.787874,55.086853,56.534855,56.899315
3,16.800000,4,3,0.000000,1.307207,50.118530,53.212379,52.692978
2,16.800000,3,2,1.307207,4.805410,50.709255,54.398521,53.645073
1,16.800000,1,2,4.787874,4.805410,54.825787,55.395287,55.834160
0,17.000000,0,1,0.000030,4.787874,57.932522,56.772717,56.899315
3,17.000000,4,3,0.000000,1.307208,52.192623,53.522274,52.692978
2,17.000000,3,2,1.307208,4.805411,54.064095,54.756794,53.645073
1,17.000000,1,2,4.787874,4.805411,58.602951,55.379784,55.834160
0,17.200000,0,1,0.000030,4.643387,61.024467,56.880600,57.106064
3,17.200000,4,3,0.000000,1.459582,50.544548,51.694912,53.012493
2,17.200000,3,2,1.459582,4.805411,50.214539,54.274471,53.343884
1,17.200000,1,2,4.643387,4.805411,55.488964,56.236519,55.601437
0,17.400000,0,1,0.000031,4.643387,56.842117,56.747063,57.106064
3,17.400000,4,3,0.000000,1.459582,55.143436,54.369350,53.012493
2,17.400000,3,2,1.459582,4.805411,54.218967,53.226288,53.343884
1,17.400000,1,2,4.643387,4.805411,59.049751,56.307053,55.601437
0,17.600000,0,1,0.000031,4.643388,55.511749,56.192593,57.106064
3,17.600000,4,3,0.000000,1.459583,54.849987,52.868179,53.012493
2,17.600000,3,2,1.459583,4.805412,54.735992,53.186535,53.343884
1,17.600000,1,2,4.643388,4.805412,55.909370,56.663815,55.601437
0,17.800000,0,1,0.000032,4.443755,52.922089,56.469875,57.385391
3,17.800000,4,3,0.000000,1.459583,51.252071,52.552708,53.012497
2,17.800000,3,2,1.459583,4.805412,51.459713,52.878304,53.343884
1,17.800000,1,2,4.443755,4.805412,55.519722,56.717926,55.271461
0,18.000000,0,1,0.000032,4.443755,62.728817,57.045860,57.385391
3,18.000000,4,3,0.000000,1.354516,50.671799,53.286053,52.793190
2,18.000000,3,2,1.354516,4.805413,54.768078,52.117081,53.552456
1,18.000000,1,2,4.443755,4.805413,55.409889,56.671432,55.271461
0,18.200000,0,1,0.000032,4.568211,57.935261,57.370434,57.212097
3,18.200000,4,3,0.000000,1.458752,52.715832,53.635090,53.010777
2,18.200000,3,2,1.458752,4.805413,58.492733,52.381763,53.345551
1,18.200000,1,2,4.568211,4.805413,55.153706,57.101879,55.478348
0,18.400000,0,1,0.000033,4.568212,55.053890,57.090919,57.212097
3,18.400000,4,3,0.000000,1.458752,50.637203,53.624077,53.010780
2,18.400000,3,2,1.458752,4.919358,52.649097,52.149830,53.571529
1,18.400000,1,2,4.568212,4.919358,60.215961,56.384434,55.289085
0,18.600000,0,1,0.000033,4.568212,56.321747,57.045567,57.212097
3,18.600000,4,3,0.000000,1.567865,51.395588,52.839035,53.233971
2,18.600000,3,2,1.567865,4.919358,47.895031,52.744724,53.355232
1,18.600000,1,2,4.568212,4.919358,52.093433,55.081245,55.289085
0,18.800000,0,1,0.000033,4.829919,57.761448,57.862656,56.838413
3,18.800000,4,3,0.000000,1.431359,54.323448,53.169590,52.954018
2,18.800000,3,2,1.431359,4.919359,57.706795,53.392040,53.625164
1,18.800000,1,2,4.829919,4.919359,55.622219,55.658760,55.718971
0,19.000000,0,1,0.000034,4.829919,63.182293,57.802719,56.838413
3,19.000000,4,3,0.000000,1.431359,52.403900,52.719494,52.954018
2,19.000000,3,2,1.431359,4.919359,56.027100,54.104321,53.625164
1,19.000000,1,2,4.829919,4.919359,49.773209,55.816994,55.718971
0,19.200000,0,1,0.000034,4.829919,52.251205,57.820538,56.838413
3,19.200000,4,3,0.000000,1.309638,51.715004,51.915844,52.698151
2,19.200000,3,2,1.309638,5.052591,55.457405,53.843723,54.112022
1,19.200000,1,2,4.829919,5.052591,54.649006,55.790119,55.502251
0,19.400000,0,1,0.000034,4.829920,54.859524,57.904984,56.838413
3,19.400000,4,3,0.000000,1.309639,53.053345,52.131538,52.698151
2,19.400000,3,2,1.309639,5.052591,54.032722,54.086739,54.112022
1,19.400000,1,2,4.829920,5.052591,52.283997,55.301277,55.502251
0,19.600000,0,1,0.000035,4.829920,59.994995,57.873512,56.838413
3,19.600000,4,3,0.000000,1.309639,43.897079,53.601833,52.698151
2,19.600000,3,2,1.309639,5.052592,59.851681,54.192421,54.112022
1,19.600000,1,2,4.829920,5.052592,56.713745,55.324017,55.502251
0,19.800000,0,1,0.000035,4.937598,50.146828,56.952477,56.680847
3,19.800000,4,3,0.000000,1.309639,50.099808,51.847084,52.698151
2,19.800000,3,2,1.309639,5.052592,55.592274,54.555679,54.112022
1,19.800000,1,2,4.937598,5.052592,54.644661,55.558304,55.677734
0,20.000000,0,1,0.000035,5.043757,51.995411,56.965923,56.523232
3,20.000000,4,3,0.000000,1.309640,50.989536,50.235310,52.698151
2,20.000000,3,2,1.309640,5.190311,54.881626,55.032330,54.366203
1,20.000000,1,2,5.043757,5.190311,57.225647,56.583679,55.626595
0,20.200000,0,1,0.000036,5.043758,55.615757,56.732986,56.523232
3,20.200000,4,3,0.000000,1.309640,50.790291,51.855774,52.698151
2,20.200000,3,2,1.309640,5.190311,44.963196,54.736366,54.366203
1,20.200000,1,2,5.043758,5.190311,56.892078,56.187466,55.626595
0,20.400000,0,1,0.000036,5.043758,55.824879,57.335255,56.523232
3,20.400000,4,3,0.000000,1.309641,53.400749,53.823673,52.698154
2,20.400000,3,2,1.309641,5.190312,56.589794,54.850067,54.366203
1,20.400000,1,2,5.043758,5.190312,59.166023,55.938786,55.626595
0,20.600000,0,1,0.000037,5.043758,54.706902,56.913082,56.523232
3,20.600000,4,3,0.000000,1.309641,52.320431,52.618931,52.698154
2,20.600000,3,2,1.309641,5.190312,52.954376,54.788120,54.366203
1,20.600000,1,2,5.043758,5.190312,55.814240,55.949791,55.626595
0,20.800000,0,1,0.000037,5.043759,61.184860,56.651436,56.523232
3,20.800000,4,3,0.000000,1.309641,51.482536,53.139149,52.698154
2,20.800000,3,2,1.309641,5.190312,54.014988,54.295033,54.366203
1,20.800000,1,2,5.043759,5.190312,54.642147,55.051296,55.626595
0,21.000000,0,1,0.000037,5.043759,52.796982,56.888031,56.523232
3,21.000000,4,3,0.000000,1.309642,57.995186,52.330750,52.698158
2,21.000000,3,2,1.309642,5.190313,52.146118,54.424572,54.366203
1,21.000000,1,2,5.043759,5.190313,50.575890,55.450218,55.626595
0,21.200000,0,1,0.000038,5.043759,60.980591,57.373096,56.523232
3,21.200000,4,3,0.000000,1.309642,52.834293,51.796978,52.698158
2,21.200000,3,2,1.309642,5.190313,51.980019,55.343029,54.366203
1,21.200000,1,2,5.043759,5.190313,54.422436,55.990341,55.626595
0,21.400000,0,1,0.000038,5.197626,58.412064,57.094921,56.290649
3,21.400000,4,3,0.000000,1.309642,55.112583,51.799683,52.698158
2,21.400000,3,2,1.309642,5.190314,58.678967,54.825199,54.366203
1,21.400000,1,2,5.197626,5.190314,61.101818,57.199696,55.873680
0,21.600000,0,1,0.000038,5.197627,53.575287,57.076561,56.290649
3,21.600000,4,3,0.000000,1.442491,52.275459,51.730347,52.977119
2,21.600000,3,2,1.442491,5.190314,56.189434,55.326027,54.121117
1,21.600000,1,2,5.197627,5.190314,51.948769,57.595131,55.873680
0,21.800000,0,1,0.000039,5.197627,50.548279,56.900471,56.290649
3,21.800000,4,3,0.000000,1.442492,48.684765,52.832790,52.977119
2,21.800000,3,2,1.442492,5.068800,54.315464,54.422810,53.891987
1,21.800000,1,2,5.197627,5.068800,59.733696,57.819920,56.064919
0,22.000000,0,1,0.000039,5.197627,52.990532,56.707779,56.290649
3,22.000000,4,3,0.000000,1.591693,53.952480,52.508476,53.282104
2,22.000000,3,2,1.591693,5.068800,48.745720,53.320381,53.603867
1,22.000000,1,2,5.197627,5.068800,59.507122,57.194603,56.064919
0,22.200000,0,1,0.000039,5.197628,58.072910,56.774078,56.290649
3,22.200000,4,3,0.000000,1.419798,60.043026,52.085884,52.929974
2,22.200000,3,2,1.419798,5.068801,54.637791,53.438030,53.935146
1,22.200000,1,2,5.197628,5.068801,52.805321,57.733620,56.064919
0,22.400000,0,1,0.000040,5.197628,58.245075,56.631660,56.290649
3,22.400000,4,3,0.000000,1.518647,53.394657,52.468853,53.133862
2,22.400000,3,2,1.518647,5.068801,50.825020,53.435246,53.745880
1,22.400000,1,2,5.197628,5.068801,55.327576,57.589409,56.064919
0,22.600000,0,1,0.000040,5.197628,55.018826,57.012085,56.290649
3,22.600000,4,3,0.000000,1.518647,55.513237,53.150753,53.133862
2,22.600000,3,2,1.518647,5.342918,55.711418,53.781437,54.262825
1,22.600000,1,2,5.197628,5.342918,55.173485,57.193813,55.628647
0,22.800000,0,1,0.000040,5.306393,61.195423,56.968723,56.123184
3,22.800000,4,3,0.000000,1.518648,49.119137,53.676762,53.133865
2,22.800000,3,2,1.518648,5.342918,50.237915,54.943096,54.262825
1,22.800000,1,2,5.306393,5.342918,58.185001,57.023174,55.803856
0,23.000000,0,1,0.000041,5.306393,52.785381,55.876839,56.123184
3,23.000000,4,3,0.000000,1.518648,50.495022,53.059898,53.133865
2,23.000000,3,2,1.518648,5.342918,58.207092,54.820446,54.262825
1,23.000000,1,2,5.306393,5.342918,59.400120,56.547482,55.803856
0,23.200000,0,1,0.000041,5.125364,57.884281,56.615631,56.400505
3,23.200000,4,3,0.000000,1.518648,54.577011,53.513458,53.133865
2,23.200000,3,2,1.518648,5.342919,54.275330,54.771801,54.262825
1,23.200000,1,2,5.125364,5.342919,54.391113,56.862026,55.510651
0,23.400000,0,1,0.000041,5.125364,60.099720,57.126526,56.400505
3,23.400000,4,3,0.000000,1.518649,51.040359,52.625465,53.133865
2,23.400000,3,2,1.518649,5.342919,58.325657,55.276264,54.262825
1,23.400000,1,2,5.125364,5.342919,48.074390,57.150551,55.510651
0,23.600000,0,1,0.000042,5.125365,56.998024,56.787144,56.400505
3,23.600000,4,3,0.000000,1.518649,50.728058,53.242332,53.133865
2,23.600000,3,2,1.518649,5.230930,50.668579,55.532768,54.054596
1,23.600000,1,2,5.125365,5.230930,54.538761,57.484615,55.692966
0,23.800000,0,1,0.000042,5.125365,55.862823,56.743710,56.400505
3,23.800000,4,3,0.000000,1.518649,43.329567,54.123230,53.133865
2,23.800000,3,2,1.518649,5.230931,54.891861,55.210423,54.054596
1,23.800000,1,2,5.125365,5.230931,54.244869,57.735641,55.692966
0,24.000000,0,1,0.000043,5.001941,58.659492,56.610271,56.585602
3,24.000000,4,3,0.000000,1.385145,52.072845,53.898540,52.857582
2,24.000000,3,2,1.385145,5.411189,54.515186,55.261444,54.628208
1,24.000000,1,2,5.001941,5.411189,53.246319,56.943661,55.191296
0,24.200000,0,1,0.000043,5.001941,54.728756,57.231091,56.585602
3,24.200000,4,3,0.000000,1.385146,54.089561,53.128147,52.857582
2,24.200000,3,2,1.385146,5.411189,57.308113,55.688717,54.628208
1,24.200000,1,2,5.001941,5.411189,58.354843,56.006027,55.191296
0,24.400000,0,1,0.000043,5.001942,55.930820,57.688713,56.585602
3,24.400000,4,3,0.000000,1.498345,52.750809,52.785057,53.092297
2,24.400000,3,2,1.498345,5.411189,50.269543,55.159519,54.424736
1,24.400000,1,2,5.001942,5.411189,52.296429,56.379684,55.191296
0,24.600000,0,1,0.000044,5.107849,55.918316,57.222404,56.426971
3,24.600000,4,3,0.000000,1.498345,52.112862,51.676117,53.092300
2,24.600000,3,2,1.498345,5.411190,50.231869,54.793949,54.424736
1,24.600000,1,2,5.107849,5.411190,54.698479,56.334038,55.368896
0,24.800000,0,1,0.000044,4.928774,62.497402,56.787472,56.693859
3,24.800000,4,3,0.000000,1.498346,52.649216,53.410881,53.092300
2,24.800000,3,2,1.498346,5.597207,52.879124,55.484859,54.757111
1,24.800000,1,2,4.928774,5.597207,52.372818,56.725159,54.743996
0,25.000000,0,1,0.000044,4.928775,56.163994,57.454678,56.693859
3,25.000000,4,3,0.000000,1.498346,49.909500,53.529205,53.092300
2,25.000000,3,2,1.498346,5.399813,55.781658,55.197094,54.404076
1,25.000000,1,2,4.928775,5.399813,57.147919,55.573315,55.086319
0,25.200000,0,1,0.000045,4.928775,54.008404,57.283455,56.693859
3,25.200000,4,3,0.000000,1.645961,52.380070,53.118210,53.390945
2,25.200000,3,2,1.645961,5.560327,52.210091,54.046116,54.427498
1,25.200000,1,2,4.928775,5.560327,57.261040,56.503696,54.808781
0,25.400000,0,1,0.000045,4.928775,54.486340,57.828701,56.693859
3,25.400000,4,3,0.000000,1.645962,54.243717,53.258312,53.390945
2,25.400000,3,2,1.645962,5.560328,53.913151,53.075291,54.427498
1,25.400000,1,2,4.928775,5.560328,56.393028,55.618923,54.808781
0,25.600000,0,1,0.000045,5.080309,56.703434,57.706200,56.468445
3,25.600000,4,3,0.000000,1.645962,51.622978,52.506252,53.390945
2,25.600000,3,2,1.645962,5.560328,54.619450,53.188122,54.427498
1,25.600000,1,2,5.080309,5.560328,51.594383,55.646225,55.070976
0,25.800000,0,1,0.000046,5.080310,56.898563,57.041233,56.468445
3,25.800000,4,3,0.000000,1.645962,49.027882,52.858860,53.390945
2,25.800000,3,2,1.645962,5.560328,60.242432,52.979149,54.42749