2,0.200000,2,3,0.000000,0.000000,63.070374,NaN,61.337910
1,0.200000,2,1,0.000000,0.000000,42.851418,NaN,41.659397
3,0.200000,3,4,0.000000,0.000000,39.501469,36.649727,36.873650
0,0.200000,1,0,0.000000,0.000000,59.828018,NaN,60.688507
2,0.400000,2,3,-0.299999,0.300001,61.964912,NaN,60.746155
1,0.400000,2,1,-0.299999,0.299840,44.593693,NaN,44.713417
3,0.400000,3,4,0.300001,0.000000,37.873928,40.375153,39.316124
0,0.400000,1,0,0.299840,0.000001,65.837532,NaN,60.378586
2,0.600000,2,3,-0.599999,0.571062,61.859997,61.979839,60.151314
1,0.600000,2,1,-0.599999,0.599840,45.134377,46.279579,47.094860
3,0.600000,3,4,0.571062,0.000000,38.199966,39.384792,41.132122
0,0.600000,1,0,0.599840,0.000001,57.346321,65.445786,60.059380
2,0.800000,2,3,-0.899999,0.871063,57.408974,64.381027,59.489098
1,0.800000,2,1,-0.899999,0.791299,47.783546,45.985443,48.718674
3,0.800000,3,4,0.871063,0.000000,49.723770,43.027542,42.841274
0,0.800000,1,0,0.791299,0.000001,56.157700,60.933613,59.850647
2,1.000000,2,3,-1.138546,1.070902,61.049686,62.684853,58.978363
1,1.000000,2,1,-1.138546,1.027921,47.704247,46.831532,50.086945
3,1.000000,3,4,1.070902,0.000000,42.144436,42.096199,43.846756
0,1.000000,1,0,1.027921,0.000002,59.695065,59.774132,59.587006
2,1.200000,2,3,-1.251946,1.270463,61.978378,62.062382,58.598476
1,1.200000,2,1,-1.251946,1.327921,50.356300,49.274094,51.151463
3,1.200000,3,4,1.270463,0.000000,47.257664,44.269306,44.765770
0,1.200000,1,0,1.327921,0.000002,57.079533,59.033634,59.243271
2,1.400000,2,3,-1.490985,1.451941,56.505272,60.259277,58.066158
1,1.400000,2,1,-1.490985,1.442102,51.347305,50.470444,51.985016
3,1.400000,3,4,1.451941,0.000000,44.415119,45.427830,45.538948
0,1.400000,1,0,1.442102,0.000002,57.026810,58.050110,59.109528
2,1.600000,2,3,-1.379060,1.709318,55.258629,58.953743,57.875786
1,1.600000,2,1,-1.379060,1.574434,50.697159,51.303047,52.031273
3,1.600000,3,4,1.709318,0.000000,44.793339,46.574593,46.548920
0,1.600000,1,0,1.574434,0.000003,60.395252,58.298256,58.952442
2,1.800000,2,3,-1.528090,1.883178,56.249969,58.144974,57.440857
1,1.800000,2,1,-1.528090,1.574435,56.559425,50.808941,52.363235
3,1.800000,3,4,1.883178,0.000000,49.916397,47.414665,47.181610
0,1.800000,1,0,1.574435,0.000003,55.522087,58.754982,58.952442
2,2.000000,2,3,-1.628682,2.034440,55.101566,57.208763,57.089092
1,2.000000,2,1,-1.628682,1.574435,54.635162,51.707310,52.581703
3,2.000000,3,4,2.034440,0.000000,46.529114,47.040684,47.703590
0,2.000000,1,0,1.574435,0.000004,58.769474,59.154343,58.952442
2,2.200000,2,3,-1.628681,2.317577,61.101490,56.279366,56.679527
1,2.200000,2,1,-1.628681,1.781038,54.853485,51.731087,53.017071
3,2.200000,3,4,2.317577,0.000000,44.444466,47.693119,48.617943
0,2.200000,1,0,1.781038,0.000004,62.463356,58.581749,58.702549
2,2.400000,2,3,-1.628681,2.317578,55.208630,56.208263,56.679527
1,2.400000,2,1,-1.628681,1.781039,57.798817,51.233528,53.017071
3,2.400000,3,4,2.317578,0.000000,45.636261,47.973915,48.617947
0,2.400000,1,0,1.781039,0.000004,65.238213,58.387318,58.702549
2,2.600000,2,3,-1.628680,2.481997,56.181110,56.599693,56.434402
1,2.600000,2,1,-1.628680,1.781039,54.210270,52.282108,53.017071
3,2.600000,3,4,2.481997,0.000000,47.706089,49.416897,49.115601
0,2.600000,1,0,1.781039,0.000005,58.267365,58.717430,58.702549
2,2.800000,2,3,-1.628680,2.602476,50.712597,56.450775,56.251205
1,2.800000,2,1,-1.628680,1.781039,55.812717,51.885185,53.017071
3,2.800000,3,4,2.602476,0.000000,42.324341,49.783798,49.466301
0,2.800000,1,0,1.781039,0.000005,54.788437,58.849911,58.702549
2,3.000000,2,3,-1.628680,2.881415,55.150311,56.320484,55.814804
1,3.000000,2,1,-1.628680,1.963090,56.234653,52.188728,53.386742
3,3.000000,3,4,2.881415,0.000000,50.059135,50.485329,50.237270
0,3.000000,1,0,1.963090,0.000005,61.838390,58.525902,58.477486
2,3.200000,2,3,-1.628680,3.076518,53.919769,55.821972,55.498798
1,3.200000,2,1,-1.628680,2.131618,55.214779,52.484261,53.718090
3,3.200000,3,4,3.076518,0.000000,52.032146,49.751450,50.745728
0,3.200000,1,0,2.131618,0.000006,60.991352,57.252491,58.264896
2,3.400000,2,3,-1.628679,3.076518,53.638000,55.489819,55.498798
1,3.400000,2,1,-1.628679,2.131619,50.539417,52.788956,53.718090
3,3.400000,3,4,3.076518,0.000000,53.967499,51.000950,50.745728
0,3.400000,1,0,2.131619,0.000006,60.130089,57.695198,58.264896
2,3.600000,2,3,-1.628679,3.195001,55.654881,56.023552,55.302303
1,3.600000,2,1,-1.628679,2.131619,51.065155,52.532234,53.718090
3,3.600000,3,4,3.195001,0.000000,50.947735,50.583542,51.043278
0,3.600000,1,0,2.131619,0.000006,61.397591,57.722816,58.264896
2,3.800000,2,3,-1.628678,3.195001,56.892971,55.891811,55.302303
1,3.800000,2,1,-1.628678,2.255039,55.110260,53.318237,53.954491
3,3.800000,3,4,3.195001,0.000000,52.394024,52.147575,51.043282
0,3.800000,1,0,2.255039,0.000007,62.385571,57.910110,58.106522
2,4.000000,2,3,-1.726880,3.195002,57.635227,56.139748,55.136703
1,4.000000,2,1,-1.726880,2.255040,55.226601,53.821892,54.138981
3,4.000000,3,4,3.195002,0.000000,50.397636,50.663254,51.043282
0,4.000000,1,0,2.255040,0.000007,52.717899,57.272388,58.106522
2,4.200000,2,3,-1.726879,3.195002,56.949749,55.881844,55.136703
1,4.200000,2,1,-1.726879,2.255040,53.379303,54.007389,54.138981
3,4.200000,3,4,3.195002,0.000000,51.272694,49.627701,51.043282
0,4.200000,1,0,2.255040,0.000007,63.100655,57.623619,58.106522
2,4.400000,2,3,-1.726879,3.195002,55.855141,55.432442,55.136703
1,4.400000,2,1,-1.726879,2.387022,53.020004,54.164837,54.382092
3,4.400000,3,4,3.195002,0.000000,50.227005,49.623039,51.043282
0,4.400000,1,0,2.387022,0.000008,58.346848,57.866280,57.934570
2,4.600000,2,3,-1.726879,3.195003,57.188923,55.172359,55.136703
1,4.600000,2,1,-1.726879,2.387022,56.190742,54.032314,54.382092
3,4.600000,3,4,3.195003,0.000000,53.837891,50.348309,51.043282
0,4.600000,1,0,2.387022,0.000008,57.156258,57.519897,57.934570
2,4.800000,2,3,-1.726878,3.195003,49.037552,55.681736,55.136703
1,4.800000,2,1,-1.726878,2.387022,53.345703,54.570625,54.382092
3,4.800000,3,4,3.195003,0.000000,47.778835,50.775574,51.043282
0,4.800000,1,0,2.387022,0.000008,58.078075,57.287231,57.934570
2,5.000000,2,3,-1.726878,3.360286,52.370193,55.361473,54.852150
1,5.000000,2,1,-1.726878,2.387023,54.923752,54.229744,54.382092
3,5.000000,3,4,3.360286,0.000000,52.663364,52.334957,51.445194
0,5.000000,1,0,2.387023,0.000009,58.894363,57.112732,57.934570
2,5.200000,2,3,-1.726878,3.580135,52.229641,54.932808,54.461716
1,5.200000,2,1,-1.726878,2.387023,55.685402,54.056374,54.382092
3,5.200000,3,4,3.580135,0.000000,46.106625,51.512493,51.957733
0,5.200000,1,0,2.387023,0.000009,58.532532,57.432064,57.934570
2,5.400000,2,3,-1.726877,3.580135,53.370457,54.903275,54.461716
1,5.400000,2,1,-1.726877,2.387023,51.977112,54.449512,54.382092
3,5.400000,3,4,3.580135,0.000000,47.807617,52.767006,51.957733
0,5.400000,1,0,2.387023,0.000010,53.444286,57.562180,57.934570
2,5.600000,2,3,-1.726877,3.773215,55.283241,54.536392,54.106850
1,5.600000,2,1,-1.726877,2.387024,53.698780,54.018883,54.382092
3,5.600000,3,4,3.773215,0.000000,51.808876,51.702015,52.388737
0,5.600000,1,0,2.387024,0.000010,57.198433,57.611614,57.934570
2,5.800000,2,3,-1.634098,3.773216,54.130974,53.900192,54.278816
1,5.800000,2,1,-1.634098,2.387024,55.345535,54.204994,54.211761
3,5.800000,3,4,3.773216,0.000000,47.513977,53.172783,52.388737
0,5.800000,1,0,2.387024,0.000010,58.185368,57.406925,57.934570
2,6.000000,2,3,-1.634097,3.869777,54.401550,53.911041,54.099781
1,6.000000,2,1,-1.634097,2.557687,51.177120,53.939129,54.523041
3,6.000000,3,4,3.869777,0.000000,53.530106,52.656368,52.598034
0,6.000000,1,0,2.557687,0.000011,53.923580,56.905884,57.708107
2,6.200000,2,3,-1.634097,3.869777,58.750984,53.918266,54.099781
1,6.200000,2,1,-1.634097,2.557687,49.933025,54.642681,54.523041
3,6.200000,3,4,3.869777,0.000000,48.572414,52.615437,52.598034
0,6.200000,1,0,2.557687,0.000011,60.377426,56.645710,57.708107
2,6.400000,2,3,-1.634097,3.869777,53.176857,53.624599,54.099781
1,6.400000,2,1,-1.634097,2.557687,57.082218,54.631226,54.523041
3,6.400000,3,4,3.869777,0.000000,54.835964,51.009228,52.598034
0,6.400000,1,0,2.557687,0.000011,54.757153,56.966675,57.708107
2,6.600000,2,3,-1.766840,3.869778,51.167938,53.647247,53.848732
1,6.600000,2,1,-1.766840,2.690461,60.850830,54.831558,54.990257
3,6.600000,3,4,3.869778,0.000000,54.039997,51.947643,52.598038
0,6.600000,1,0,2.690461,0.000012,53.906612,57.022198,57.528595
2,6.800000,2,3,-1.766840,3.869778,52.139763,53.745247,53.848732
1,6.800000,2,1,-1.766840,2.690462,55.491268,55.440926,54.990257
3,6.800000,3,4,3.869778,0.000000,52.494499,53.744648,52.598038
0,6.800000,1,0,2.690462,0.000012,58.224720,57.541874,57.528595
2,7.000000,2,3,-1.766840,3.869778,60.428112,54.369579,53.848732
1,7.000000,2,1,-1.766840,2.690462,56.585579,54.748470,54.990257
3,7.000000,3,4,3.869778,0.000000,48.967693,53.397636,52.598038
0,7.000000,1,0,2.690462,0.000012,50.790344,57.588745,57.528595
2,7.200000,2,3,-1.666489,3.869779,51.516438,54.334541,54.039047
1,7.200000,2,1,-1.666489,2.690463,49.929729,54.964226,54.816032
3,7.200000,3,4,3.869779,0.000000,50.664848,51.626942,52.598038
0,7.200000,1,0,2.690463,0.000013,59.369980,57.484638,57.528595
2,7.400000,2,3,-1.855039,3.869779,54.068825,53.993107,53.678658
1,7.400000,2,1,-1.855039,2.690463,55.033978,54.637260,55.141113
3,7.400000,3,4,3.869779,0.000000,49.479050,53.301895,52.598038
0,7.400000,1,0,2.690463,0.000013,60.309498,57.381084,57.528595
2,7.600000,2,3,-1.855039,3.869779,48.607010,53.269737,53.678658
1,7.600000,2,1,-1.855039,2.690463,50.203735,55.471237,55.141113
3,7.600000,3,4,3.869779,0.000000,53.947716,52.755806,52.598038
0,7.600000,1,0,2.690463,0.000013,60.444233,57.490608,57.528595
2,7.800000,2,3,-1.855039,3.869780,53.449409,53.360435,53.678658
1,7.800000,2,1,-1.855039,2.690464,56.969379,55.223846,55.141113
3,7.800000,3,4,3.869780,0.000000,51.313053,53.513466,52.598042
0,7.800000,1,0,2.690464,0.000014,61.335648,58.106712,57.528595
2,8.000000,2,3,-1.855038,3.971440,56.637405,53.604473,53.479263
1,8.000000,2,1,-1.855038,2.690464,52.623577,55.578129,55.141113
3,8.000000,3,4,3.971440,0.000000,58.242302,53.719074,52.814117
0,8.000000,1,0,2.690464,0.000014,60.251080,58.399887,57.528595
2,8.200000,2,3,-1.855038,3.971440,51.696404,53.608334,53.479263
1,8.200000,2,1,-1.855038,2.690464,56.293621,55.654449,55.141113
3,8.200000,3,4,3.971440,0.000000,51.037537,52.545094,52.814117
0,8.200000,1,0,2.690464,0.000015,60.915375,58.546356,57.528595
2,8.400000,2,3,-1.736933,3.971441,58.033901,53.509148,53.710567
1,8.400000,2,1,-1.736933,2.690465,55.954395,56.189854,54.938629
3,8.400000,3,4,3.971441,0.000000,49.194725,51.851009,52.814117
0,8.400000,1,0,2.690465,0.000015,54.157948,59.170067,57.528595
2,8.600000,2,3,-1.736933,3.971441,54.840466,53.560741,53.710567
1,8.600000,2,1,-1.736933,2.852659,54.996075,55.139122,55.215744
3,8.600000,3,4,3.971441,0.000000,56.892338,54.115410,52.814117
0,8.600000,1,0,2.852659,0.000015,57.851398,58.397446,57.305199
2,8.800000,2,3,-1.736932,3.855119,53.813576,53.948143,53.933662
1,8.800000,2,1,-1.736932,2.852659,57.586487,55.494244,55.215744
3,8.800000,3,4,3.855119,0.000000,52.266476,53.161175,52.566521
0,8.800000,1,0,2.852659,0.000016,57.042889,57.501148,57.305199
2,9.000000,2,3,-1.870556,3.855119,58.976292,53.481552,53.676987
1,9.000000,2,1,-1.870556,2.852659,58.480495,54.549484,55.438850
3,9.000000,3,4,3.855119,0.000000,51.702480,52.682224,52.566521
0,9.000000,1,0,2.852659,0.000016,55.956348,57.707714,57.305199
2,9.200000,2,3,-1.674880,3.665193,57.840618,53.628151,54.401772
1,9.200000,2,1,-1.674880,2.852659,54.122032,55.194019,55.110561
3,9.200000,3,4,3.665193,0.000000,55.426300,54.285709,52.149712
0,9.200000,1,0,2.852659,0.000016,56.542320,57.577602,57.305199
2,9.400000,2,3,-1.521848,3.665193,50.837132,55.053722,54.676517
1,9.400000,2,1,-1.521848,2.852660,50.824909,54.950699,54.846718
3,9.400000,3,4,3.665193,0.000000,45.775002,49.890522,52.149715
0,9.400000,1,0,2.852660,0.000017,55.361206,57.765919,57.305199
2,9.600000,2,3,-1.521847,3.665194,51.171902,54.855030,54.676517
1,9.600000,2,1,-1.521847,2.852660,52.790398,53.874245,54.846718
3,9.600000,3,4,3.665194,0.000000,54.000984,52.653076,52.149715
0,9.600000,1,0,2.852660,0.000017,59.392433,57.542622,57.305199
2,9.800000,2,3,-1.412365,3.665194,61.035095,55.334286,54.868896
1,9.800000,2,1,-1.412365,2.852661,52.856579,53.576023,54.653938
3,9.800000,3,4,3.665194,0.000000,50.539680,54.363270,52.149719
0,9.800000,1,0,2.852661,0.000017,50.967518,57.379391,57.305199
2,10.000000,2,3,-1.412364,3.763120,52.534760,56.230152,54.696983
1,10.000000,2,1,-1.412364,2.852661,51.963272,53.840622,54.653938
3,10.000000,3,4,3.763120,0.000000,52.502728,51.830585,52.366619
0,10.000000,1,0,2.852661,0.000018,55.699909,56.736797,57.305199
2,10.200000,2,3,-1.412364,3.763120,55.342285,56.306072,54.696983
1,10.200000,2,1,-1.412364,2.968925,50.191059,54.309063,54.858543
3,10.200000,3,4,3.763120,0.000000,53.207047,52.628777,52.366619
0,10.200000,1,0,2.968925,0.000018,63.594219,57.358334,57.142189
2,10.400000,2,3,-1.412364,3.763120,51.301601,56.572788,54.696983
1,10.400000,2,1,-1.412364,2.968925,61.291096,54.809444,54.858543
3,10.400000,3,4,3.763120,0.000000,56.184982,53.916142,52.366623
0,10.400000,1,0,2.968925,0.000018,57.473003,56.772846,57.142189
2,10.600000,2,3,-1.412363,3.763121,50.598534,56.464024,54.696983
1,10.600000,2,1,-1.412363,3.098109,56.667591,55.489552,55.081451
3,10.600000,3,4,3.763121,0.000000,50.281952,53.129349,52.366623
0,10.600000,1,0,3.098109,0.000019,59.181694,56.150570,56.958145
2,10.800000,2,3,-1.412363,3.763121,48.440510,55.566132,54.696983
1,10.800000,2,1,-1.412363,3.098110,53.821995,55.450542,55.081451
3,10.800000,3,4,3.763121,0.000000,50.861290,52.082516,52.366623
0,10.800000,1,0,3.098110,0.000019,58.205215,55.456337,56.958145
2,11.000000,2,3,-1.412362,3.763122,59.236748,55.887108,54.696983
1,11.000000,2,1,-1.412362,3.218160,56.613506,55.702007,55.284576
3,11.000000,3,4,3.763122,0.000000,54.042866,52.123898,52.366623
0,11.000000,1,0,3.218160,0.000019,55.034954,54.896523,56.784271
2,11.200000,2,3,-1.412362,3.763122,55.351128,55.643757,54.696983
1,11.200000,2,1,-1.412362,3.218160,56.311821,55.475567,55.284576
3,11.200000,3,4,3.763122,0.000000,51.962978,52.113228,52.366623
0,11.200000,1,0,3.218160,0.000020,55.310799,54.964790,56.784271
2,11.400000,2,3,-1.412362,3.868741,53.718746,55.094429,54.508469
1,11.400000,2,1,-1.412362,3.218161,59.317986,55.751110,55.284576
3,11.400000,3,4,3.868741,0.000000,53.506603,52.525673,52.595810
0,11.400000,1,0,3.218161,0.000020,58.894279,55.318447,56.784271
2,11.600000,2,3,-1.412361,3.868741,56.822762,54.460579,54.508469
1,11.600000,2,1,-1.412361,3.218161,59.322567,55.726112,55.284576
3,11.600000,3,4,3.868741,0.000000,53.078114,51.145496,52.595810
0,11.600000,1,0,3.218161,0.000021,53.871101,55.975372,56.784271
2,11.800000,2,3,-1.290769,3.868742,52.212841,54.131771,54.725212
1,11.800000,2,1,-1.290769,3.218161,58.125320,55.240734,55.078815
3,11.800000,3,4,3.868742,0.000000,49.728477,52.990536,52.595810
0,11.800000,1,0,3.218161,0.000021,55.469181,56.064674,56.784271
2,12.000000,2,3,-1.395019,3.868742,52.538334,55.016335,54.539650
1,12.000000,2,1,-1.395019,3.218162,53.815578,55.248322,55.255466
3,12.000000,3,4,3.868742,0.000000,54.557213,53.284386,52.595810
0,12.000000,1,0,3.218162,0.000021,54.049110,56.267258,56.784271
2,12.200000,2,3,-1.395019,3.868742,54.206600,55.206470,54.539650
1,12.200000,2,1,-1.395019,3.218162,52.510956,55.535435,55.255466
3,12.200000,3,4,3.868742,0.000000,53.091038,52.364986,52.595814
0,12.200000,1,0,3.218162,0.000022,52.543163,56.610649,56.784271
2,12.400000,2,3,-1.395018,3.868743,57.773693,55.122555,54.539650
1,12.400000,2,1,-1.395018,3.218162,55.992050,54.703854,55.255466
3,12.400000,3,4,3.868743,0.000000,53.447754,52.641296,52.595814
0,12.400000,1,0,3.218162,0.000022,54.874516,56.979153,56.784271
2,12.600000,2,3,-1.395018,3.868743,54.638935,54.962643,54.539650
1,12.600000,2,1,-1.395018,3.218163,58.461475,54.799953,55.255466
3,12.600000,3,4,3.868743,0.000000,51.952145,51.565571,52.595814
0,12.600000,1,0,3.218163,0.000022,54.652821,57.204468,56.784271
2,12.800000,2,3,-1.395018,3.868743,53.416103,55.018444,54.539650
1,12.800000,2,1,-1.395018,3.218163,54.646122,55.116177,55.255466
3,12.800000,3,4,3.868743,0.000000,55.236187,53.550301,52.595818
0,12.800000,1,0,3.218163,0.000023,60.065208,57.148724,56.784271
2,13.000000,2,3,-1.395017,3.868744,59.673820,54.891068,54.539650
1,13.000000,2,1,-1.395017,3.218163,57.791710,55.826706,55.255466
3,13.000000,3,4,3.868744,0.000000,53.890583,51.829788,52.595818
0,13.000000,1,0,3.218163,0.000023,52.790798,57.562321,56.784271
2,13.200000,2,3,-1.270643,4.038723,51.555058,54.657547,54.457462
1,13.200000,2,1,-1.270643,3.218164,56.027351,55.453300,55.044384
3,13.200000,3,4,4.038723,0.000000,52.788174,52.740463,52.954796
0,13.200000,1,0,3.218164,0.000023,61.204002,57.414173,56.784271
2,13.400000,2,3,-1.270643,4.038723,58.876148,54.535423,54.457462
1,13.400000,2,1,-1.270643,3.327900,55.054199,55.800396,55.230835
3,13.400000,3,4,4.038723,0.000000,56.048233,53.744995,52.954796
0,13.400000,1,0,3.327900,0.000024,58.497471,57.543320,56.622864
2,13.600000,2,3,-1.270642,4.038724,60.262505,54.767323,54.457462
1,13.600000,2,1,-1.270642,3.491204,51.490139,55.467285,55.502506
3,13.600000,3,4,4.038724,0.000000,49.811520,53.934788,52.954796
0,13.600000,1,0,3.491204,0.000024,55.583988,56.975983,56.378128
2,13.800000,2,3,-1.270642,4.038724,54.734962,55.228603,54.457462
1,13.800000,2,1,-1.270642,3.373184,56.346039,56.044758,55.306854
3,13.800000,3,4,4.038724,0.000000,56.654709,51.439190,52.954796
0,13.800000,1,0,3.373184,0.000024,60.463482,56.670513,56.555550
2,14.000000,2,3,-1.270642,4.189190,51.619987,55.252144,54.181808
1,14.000000,2,1,-1.270642,3.373185,58.605633,56.322563,55.306854
3,14.000000,3,4,4.189190,0.000000,50.523952,54.566090,53.262955
0,14.000000,1,0,3.373185,0.000025,59.995079,57.131538,56.555550
2,14.200000,2,3,-1.270641,4.347381,55.260460,54.699718,53.884251
1,14.200000,2,1,-1.270641,3.519636,53.997845,56.458328,55.549118
3,14.200000,3,4,4.347381,0.000000,57.440491,53.144081,53.577770
0,14.200000,1,0,3.519636,0.000025,58.785774,56.918240,56.334953
2,14.400000,2,3,-1.374918,4.347381,55.885990,53.937317,53.683548
1,14.400000,2,1,-1.374918,3.519636,57.891731,56.582722,55.718376
3,14.400000,3,4,4.347381,0.000000,51.410862,54.095043,53.577774
0,14.400000,1,0,3.519636,0.000026,58.143101,57.691952,56.334953
2,14.600000,2,3,-1.480019,4.347382,48.077991,54.033363,53.477436
1,14.600000,2,1,-1.480019,3.519636,53.546696,56.552746,55.886349
3,14.600000,3,4,4.347382,0.000000,50.277760,55.065620,53.577774
0,14.600000,1,0,3.519636,0.000026,55.474987,57.652794,56.334953
2,14.800000,2,3,-1.480019,4.473992,53.219639,54.214031,53.223831
1,14.800000,2,1,-1.480019,3.519637,54.324200,56.685287,55.886349
3,14.800000,3,4,4.473992,0.000000,52.120430,53.616447,53.823326
0,14.800000,1,0,3.519637,0.000026,59.392895,57.535843,56.334953
2,15.000000,2,3,-1.330052,4.619036,54.294735,54.530262,53.233803
1,15.000000,2,1,-1.330052,3.519637,51.845757,56.212025,55.645874
3,15.000000,3,4,4.619036,0.000000,55.018791,54.279861,54.097969
0,15.000000,1,0,3.519637,0.000027,56.684074,57.080250,56.334953
2,15.200000,2,3,-1.168187,4.619036,53.682831,54.481304,53.556690
1,15.200000,2,1,-1.168187,3.519638,56.439331,55.959942,55.380203
3,15.200000,3,4,4.619036,0.000000,56.745380,53.550701,54.097969
0,15.200000,1,0,3.519638,0.000027,58.672428,57.028858,56.334953
2,15.400000,2,3,-1.050360,4.443602,48.854130,54.787697,54.118294
1,15.400000,2,1,-1.050360,3.404750,61.834152,55.203594,54.986481
3,15.400000,3,4,4.443602,0.000000,52.537945,53.583778,53.764889
0,15.400000,1,0,3.404750,0.000027,58.943768,57.105930,56.508385
2,15.600000,2,3,-1.050360,4.443602,57.330944,55.837433,54.118294
1,15.600000,2,1,-1.050360,3.404750,54.461273,54.101501,54.986481
3,15.600000,3,4,4.443602,0.000000,45.756317,53.191837,53.764893
0,15.600000,1,0,3.404750,0.000028,59.234917,56.919415,56.508385
2,15.800000,2,3,-1.170498,4.443602,49.120277,56.303505,53.891727
1,15.800000,2,1,-1.170498,3.404751,58.299545,53.698074,55.191525
3,15.800000,3,4,4.443602,0.000000,54.703045,53.482609,53.764893
0,15.800000,1,0,3.404751,0.000028,56.252937,56.743481,56.508385
2,16.000000,2,3,-1.170498,4.443603,52.265224,54.858021,53.891727
1,16.000000,2,1,-1.170498,3.404751,52.943459,53.670048,55.191525
3,16.000000,3,4,4.443603,0.000000,53.276104,53.955437,53.764893
0,16.000000,1,0,3.404751,0.000028,55.872452,56.867783,56.508385
2,16.200000,2,3,-1.170497,4.443603,58.152290,54.978203,53.891727
1,16.200000,2,1,-1.170497,3.404751,57.214828,53.737751,55.191525
3,16.200000,3,4,4.443603,0.000000,59.497540,53.716736,53.764893
0,16.200000,1,0,3.404751,0.000029,57.277985,56.872787,56.508385
2,16.400000,2,3,-1.170497,4.559028,55.987835,54.752274,53.669502
1,16.400000,2,1,-1.170497,3.404752,59.566074,54.008347,55.191525
3,16.400000,3,4,4.559028,0.000000,49.148731,53.887100,53.985184
0,16.400000,1,0,3.404752,0.000029,57.438530,56.881367,56.508385
2,16.600000,2,3,-1.170497,4.559028,53.270489,54.402000,53.669502
1,16.600000,2,1,-1.170497,3.513690,55.630592,54.646950,55.374161
3,16.600000,3,4,4.559028,0.000000,56.989803,54.259422,53.985184
0,16.600000,1,0,3.513690,0.000029,61.378357,57.407692,56.344002
2,16.800000,2,3,-1.346895,4.384462,53.867737,53.634083,53.665939
1,16.800000,2,1,-1.346895,3.361560,57.157215,54.995369,55.414429
3,16.800000,3,4,4.384462,0.000000,55.884335,54.388325,53.650265
0,16.800000,1,0,3.361560,0.000030,54.592617,56.742149,56.572876
2,17.000000,2,3,-1.346894,4.494627,49.151100,53.177273,53.449444
1,17.000000,2,1,-1.346894,3.361560,61.813599,54.737530,55.414429
3,17.000000,3,4,4.494627,0.000000,53.632633,54.338928,53.862823
0,17.000000,1,0,3.361560,0.000030,50.461788,56.506027,56.572876
2,17.200000,2,3,-1.346894,4.494627,52.593258,53.017693,53.449444
1,17.200000,2,1,-1.346894,3.243027,55.039082,54.535511,55.216301
3,17.200000,3,4,4.494627,0.000000,51.367710,55.255444,53.862823
0,17.200000,1,0,3.243027,0.000030,57.730957,56.500473,56.747917
2,17.400000,2,3,-1.346894,4.494627,54.048630,53.462852,53.449444
1,17.400000,2,1,-1.346894,3.345277,58.317009,54.522808,55.387424
3,17.400000,3,4,4.494627,0.000000,53.716988,53.416183,53.862823
0,17.400000,1,0,3.345277,0.000031,57.672649,57.297871,56.597092
2,17.600000,2,3,-1.346893,4.388843,50.701767,53.805099,53.657417
1,17.600000,2,1,-1.346893,3.345277,53.177746,54.198997,55.387424
3,17.600000,3,4,4.388843,0.000000,49.885048,52.302326,53.658798
0,17.600000,1,0,3.345277,0.000031,55.179256,56.649879,56.597092
2,17.800000,2,3,-1.346893,4.166561,54.095673,54.164726,54.081856
1,17.800000,2,1,-1.346893,3.345278,52.427727,53.772533,55.387424
3,17.800000,3,4,4.166561,0.000000,52.011917,52.598587,53.217163
0,17.800000,1,0,3.345278,0.000032,60.948009,56.565491,56.597092
2,18.000000,2,3,-1.177662,4.166561,52.381981,54.691151,54.394226
1,18.000000,2,1,-1.177662,3.345278,58.391590,53.994530,55.102722
3,18.000000,3,4,4.166561,0.000000,51.217148,53.887287,53.217163
0,18.000000,1,0,3.345278,0.000032,55.212425,56.631062,56.597092
2,18.200000,2,3,-1.177662,4.166561,52.914722,54.630180,54.394226
1,18.200000,2,1,-1.177662,3.345278,55.972210,52.988049,55.102722
3,18.200000,3,4,4.166561,0.000000,56.879070,53.353573,53.217163
0,18.200000,1,0,3.345278,0.000032,56.008751,56.884304,56.597092
2,18.400000,2,3,-0.948616,3.988335,49.160393,54.910114,55.111069
1,18.400000,2,1,-0.948616,3.345279,50.046394,53.120998,54.705109
3,18.400000,3,4,3.988335,0.000000,55.881527,52.598988,52.849613
0,18.400000,1,0,3.345279,0.000033,58.139488,56.961433,56.597092
2,18.600000,2,3,-0.948615,4.160881,56.086372,55.930500,54.813126
1,18.600000,2,1,-0.948615,3.345279,60.929607,53.353756,54.705109
3,18.600000,3,4,4.160881,0.000000,52.797092,53.870678,53.205643
0,18.600000,1,0,3.345279,0.000033,59.493114,57.795696,56.597092
2,18.800000,2,3,-0.948615,4.160881,51.617371,55.764473,54.813126
1,18.800000,2,1,-0.948615,3.345279,49.340099,53.530121,54.705109
3,18.800000,3,4,4.160881,0.000000,51.997845,52.908836,53.205643
0,18.800000,1,0,3.345279,0.000033,55.770386,57.468407,56.597092
2,19.000000,2,3,-0.948615,4.160882,53.732044,56.136101,54.813126
1,19.000000,2,1,-0.948615,3.464187,59.894779,53.650997,54.913345
3,19.000000,3,4,4.160882,0.000000,58.516651,55.166534,53.205643
0,19.000000,1,0,3.464187,0.000034,57.561138,56.465305,56.419014
2,19.200000,2,3,-0.948614,4.160882,62.108135,55.326233,54.813126
1,19.200000,2,1,-0.948614,3.581497,54.566044,54.069000,55.114941
3,19.200000,3,4,4.160882,0.000000,51.760960,53.722828,53.205643
0,19.200000,1,0,3.581497,0.000034,54.168732,56.807644,56.240421
2,19.400000,2,3,-0.948614,4.269485,58.613724,54.871357,54.621315
1,19.400000,2,1,-0.948614,3.581497,56.023586,54.907803,55.114941
3,19.400000,3,4,4.269485,0.000000,51.509609,53.642826,53.423889
0,19.400000,1,0,3.581497,0.000034,58.415073,56.790680,56.240421
2,19.600000,2,3,-1.135190,4.269485,55.013390,54.481922,54.283669
1,19.600000,2,1,-1.135190,3.581497,52.942005,54.948593,55.428055
3,19.600000,3,4,4.269485,0.000000,50.033424,52.979122,53.423889
0,19.600000,1,0,3.581497,0.000035,52.440681,56.577801,56.240421
2,19.800000,2,3,-1.037366,4.269485,53.382301,55.059917,54.462009
1,19.800000,2,1,-1.037366,3.581498,54.007088,55.607227,55.265015
3,19.800000,3,4,4.269485,0.000000,46.765045,53.687443,53.423893
0,19.800000,1,0,3.581498,0.000035,52.519009,56.743446,56.240421
2,20.000000,2,3,-1.037365,4.269486,53.017258,55.796719,54.462009
1,20.000000,2,1,-1.037365,3.581498,53.797401,55.196957,55.265015
3,20.000000,3,4,4.269486,0.000000,53.733887,53.240307,53.423893
0,20.000000,1,0,3.581498,0.000035,51.933533,56.753517,56.240421
2,20.200000,2,3,-1.037365,4.269486,57.233047,55.599911,54.462009
1,20.200000,2,1,-1.037365,3.581498,54.338348,54.952236,55.265015
3,20.200000,3,4,4.269486,0.000000,56.051426,52.576786,53.423893
0,20.200000,1,0,3.581498,0.000036,53.296185,56.955051,56.240421
2,20.400000,2,3,-1.037365,4.269487,57.255852,55.651985,54.462009
1,20.400000,2,1,-1.037365,3.581499,56.078041,54.495174,55.265015
3,20.400000,3,4,4.269487,0.000000,51.742661,53.824516,53.423897
0,20.400000,1,0,3.581499,0.000036,55.762848,57.118675,56.240421
2,20.600000,2,3,-1.037364,4.269487,54.557846,55.494503,54.462009
1,20.600000,2,1,-1.037364,3.581499,60.374954,54.274147,55.265015
3,20.600000,3,4,4.269487,0.000000,57.885746,52.116547,53.423897
0,20.600000,1,0,3.581499,0.000037,60.544804,56.622112,56.240421
2,20.800000,2,3,-1.037364,4.269487,55.682129,55.382912,54.462009
1,20.800000,2,1,-1.037364,3.581500,54.414227,54.454052,55.265015
3,20.800000,3,4,4.269487,0.000000,54.067593,53.326027,53.423897
0,20.800000,1,0,3.581500,0.000037,55.712051,56.308441,56.240421
2,21.000000,2,3,-1.279956,4.269488,49.667099,55.204597,54.014252
1,21.000000,2,1,-1.279956,3.581500,55.817623,54.984577,55.664940
3,21.000000,3,4,4.269488,0.000000,51.707062,53.476681,53.423897
0,21.000000,1,0,3.581500,0.000037,53.229580,56.109043,56.240421
2,21.200000,2,3,-1.279956,4.139064,46.887482,55.227619,54.257271
1,21.200000,2,1,-1.279956,3.458980,56.064480,55.810448,55.464798
3,21.200000,3,4,4.139064,0.000000,55.701057,53.280777,53.161263
0,21.200000,1,0,3.458980,0.000038,61.112217,56.097393,56.426880
2,21.400000,2,3,-1.137257,4.139064,52.031628,56.206787,54.517075
1,21.400000,2,1,-1.137257,3.458981,58.074753,55.337292,55.226952
3,21.400000,3,4,4.139064,0.000000,53.264168,52.036045,53.161263
0,21.400000,1,0,3.458981,0.000038,56.552467,56.436306,56.426880
2,21.600000,2,3,-1.137256,4.139064,53.924744,56.511520,54.517075
1,21.600000,2,1,-1.137256,3.273093,61.707840,53.991184,54.909088
3,21.600000,3,4,4.139064,0.000000,52.058762,52.864277,53.161263
0,21.600000,1,0,3.273093,0.000038,53.424217,56.081551,56.703796
2,21.800000,2,3,-1.137256,4.139065,56.154232,57.175014,54.517075
1,21.800000,2,1,-1.137256,3.273093,57.282616,54.127670,54.909088
3,21.800000,3,4,4.139065,0.000000,57.520271,52.407310,53.161263
0,21.800000,1,0,3.273093,0.000039,56.929771,56.367512,56.703796
2,22.000000,2,3,-1.137255,4.139065,52.712467,56.446785,54.517075
1,22.000000,2,1,-1.137255,3.273094,62.471687,54.668747,54.909088
3,22.000000,3,4,4.139065,0.000000,47.835003,54.769669,53.161266
0,22.000000,1,0,3.273094,0.000039,56.272579,56.335548,56.703796
2,22.200000,2,3,-1.137255,4.249565,52.944611,57.024071,54.316441
1,22.200000,2,1,-1.137255,3.273094,51.585243,54.891861,54.909088
3,22.200000,3,4,4.249565,0.000000,55.388561,52.965908,53.384186
0,22.200000,1,0,3.273094,0.000039,57.399059,56.328857,56.703796
2,22.400000,2,3,-1.137255,4.249565,51.094444,56.620247,54.316441
1,22.400000,2,1,-1.137255,3.273094,56.591469,54.867107,54.909088
3,22.400000,3,4,4.249565,0.000000,51.501820,54.976395,53.384186
0,22.400000,1,0,3.273094,0.000040,52.079670,55.816002,56.703796
2,22.600000,2,3,-1.137254,4.249565,56.502750,56.140133,54.316441
1,22.600000,2,1,-1.137254,3.497723,62.008484,55.514778,55.292038
3,22.600000,3,4,4.249565,0.000000,53.111347,53.845966,53.384186
0,22.600000,1,0,3.497723,0.000040,60.771576,56.189301,56.368267
2,22.800000,2,3,-1.013846,4.249566,58.141003,55.564476,54.540276
1,22.800000,2,1,-1.013846,3.497724,59.228504,55.465805,55.083328
3,22.800000,3,4,4.249566,0.000000,62.389030,54.147064,53.384186
0,22.800000,1,0,3.497724,0.000040,54.099140,55.702473,56.368267
2,23.000000,2,3,-0.895968,4.476252,54.973862,55.109299,54.343163
1,23.000000,2,1,-0.895968,3.497724,52.691353,55.390572,54.880146
3,23.000000,3,4,4.476252,0.000000,52.022255,53.275761,53.827660
0,23.000000,1,0,3.497724,0.000041,55.047127,56.418732,56.368267
2,23.200000,2,3,-0.761865,4.476252,56.871025,54.690090,54.585587
1,23.200000,2,1,-0.761865,3.497725,56.565666,54.496273,54.644279
3,23.200000,3,4,4.476252,0.000000,55.900757,54.050095,53.827660
0,23.200000,1,0,3.497725,0.000041,57.431389,56.403683,56.368267
2,23.400000,2,3,-0.761864,4.476252,51.315556,55.109905,54.585587
1,23.400000,2,1,-0.761864,3.497725,53.699314,54.337708,54.644279
3,23.400000,3,4,4.476252,0.000000,54.792919,54.345352,53.827660
0,23.400000,1,0,3.497725,0.000041,60.614662,56.578800,56.368267
2,23.600000,2,3,-0.761864,4.674665,53.135288,54.824368,54.224960
1,23.600000,2,1,-0.761864,3.497725,52.498131,54.304848,54.644279
3,23.600000,3,4,4.674665,0.000000,49.237320,55.067097,54.201488
0,23.600000,1,0,3.497725,0.000042,56.155533,56.196373,56.368267
2,23.800000,2,3,-0.761864,4.674665,54.333099,54.746773,54.224960
1,23.800000,2,1,-0.761864,3.497725,51.082417,54.632774,54.644279
3,23.800000,3,4,4.674665,0.000000,49.013561,55.352119,54.201492
0,23.800000,1,0,3.497725,0.000042,52.454960,55.848557,56.368267
2,24.000000,2,3,-0.761863,4.674666,55.189102,54.797565,54.224960
1,24.000000,2,1,-0.761863,3.497726,54.705975,54.878716,54.644279
3,24.000000,3,4,4.674666,0.000000,61.754559,53.389206,54.201492
0,24.000000,1,0,3.497726,0.000043,58.980072,55.298637,56.368267
2,24.200000,2,3,-0.761863,4.845222,55.603867,54.294514,53.905090
1,24.200000,2,1,-0.761863,3.497726,54.925926,55.198685,54.644279
3,24.200000,3,4,4.845222,0.000000,55.429195,54.973217,54.512856
0,24.200000,1,0,3.497726,0.000043,52.380978,55.305359,56.368267
2,24.400000,2,3,-0.761863,4.845222,54.986153,53.860020,53.905090
1,24.400000,2,1,-0.761863,3.497727,53.991657,54.888458,54.644279
3,24.400000,3,4,4.845222,0.000000,62.934502,54.626884,54.512859
0,24.400000,1,0,3.497727,0.000043,57.492916,55.512646,56.368267
2,24.600000,2,3,-0.893443,4.845222,53.113247,53.751633,53.651711
1,24.600000,2,1,-0.893443,3.497727,54.932732,54.860897,54.875755
3,24.600000,3,4,4.845222,0.000000,55.599552,53.788048,54.512859
0,24.600000,1,0,3.497727,0.000044,57.926807,55.571453,56.368267
2,24.800000,2,3,-0.893443,4.845223,49.310822,54.003513,53.651711
1,24.800000,2,1,-0.893443,3.497727,51.880810,55.239403,54.875755
3,24.800000,3,4,4.845223,0.000000,53.470715,54.539082,54.512859
0,24.800000,1,0,3.497727,0.000044,56.058075,55.559990,56.368267
2,25.000000,2,3,-0.676361,4.845223,51.266117,53.243095,54.066620
1,25.000000,2,1,-0.676361,3.710813,50.855961,55.634190,54.868797
3,25.000000,3,4,4.845223,0.000000,57.485477,55.148148,54.512859
0,25.000000,1,0,3.710813,0.000044,53.660454,56.161449,56.040100
2,25.200000,2,3,-0.676360,4.943328,49.644405,53.423885,53.881073
1,25.200000,2,1,-0.676360,3.710813,59.102940,55.610126,54.868797
3,25.200000,3,4,4.943328,0.000000,54.897556,54.007004,54.687996
0,25.200000,1,0,3.710813,0.000045,60.533436,55.932350,56.040100
2,25.400000,2,3,-0.804167,4.943329,53.012474,53.241386,53.634491
1,25.400000,2,1,-0.804167,3.601639,51.939976,55.286312,54.901199
3,25.400000,3,4,4.943329,0.000000,58.412632,55.669121,54.688000
0,25.400000,1,0,3.601639,0.000045,51.223469,56.085831,56.209480
2,25.600000,2,3,-0.804167,4.943329,57.418938,53.651283,53.634491
1,25.600000,2,1,-0.804167,3.601639,53.608551,55.967545,54.901199
3,25.600000,3,4,4.943329,0.000000,57.449173,53.396439,54.688000
0,25.600000,1,0,3.601639,0.000045,55.76685