0,0.200000,0,1,0.000000,0.000000,56.621769,NaN,57.577248
3,0.200000,4,3,0.000000,0.000000,45.792294,41.772217,42.529121
2,0.200000,2,3,0.000000,0.000000,57.020920,NaN,60.000000
1,0.200000,2,1,0.000000,0.000000,52.582504,NaN,52.474251
0,0.400000,0,1,0.000001,0.000001,58.614651,NaN,57.577248
3,0.400000,4,3,0.000000,0.000001,38.495617,42.490826,42.529125
2,0.400000,2,3,0.000001,0.000001,63.482368,NaN,60.000000
1,0.400000,2,1,0.000001,0.000001,50.903831,NaN,52.474251
0,0.600000,0,1,0.000001,0.000001,55.308235,55.280918,57.577248
3,0.600000,4,3,0.000000,0.290548,48.145081,43.932243,44.001053
2,0.600000,2,3,0.000001,0.290548,58.729939,59.397053,59.679871
1,0.600000,2,1,0.000001,0.000001,50.000854,53.912453,52.474251
0,0.800000,0,1,0.000001,0.038623,62.493496,57.216305,57.524704
3,0.800000,4,3,0.000000,0.555348,44.311638,44.698643,45.188316
2,0.800000,2,3,-0.186981,0.555348,59.252926,60.411518,59.162544
1,0.800000,2,1,-0.186981,0.038623,51.596424,54.576614,52.953415
0,1.000000,0,1,0.000002,0.056906,54.166916,57.538784,57.499748
3,1.000000,4,3,0.000000,0.838877,48.922981,45.002258,46.330338
2,1.000000,2,3,-0.330733,0.838877,57.541248,60.457409,58.649498
1,1.000000,2,1,-0.330733,0.056906,56.323524,52.828148,53.284962
0,1.200000,0,1,0.000002,0.116241,54.872540,57.940952,57.418335
3,1.200000,4,3,0.000000,1.138878,44.804749,48.125809,47.420731
2,1.200000,2,3,-0.448439,1.138878,55.306656,60.262638,58.123363
1,1.200000,2,1,-0.448439,0.116241,57.609695,53.456680,53.636005
0,1.400000,0,1,0.000002,0.141822,54.774254,58.478752,57.383049
3,1.400000,4,3,0.000000,1.343353,47.787140,48.985836,48.105762
2,1.400000,2,3,-0.566145,1.343353,59.657532,59.416382,57.699387
1,1.400000,2,1,-0.566145,0.141822,59.966274,54.922176,53.912033
0,1.600000,0,1,0.000003,0.169143,57.667351,58.009937,57.345238
3,1.600000,4,3,0.000000,1.541216,51.795856,48.290829,48.729889
2,1.600000,2,3,-0.653974,1.541216,55.140419,58.925228,57.309059
1,1.600000,2,1,-0.653974,0.169143,60.389828,54.156631,54.128891
0,1.800000,0,1,0.000003,0.223299,63.143066,57.907707,57.269890
3,1.800000,4,3,0.000000,1.745785,51.039936,49.540569,49.339531
2,1.800000,2,3,-0.731340,1.745785,54.963741,58.439850,56.909599
1,1.800000,2,1,-0.731340,0.223299,55.825649,53.561859,54.371387
0,2.000000,0,1,0.000004,0.280944,55.679466,57.303364,57.189110
3,2.000000,4,3,0.000000,1.882930,49.264057,50.474148,49.729881
2,2.000000,2,3,-0.773585,1.882930,60.359722,57.520935,56.647556
1,2.000000,2,1,-0.773585,0.280944,50.316326,54.082668,54.552010
0,2.200000,0,1,0.000004,0.312765,59.138290,57.631020,57.144257
3,2.200000,4,3,0.000000,1.999869,49.836716,49.480274,50.051987
2,2.200000,2,3,-0.803534,1.999869,59.910423,57.979828,56.428181
1,2.200000,2,1,-0.803534,0.312765,54.424603,54.809658,54.662216
0,2.400000,0,1,0.000004,0.334018,56.682716,57.671547,57.114201
3,2.400000,4,3,0.000000,2.128444,48.202522,50.562786,50.395454
2,2.400000,2,3,-0.854815,2.128444,57.162945,57.097561,56.153385
1,2.400000,2,1,-0.854815,0.334018,53.983124,53.994843,54.790218
0,2.600000,0,1,0.000005,0.377757,56.811943,58.118111,57.052078
3,2.600000,4,3,0.000000,2.240875,52.714108,51.057129,50.687138
2,2.600000,2,3,-0.884155,2.240875,55.038231,57.128235,55.931770
1,2.600000,2,1,-0.884155,0.377757,57.132210,54.592304,54.917675
0,2.800000,0,1,0.000005,0.413918,58.181252,58.255196,57.000443
3,2.800000,4,3,0.000000,2.344785,49.190464,50.652462,50.949921
2,2.800000,2,3,-0.913495,2.344785,56.256405,56.575146,55.719269
1,2.800000,2,1,-0.913495,0.413918,57.144127,54.379444,55.030655
0,3.000000,0,1,0.000005,0.435952,55.656212,58.286907,56.968864
3,3.000000,4,3,0.000000,2.455175,47.253021,51.855061,51.222298
2,3.000000,2,3,-0.916125,2.455175,61.208103,56.081741,55.535709
1,3.000000,2,1,-0.916125,0.435952,54.544666,55.624527,55.072895
0,3.200000,0,1,0.000006,0.452597,57.530586,58.131523,56.944946
3,3.200000,4,3,0.000000,2.540138,54.920879,51.167721,51.427383
2,3.200000,2,3,-0.916125,2.540138,58.212341,55.660103,55.395645
1,3.200000,2,1,-0.916125,0.452597,57.024929,56.321758,55.101307
0,3.400000,0,1,0.000006,0.496028,55.765659,57.275360,56.882290
3,3.400000,4,3,0.000000,2.658932,52.087200,49.800488,51.707783
2,3.400000,2,3,-0.909161,2.658932,57.855488,55.233990,55.208496
1,3.400000,2,1,-0.909161,0.496028,57.191410,55.552399,55.163300
0,3.600000,0,1,0.000006,0.539459,66.002022,57.774269,56.819267
3,3.600000,4,3,0.000000,2.803545,54.748974,51.834591,52.039631
2,3.600000,2,3,-0.864837,2.803545,52.235321,55.037270,55.037865
1,3.600000,2,1,-0.864837,0.539459,54.414894,54.961185,55.161785
0,3.800000,0,1,0.000007,0.572038,51.235352,58.132713,56.771751
3,3.800000,4,3,0.000000,2.886054,58.034298,51.036301,52.224518
2,3.800000,2,3,-0.824910,2.886054,55.391907,54.634514,54.964603
1,3.800000,2,1,-0.824910,0.572038,53.413113,54.733906,55.149319
0,4.000000,0,1,0.000007,0.595784,60.069569,57.911549,56.736988
3,4.000000,4,3,0.000000,3.022088,56.071056,52.693504,52.522644
2,4.000000,2,3,-0.776942,3.022088,53.622864,54.329590,54.811493
1,4.000000,2,1,-0.776942,0.595784,53.501183,55.195797,55.108131
0,4.200000,0,1,0.000007,0.619530,57.364044,57.966820,56.702110
3,4.200000,4,3,0.000000,3.118865,52.800941,54.028255,52.729858
2,4.200000,2,3,-0.743723,3.118865,54.739155,53.884186,54.699631
1,4.200000,2,1,-0.743723,0.619530,55.904758,54.695789,55.091980
0,4.400000,0,1,0.000008,0.641602,56.852989,57.967144,56.669594
3,4.400000,4,3,0.000000,3.179396,51.052979,52.158798,52.857483
2,4.400000,2,3,-0.710505,3.179396,55.682896,53.957657,54.651207
1,4.400000,2,1,-0.710505,0.641602,55.973385,54.941292,55.072945
0,4.600000,0,1,0.000008,0.664186,58.107075,58.155823,56.636219
3,4.600000,4,3,0.000000,3.281717,52.028214,54.823151,53.069862
2,4.600000,2,3,-0.689591,3.281717,55.746834,53.862217,54.505577
1,4.600000,2,1,-0.689591,0.664186,53.064018,55.003536,55.075798
0,4.800000,0,1,0.000008,0.681435,53.584335,57.231449,56.610661
3,4.800000,4,3,0.000000,3.292485,55.746670,54.077713,53.091972
2,4.800000,2,3,-0.671216,3.292485,51.806313,53.551460,54.519272
1,4.800000,2,1,-0.671216,0.681435,55.347748,54.561172,55.073875
0,5.000000,0,1,0.000009,0.702967,57.757217,56.740211,56.578671
3,5.000000,4,3,0.000000,3.326673,51.066311,52.994621,53.161877
2,5.000000,2,3,-0.646777,3.326673,57.163963,53.648922,54.501717
1,5.000000,2,1,-0.646777,0.702967,53.430519,54.789284,55.068905
0,5.200000,0,1,0.000009,0.722476,54.352909,56.593365,56.549606
3,5.200000,4,3,0.000000,3.383562,56.542744,54.093258,53.277206
2,5.200000,2,3,-0.621851,3.383562,52.398094,53.882214,54.443981
1,5.200000,2,1,-0.621851,0.722476,61.182770,55.625233,55.059639
0,5.400000,0,1,0.000010,0.725174,54.792442,56.951748,56.545578
3,5.400000,4,3,0.000000,3.415141,57.317986,53.929035,53.340706
2,5.400000,2,3,-0.603983,3.415141,56.335526,54.127750,54.419121
1,5.400000,2,1,-0.603983,0.725174,58.245934,56.138157,55.033646
0,5.600000,0,1,0.000010,0.750156,61.027657,56.183941,56.508232
3,5.600000,4,3,0.000000,3.437994,57.857147,53.364822,53.386425
2,5.600000,2,3,-0.586116,3.437994,57.565231,53.331638,54.410065
1,5.600000,2,1,-0.586116,0.750156,57.334106,54.940662,55.045845
0,5.800000,0,1,0.000010,0.785951,62.127548,56.137295,56.454491
3,5.800000,4,3,0.000000,3.444704,51.666344,52.992680,53.399811
2,5.800000,2,3,-0.551517,3.444704,53.256912,53.167191,54.460617
1,5.800000,2,1,-0.551517,0.785951,50.757088,55.287880,55.047897
0,6.000000,0,1,0.000011,0.839952,60.889435,56.949585,56.372917
3,6.000000,4,3,0.000000,3.465476,58.250263,54.008614,53.441151
2,6.000000,2,3,-0.514090,3.465476,49.352703,53.314606,54.490692
1,6.000000,2,1,-0.514090,0.839952,49.081455,54.940125,55.076252
0,6.200000,0,1,0.000011,0.883181,54.450451,56.193092,56.307167
3,6.200000,4,3,0.000000,3.469034,55.019547,52.959553,53.448219
2,6.200000,2,3,-0.489390,3.469034,56.316719,54.279354,54.528755
1,6.200000,2,1,-0.489390,0.883181,55.260899,55.142513,55.107864
0,6.400000,0,1,0.000011,0.941375,53.121983,55.840363,56.218018
3,6.400000,4,3,0.000000,3.474478,55.633175,54.117081,53.459015
2,6.400000,2,3,-0.464690,3.474478,52.796719,54.445816,54.563309
1,6.400000,2,1,-0.464690,0.941375,55.426807,54.724384,55.164783
0,6.600000,0,1,0.000012,0.980261,57.101131,55.966850,56.158043
3,6.600000,4,3,0.000000,3.471573,52.165619,53.778812,53.453255
2,6.600000,2,3,-0.447961,3.471573,57.008648,53.751804,54.598419
1,6.600000,2,1,-0.447961,0.980261,55.872856,55.253265,55.202271
0,6.800000,0,1,0.000012,1.025597,55.870731,55.806805,56.087692
3,6.800000,4,3,0.000000,3.469343,54.649628,54.035534,53.448830
2,6.800000,2,3,-0.436402,3.469343,58.395321,53.981621,54.623016
1,6.800000,2,1,-0.436402,1.025597,54.844120,54.931747,55.259171
0,7.000000,0,1,0.000012,1.070244,51.239529,55.453121,56.017967
3,7.000000,4,3,0.000000,3.463969,51.769260,55.126057,53.438156
2,7.000000,2,3,-0.436401,3.463969,55.981293,54.792492,54.632587
1,7.000000,2,1,-0.436401,1.070244,51.253807,55.656364,55.333931
0,7.200000,0,1,0.000013,1.098050,52.800697,55.663342,55.974316
3,7.200000,4,3,0.000000,3.436574,53.026741,55.853928,53.383591
2,7.200000,2,3,-0.436401,3.436574,57.537659,54.338219,54.681244
1,7.200000,2,1,-0.436401,1.098050,57.304688,55.766731,55.380226
0,7.400000,0,1,0.000013,1.126410,60.912655,55.873402,55.929611
3,7.400000,4,3,0.000000,3.416826,56.767586,53.599182,53.344078
2,7.400000,2,3,-0.432780,3.416826,52.696728,55.300488,54.722572
1,7.400000,2,1,-0.432780,1.126410,57.492393,55.676308,55.421257
0,7.600000,0,1,0.000013,1.142901,62.507660,55.607433,55.903534
3,7.600000,4,3,0.000000,3.424470,51.950081,52.934490,53.359390
2,7.600000,2,3,-0.452920,3.424470,54.080502,55.526184,54.673416
1,7.600000,2,1,-0.452920,1.142901,57.410686,55.727833,55.481720
0,7.800000,0,1,0.000014,1.136802,55.246056,55.479382,55.913185
3,7.800000,4,3,0.000000,3.461606,51.879829,53.868156,53.433460
2,7.800000,2,3,-0.471393,3.461606,53.137943,54.977077,54.574352
1,7.800000,2,1,-0.471393,1.136802,53.114140,56.171158,55.502075
0,8.000000,0,1,0.000014,1.130704,57.539783,56.371742,55.922829
3,8.000000,4,3,0.000000,3.480630,61.441364,54.036739,53.471214
2,8.000000,2,3,-0.471393,3.480630,51.208080,55.381947,54.540253
1,8.000000,2,1,-0.471393,1.130704,54.837223,56.082829,55.492050
0,8.200000,0,1,0.000015,1.116451,52.659401,56.690041,55.945335
3,8.200000,4,3,0.000000,3.495291,52.357876,53.284561,53.500214
2,8.200000,2,3,-0.471393,3.495291,55.874638,54.908543,54.513901
1,8.200000,2,1,-0.471393,1.116451,57.597820,55.977680,55.468582
0,8.400000,0,1,0.000015,1.068871,60.073593,56.316269,56.020123
3,8.400000,4,3,0.000000,3.519826,51.427330,54.091141,53.548576
2,8.400000,2,3,-0.480615,3.519826,52.822315,55.271297,54.452984
1,8.400000,2,1,-0.480615,1.068871,56.272396,56.708221,55.405182
0,8.600000,0,1,0.000015,1.021291,59.121735,56.234661,56.094398
3,8.600000,4,3,0.000000,3.554417,56.259819,53.549583,53.616402
2,8.600000,2,3,-0.489430,3.554417,57.207630,55.415173,54.374146
1,8.600000,2,1,-0.489430,1.021291,52.920742,56.992920,55.340729
0,8.800000,0,1,0.000016,0.981603,57.612198,56.057838,56.155975
3,8.800000,4,3,0.000000,3.576986,53.284496,52.456673,53.660423
2,8.800000,2,3,-0.506729,3.576986,50.416164,55.690796,54.301228
1,8.800000,2,1,-0.506729,0.981603,57.262745,56.370628,55.303326
0,9.000000,0,1,0.000016,0.960172,58.291252,56.506657,56.189075
3,9.000000,4,3,0.000000,3.639898,52.962254,52.917580,53.782204
2,9.000000,2,3,-0.520340,3.639898,54.554996,55.100704,54.159882
1,9.000000,2,1,-0.520340,0.960172,57.056053,56.113373,55.290234
0,9.200000,0,1,0.000016,0.938742,50.882431,56.415134,56.222076
3,9.200000,4,3,0.000000,3.677225,51.380341,53.929783,53.853821
2,9.200000,2,3,-0.532498,3.677225,56.794064,54.651512,54.067482
1,9.200000,2,1,-0.532498,0.938742,59.608276,56.663296,55.274689
0,9.400000,0,1,0.000017,0.912591,56.463314,56.055809,56.262215
3,9.400000,4,3,0.000000,3.708556,50.083206,53.758492,53.913570
2,9.400000,2,3,-0.542764,3.708556,53.642395,55.370323,53.989204
1,9.400000,2,1,-0.542764,0.912591,56.388325,55.826031,55.248001
0,9.600000,0,1,0.000017,0.895362,55.289505,56.780403,56.288574
3,9.600000,4,3,0.000000,3.737822,51.594509,52.857861,53.969086
2,9.600000,2,3,-0.551042,3.737822,57.395412,55.251221,53.918064
1,9.600000,2,1,-0.551042,0.895362,52.968430,55.446453,55.232937
0,9.800000,0,1,0.000017,0.885832,56.088367,55.876236,56.303131
3,9.800000,4,3,0.000000,3.792639,53.421196,55.039719,54.072311
2,9.800000,2,3,-0.547183,3.792639,58.466110,54.684727,53.820751
1,9.800000,2,1,-0.547183,0.885832,56.020374,55.896759,55.210365
0,10.000000,0,1,0.000018,0.869672,52.922188,56.555599,56.327766
3,10.000000,4,3,0.000000,3.796402,57.615345,54.562798,54.079361
2,10.000000,2,3,-0.526988,3.796402,50.635723,53.907501,53.852226
1,10.000000,2,1,-0.526988,0.869672,60.949142,55.439884,55.148834
0,10.200000,0,1,0.000018,0.869672,55.341423,57.035324,56.327766
3,10.200000,4,3,0.000000,3.796402,60.384708,55.642685,54.079365
2,10.200000,2,3,-0.506793,3.796402,55.568928,54.204880,53.890785
1,10.200000,2,1,-0.506793,0.869672,60.920460,55.059410,55.114502
0,10.400000,0,1,0.000018,0.900996,61.537544,57.204868,56.279964
3,10.400000,4,3,0.000000,3.767033,55.026546,54.521618,54.024216
2,10.400000,2,3,-0.488042,3.767033,51.819386,53.885574,53.982109
1,10.400000,2,1,-0.488042,0.900996,56.125706,53.925411,55.135887
0,10.600000,0,1,0.000019,0.932255,53.819271,57.141155,56.232048
3,10.600000,4,3,0.000000,3.778674,50.356560,54.817162,54.046108
2,10.600000,2,3,-0.467509,3.778674,57.507023,54.201870,53.998901
1,10.600000,2,1,-0.467509,0.932255,53.031330,54.567780,55.154099
0,10.800000,0,1,0.000019,0.965194,51.846828,56.701275,56.181335
3,10.800000,4,3,0.000000,3.791057,52.166489,53.757725,54.069347
2,10.800000,2,3,-0.462234,3.791057,57.773663,54.597641,53.985481
1,10.800000,2,1,-0.462234,0.965194,55.027260,54.278904,55.200928
0,11.000000,0,1,0.000019,1.004862,51.721676,56.610378,56.119938
3,11.000000,4,3,0.000000,3.791057,52.526367,53.684742,54.069351
2,11.000000,2,3,-0.451503,3.791057,54.308575,54.322311,54.005737
1,11.000000,2,1,-0.451503,1.004862,57.204155,54.359886,55.249702
0,11.200000,0,1,0.000020,1.004862,58.785954,56.923260,56.119938
3,11.200000,4,3,0.000000,3.783132,56.025833,55.468468,54.054482
2,11.200000,2,3,-0.435692,3.783132,59.297863,54.482239,54.050404
1,11.200000,2,1,-0.435692,1.004862,56.482059,54.651489,55.223083
0,11.400000,0,1,0.000020,1.004862,55.080181,56.612675,56.119938
3,11.400000,4,3,0.000000,3.743228,53.421131,52.426968,53.979309
2,11.400000,2,3,-0.412582,3.743228,57.042904,54.427311,54.168106
1,11.400000,2,1,-0.412582,1.004862,55.543434,54.679253,55.184052
0,11.600000,0,1,0.000021,0.993603,56.079006,56.460102,56.137402
3,11.600000,4,3,0.000000,3.762979,52.546005,52.759701,54.016579
2,11.600000,2,3,-0.388982,3.762979,58.865910,54.457470,54.175259
1,11.600000,2,1,-0.388982,0.993603,54.746693,55.046997,55.124916
0,11.800000,0,1,0.000021,0.975732,54.125877,56.022305,56.165062
3,11.800000,4,3,0.000000,3.782005,57.107952,53.910122,54.052364
2,11.800000,2,3,-0.360958,3.782005,54.730331,54.692688,54.191948
1,11.800000,2,1,-0.360958,0.975732,56.026669,55.375717,55.046562
0,12.000000,0,1,0.000021,0.960385,59.614017,55.897514,56.188759
3,12.000000,4,3,0.000000,3.777098,58.367210,54.014397,54.043148
2,12.000000,2,3,-0.332429,3.777098,56.225094,54.571293,54.253754
1,12.000000,2,1,-0.332429,0.960385,50.408028,55.435074,54.971123
0,12.200000,0,1,0.000022,0.943839,52.059078,56.247837,56.214245
3,12.200000,4,3,0.000000,3.770147,62.631275,54.278740,54.030075
2,12.200000,2,3,-0.297358,3.770147,54.407658,54.041019,54.330936
1,12.200000,2,1,-0.297358,0.943839,57.566231,55.777054,54.881699
0,12.400000,0,1,0.000022,0.914007,53.429077,56.934158,56.260052
3,12.400000,4,3,0.000000,3.758393,54.451302,52.661373,54.007942
2,12.400000,2,3,-0.272346,3.758393,52.982800,54.189770,54.398014
1,12.400000,2,1,-0.272346,0.914007,52.688110,54.915714,54.785866
0,12.600000,0,1,0.000022,0.907763,54.372025,57.222828,56.269615
3,12.600000,4,3,0.000000,3.777881,58.302589,54.644405,54.044617
2,12.600000,2,3,-0.255281,3.777881,54.301079,54.591408,54.393608
1,12.600000,2,1,-0.255281,0.907763,55.283501,54.831989,54.744881
0,12.800000,0,1,0.000023,0.909993,59.266670,57.003429,56.266201
3,12.800000,4,3,0.000000,3.766856,56.822758,54.023987,54.023884
2,12.800000,2,3,-0.224878,3.766856,50.903397,53.992874,54.468727
1,12.800000,2,1,-0.224878,0.909993,56.056908,55.059650,54.695137
0,13.000000,0,1,0.000023,0.912224,55.530048,56.763172,56.262787
3,13.000000,4,3,0.000000,3.757275,49.217327,53.211277,54.005833
2,13.000000,2,3,-0.189471,3.757275,53.601723,53.868259,54.549721
1,13.000000,2,1,-0.189471,0.912224,54.259373,55.561260,54.636261
0,13.200000,0,1,0.000023,0.916018,56.241978,56.748989,56.256973
3,13.200000,4,3,0.000000,3.763806,56.321114,55.334839,54.018143
2,13.200000,2,3,-0.141108,3.763806,55.631908,53.438343,54.624496
1,13.200000,2,1,-0.141108,0.916018,54.757603,55.968174,54.556664
0,13.400000,0,1,0.000024,0.909432,52.526611,56.901730,56.267063
3,13.400000,4,3,0.000000,3.729555,53.839924,54.127327,53.953430
2,13.400000,2,3,-0.127201,3.729555,55.982666,54.646145,54.709946
1,13.400000,2,1,-0.127201,0.909432,56.014191,55.412106,54.519867
0,13.600000,0,1,0.000024,0.930156,56.772442,57.970585,56.235283
3,13.600000,4,3,0.000000,3.751368,51.217339,53.153275,53.994686
2,13.600000,2,3,-0.109867,3.751368,50.221336,54.894737,54.702026
1,13.600000,2,1,-0.109867,0.930156,51.601719,54.742733,54.525963
0,13.800000,0,1,0.000024,0.964307,52.694321,57.664730,56.182709
3,13.800000,4,3,0.000000,3.757911,49.597645,53.932400,54.007030
2,13.800000,2,3,-0.095375,3.757911,55.020756,54.630535,54.716076
1,13.800000,2,1,-0.095375,0.964307,56.675102,54.862621,54.561245
0,14.000000,0,1,0.000025,0.985999,53.356602,57.405151,56.149185
3,14.000000,4,3,0.000000,3.739174,51.520157,51.706318,53.971642
2,14.000000,2,3,-0.075616,3.739174,55.200607,54.311150,54.783859
1,14.000000,2,1,-0.075616,0.985999,55.231773,55.251358,54.564709
0,14.200000,0,1,0.000025,1.002398,52.196968,56.963097,56.123772
3,14.200000,4,3,0.000000,3.782357,51.382690,52.960430,54.053024
2,14.200000,2,3,-0.055766,3.782357,60.021366,54.586414,54.742828
1,14.200000,2,1,-0.055766,1.002398,53.602253,54.996094,54.558525
0,14.400000,0,1,0.000026,1.010104,55.336960,56.706005,56.111809
3,14.400000,4,3,0.000000,3.806996,57.423046,53.443604,54.099190
2,14.400000,2,3,-0.059302,3.806996,50.733685,54.972103,54.693066
1,14.400000,2,1,-0.059302,1.010104,51.338619,55.440586,54.578655
0,14.600000,0,1,0.000026,1.012651,59.885384,56.421463,56.107849
3,14.600000,4,3,0.000000,3.828151,56.473221,54.877464,54.138668
2,14.600000,2,3,-0.061598,3.828151,56.297653,54.678509,54.651478
1,14.600000,2,1,-0.061598,1.012651,56.581600,55.695335,54.587311
0,14.800000,0,1,0.000026,1.028096,58.888443,56.547585,56.083824
3,14.800000,4,3,0.000000,3.804213,53.830360,55.861698,54.093983
2,14.800000,2,3,-0.071102,3.804213,54.409206,54.725674,54.677094
1,14.800000,2,1,-0.071102,1.028096,55.034714,55.329079,54.631821
0,15.000000,0,1,0.000027,1.037888,52.895050,56.806885,56.068565
3,15.000000,4,3,0.000000,3.795298,52.250809,54.305672,54.077293
2,15.000000,2,3,-0.073283,3.795298,52.856480,54.360584,54.689026
1,15.000000,2,1,-0.073283,1.037888,55.626781,55.394451,54.653111
0,15.200000,0,1,0.000027,1.052665,55.924053,57.006157,56.045498
3,15.200000,4,3,0.000000,3.811106,56.653416,54.545452,54.106869
2,15.200000,2,3,-0.063357,3.811106,54.764565,54.566628,54.678604
1,15.200000,2,1,-0.063357,1.052665,52.619625,55.416489,54.661728
0,15.400000,0,1,0.000027,1.062404,56.504608,57.504665,56.030266
3,15.400000,4,3,0.000000,3.829423,53.250904,55.431190,54.141037
2,15.400000,2,3,-0.042401,3.829423,48.440639,54.007984,54.683281
1,15.400000,2,1,-0.042401,1.062404,51.494938,55.653648,54.641792
0,15.600000,0,1,0.000028,1.072142,62.143501,57.166927,56.015018
3,15.600000,4,3,0.000000,3.829423,57.108246,54.445415,54.141037
2,15.600000,2,3,-0.039031,3.829423,52.956791,54.643139,54.689247
1,15.600000,2,1,-0.039031,1.072142,54.158695,56.121101,54.653114
0,15.800000,0,1,0.000028,1.079883,54.474968,56.176617,56.002880
3,15.800000,4,3,0.000000,3.837314,54.608929,53.068581,54.155724
2,15.800000,2,3,-0.050114,3.837314,59.465199,54.945892,54.655602
1,15.800000,2,1,-0.050114,1.079883,53.999516,55.203167,54.686508
0,16.000000,0,1,0.000028,1.094338,57.353352,56.548290,55.980179
3,16.000000,4,3,0.000000,3.867408,51.846226,54.610321,54.211548
2,16.000000,2,3,-0.061198,3.867408,56.294563,54.503033,54.582211
1,16.000000,2,1,-0.061198,1.094338,54.543728,55.315956,54.731647
0,16.200000,0,1,0.000029,1.097417,56.582569,56.291168,55.975334
3,16.200000,4,3,0.000000,3.847844,51.465523,53.188110,54.175289
2,16.200000,2,3,-0.065161,3.847844,54.411720,55.178165,54.610073
1,16.200000,2,1,-0.065161,1.097417,56.095798,55.114853,54.744064
0,16.400000,0,1,0.000029,1.110987,56.867142,56.024746,55.953972
3,16.400000,4,3,0.000000,3.864770,60.259045,53.935268,54.206665
2,16.400000,2,3,-0.089598,3.864770,57.206688,55.054428,54.536041
1,16.400000,2,1,-0.089598,1.110987,48.015640,54.676720,54.810814
0,16.600000,0,1,0.000029,1.130836,56.950100,55.413155,55.922646
3,16.600000,4,3,0.000000,3.876077,58.742741,55.036293,54.227577
2,16.600000,2,3,-0.104097,3.876077,58.573418,54.816128,54.489597
1,16.600000,2,1,-0.104097,1.130836,57.232819,54.304470,54.870796
0,16.800000,0,1,0.000030,1.153365,57.001881,54.770660,55.886978
3,16.800000,4,3,0.000000,3.876078,58.821964,55.059681,54.227577
2,16.800000,2,3,-0.094170,3.876078,51.088009,54.681843,54.507484
1,16.800000,2,1,-0.094170,1.153365,57.712921,54.168652,54.892715
0,17.000000,0,1,0.000030,1.189162,50.912674,54.576340,55.830063
3,17.000000,4,3,0.000000,3.871236,51.836411,55.195538,54.218628
2,17.000000,2,3,-0.086043,3.871236,53.576630,54.959740,54.530815
1,17.000000,2,1,-0.086043,1.189162,56.419270,53.915897,54.940697
0,17.200000,0,1,0.000030,1.241559,51.322552,55.120937,55.746212
3,17.200000,4,3,0.000000,3.864570,58.731304,54.041706,54.206299
2,17.200000,2,3,-0.077917,3.864570,50.128380,54.984318,54.557358
1,17.200000,2,1,-0.077917,1.241559,58.753777,53.401840,55.017029
0,17.400000,0,1,0.000031,1.308112,58.416939,54.657223,55.638767
3,17.400000,4,3,0.000000,3.879765,55.175518,53.339127,54.234390
2,17.400000,2,3,-0.060748,3.879765,57.608101,55.347145,54.560898
1,17.400000,2,1,-0.060748,1.308112,55.528347,53.799084,55.101540
0,17.600000,0,1,0.000031,1.353394,53.117886,54.429008,55.565048
3,17.600000,4,3,0.000000,3.906139,50.845589,54.224590,54.282978
2,17.600000,2,3,-0.050869,3.906139,60.091553,55.706120,54.531300
1,17.600000,2,1,-0.050869,1.353394,51.429405,53.896286,55.161728
0,17.800000,0,1,0.000032,1.398676,47.261742,54.799274,55.490829
3,17.800000,4,3,0.000000,3.921040,52.047020,54.487991,54.310333
2,17.800000,2,3,-0.039040,3.921040,57.598591,55.226944,54.525780
1,17.800000,2,1,-0.039040,1.398676,58.725471,53.972641,55.218296
0,18.000000,0,1,0.000032,1.448625,50.775974,55.049465,55.408363
3,18.000000,4,3,0.000000,3.929427,53.663887,53.276196,54.325703
2,18.000000,2,3,-0.039040,3.929427,58.858356,55.048313,54.510693
1,18.000000,2,1,-0.039040,1.448625,55.299461,54.447006,55.302208
0,18.200000,0,1,0.000032,1.489217,58.588699,55.084290,55.340881
3,18.200000,4,3,0.000000,3.961338,54.567909,55.658127,54.383972
2,18.200000,2,3,-0.049823,3.961338,53.242565,54.586857,54.433567
1,18.200000,2,1,-0.049823,1.489217,59.639130,54.936195,55.387848
0,18.400000,0,1,0.000033,1.491953,53.511189,55.906483,55.336319
3,18.400000,4,3,0.000000,3.949550,58.103230,55.351574,54.362484
2,18.400000,2,3,-0.042508,3.949550,54.307053,54.384899,54.468147
1,18.400000,2,1,-0.042508,1.491953,57.343472,54.827156,55.380241
0,18.600000,0,1,0.000033,1.488359,54.486015,55.220921,55.342316
3,18.600000,4,3,0.000000,3.920684,54.028587,53.723217,54.309681
2,18.600000,2,3,-0.036360,3.920684,57.313625,54.443913,54.531235
1,18.600000,2,1,-0.036360,1.488359,61.896553,55.251690,55.364044
0,18.800000,0,1,0.000033,1.488359,52.433113,55.227386,55.342316
3,18.800000,4,3,0.000000,3.920684,56.537914,54.867249,54.309685
2,18.800000,2,3,-0.036360,3.920684,57.301102,54.663982,54.531235
1,18.800000,2,1,-0.036360,1.488359,58.090576,56.162804,55.364044
0,19.000000,0,1,0.000034,1.483540,54.123661,55.389046,55.350349
3,19.000000,4,3,0.000000,3.920685,54.839901,54.444733,54.309685
2,19.000000,2,3,-0.030545,3.920685,57.786983,54.154007,54.541679
1,19.000000,2,1,-0.030545,1.483540,55.886211,56.062679,55.346336
0,19.200000,0,1,0.000034,1.470152,51.949181,55.037197,55.372635
3,19.200000,4,3,0.000000,3.924685,57.286133,53.976082,54.317017
2,19.200000,2,3,-0.030544,3.924685,52.258530,54.537560,54.534496
1,19.200000,2,1,-0.030544,1.470152,56.124958,56.123432,55.323997
0,19.400000,0,1,0.000034,1.447816,54.631527,55.546535,55.409706
3,19.400000,4,3,0.000000,3.950882,54.737312,53.821293,54.364914
2,19.400000,2,3,-0.030544,3.950882,55.349464,54.219727,54.487339
1,19.400000,2,1,-0.030544,1.447816,59.852993,56.291882,55.286629
0,19.600000,0,1,0.000035,1.426408,60.244587,55.802670,55.445126
3,19.600000,4,3,0.000000,3.995134,53.378578,54.847630,54.445347
2,19.600000,2,3,-0.040304,3.995134,62.369736,54.334984,54.389465
1,19.600000,2,1,-0.040304,1.426408,53.813274,56.149170,55.267090
0,19.800000,0,1,0.000035,1.411083,53.022217,56.155991,55.470406
3,19.800000,4,3,0.000000,4.002965,53.611019,54.907997,54.459518
2,19.800000,2,3,-0.050063,4.002965,56.709282,53.482780,54.357399
1,19.800000,2,1,-0.050063,1.411083,62.188267,55.867363,55.257740
0,20.000000,0,1,0.000035,1.396005,58.401264,56.022118,55.495228
3,20.000000,4,3,0.000000,3.993928,53.340038,53.320599,54.443165
2,20.000000,2,3,-0.034473,3.993928,53.794781,53.483673,54.402267
1,20.000000,2,1,-0.034473,1.396005,51.049805,56.025375,55.206081
0,20.200000,0,1,0.000036,1.380926,52.590885,56.421928,55.519989
3,20.200000,4,3,0.000000,4.022164,52.732563,54.189823,54.494186
2,20.200000,2,3,-0.010548,4.022164,60.580841,54.163410,54.394424
1,20.200000,2,1,-0.010548,1.380926,50.005535,55.892479,55.140026
0,20.400000,0,1,0.000036,1.380926,52.542641,56.649590,55.519989
3,20.400000,4,3,0.000000,4.036427,52.975048,55.398453,54.519867
2,20.400000,2,3,-0.003208,4.036427,51.217690,54.330051,54.381821
1,20.400000,2,1,-0.003208,1.380926,58.354774,54.977142,55.127548
0,20.600000,0,1,0.000037,1.386999,53.830311,56.863270,55.510025
3,20.600000,4,3,0.000000,4.016148,55.835312,53.545349,54.483337
2,20.600000,2,3,0.012099,4.016148,60.710270,55.303753,54.446449
1,20.600000,2,1,0.012099,1.386999,58.974396,54.992008,55.111835
0,20.800000,0,1,0.000037,1.415768,53.511452,56.189968,55.462688
3,20.800000,4,3,0.000000,4.029538,54.858658,54.285145,54.507473
2,20.800000,2,3,0.007335,4.029538,49.982662,55.077095,54.413528
1,20.800000,2,1,0.007335,1.415768,55.188854,54.768505,55.168797
0,21.000000,0,1,0.000037,1.440321,55.000298,56.142944,55.422127
3,21.000000,4,3,0.000000,4.042760,52.708290,54.853329,54.531250
2,21.000000,2,3,0.007335,4.042760,53.824799,54.741928,54.389488
1,21.000000,2,1,0.007335,1.440321,61.000217,55.202038,55.210316
0,21.200000,0,1,0.000038,1.480151,56.471687,55.446537,55.356003
3,21.200000,4,3,0.000000,4.031738,56.370209,55.581505,54.511433
2,21.200000,2,3,0.007335,4.031738,57.501225,55.010357,54.409531
1,21.200000,2,1,0.007335,1.480151,56.496620,54.048286,55.277328
0,21.400000,0,1,0.000038,1.524135,58.096687,54.840977,55.282509
3,21.400000,4,3,0.000000,4.007272,53.700706,54.675724,54.467308
2,21.400000,2,3,0.018730,4.007272,51.947037,54.836578,54.474495
1,21.400000,2,1,0.018730,1.524135,55.697319,54.213924,55.331860
0,21.600000,0,1,0.000038,1.564860,54.984875,55.198616,55.214016
3,21.600000,4,3,0.000000,3.987819,55.999428,55.002598,54.432091
2,21.600000,2,3,0.036760,3.987819,57.260948,54.887768,54.541985
1,21.600000,2,1,0.036760,1.564860,58.290558,53.891129,55.369671
0,21.800000,0,1,0.000039,1.601051,54.917610,55.515575,55.152782
3,21.800000,4,3,0.000000,3.991227,50.224590,54.843048,54.438271
2,21.800000,2,3,0.053767,3.991227,55.290581,55.728752,54.566364
1,21.800000,2,1,0.053767,1.601051,52.879982,54.193302,55.401527
0,22.000000,0,1,0.000039,1.637242,54.003391,55.115005,55.091202
3,22.000000,4,3,0.000000,3.982840,58.155285,54.364784,54.423058
2,22.000000,2,3,0.064319,3.982840,49.574577,55.404606,54.600231
1,22.000000,2,1,0.064319,1.637242,59.352676,53.308041,55.443962
0,22.200000,0,1,0.000039,1.665471,52.787750,54.040901,55.042927
3,22.200000,4,3,0.000000,4.007358,50.040047,54.598812,54.467461
2,22.200000,2,3,0.074872,4.007358,43.625229,55.350395,54.575272
1,22.200000,2,1,0.074872,1.665471,55.053001,53.330582,55.473122
0,22.400000,0,1,0.000040,1.702004,52.296360,54.271793,54.980129
3,22.400000,4,3,0.000000,4.016711,51.630360,54.122955,54.484352
2,22.400000,2,3,0.102447,4.016711,58.823975,54.991653,54.607826
1,22.400000,2,1,0.102447,1.702004,57.143322,52.603622,55.487869
0,22.600000,0,1,0.000040,1.738537,57.447094,52.843021,54.916965
3,22.600000,4,3,0.000000,4.036334,52.438473,54.580853,54.519699
2,22.600000,2,3,0.124829,4.036334,53.888145,54.993610,54.612747
1,22.600000,2,1,0.124829,1.738537,57.079769,52.786209,55.511124
0,22.800000,0,1,0.000040,1.771586,49.294491,53.316715,54.859509
3,22.800000,4,3,0.000000,4.039923,50.716286,54.333721,54.526154
2,22.800000,2,3,0.159251,4.039923,54.248978,54.970955,54.667595
1,22.800000,2,1,0.159251,1.771586,55.089615,53.266155,55.508873
0,23.000000,0,1,0.000041,1.805616,52.340553,52.956276,54.800026
3,23.000000,4,3,0.000000,4.054873,54.800667,54.741894,54.552994
2,23.000000,2,3,0.190244,4.054873,57.393383,55.233292,54.696022
1,23.000000,2,1,0.190244,1.805616,49.879097,54.186855,55.513859
0,23.200000,0,1,0.000041,1.819735,54.961765,52.755241,54.775249
3,23.200000,4,3,0.000000,4.072489,53.829578,54.372143,54.584534
2,23.200000,2,3,0.221236,4.072489,60.432808,55.065353,54.719666
1,23.200000,2,1,0.221236,1.819735,59.005077,54.837116,55.486130
0,23.400000,0,1,0.000041,1.834034,51.514420,53.367931,54.750103
3,23.400000,4,3,0.000000,4.095640,55.333248,53.641785,54.625847
2,23.400000,2,3,0.249111,4.095640,51.617966,55.217670,54.728004
1,23.400000,2,1,0.249111,1.834034,54.282539,54.828087,55.463768
0,23.600000,0,1,0.000042,1.837343,58.373795,52.795319,54.744274
3,23.600000,4,3,0.000000,4.119382,55.257374,54.816677,54.668049
2,23.600000,2,3,0.274816,4.119382,52.888493,54.996422,54.731468
1,23.600000,2,1,0.274816,1.837343,56.435905,55.424942,55.426781
0,23.800000,0,1,0.000042,1.840652,60.769325,53.056076,54.738441
3,23.800000,4,3,0.000000,4.119382,52.902843,55.216129,54.668053
2,23.800000,2,3,0.287600,4.119382,58.627106,54.866028,54.753990
1,23.800000,2,1,0.287600,1.840652,55.647339,55.373615,55.411091
0,24.000000,0,1,0.000043,1.834321,56.650673,53.182339,54.749596
3,24.000000,4,3,0.000000,4.116752,49.288338,53.962296,54.663383
2,24.000000,2,3,0.302024,4.116752,47.829334,54.914452,54.783974
1,24.000000,2,1,0.302024,1.834321,51.416992,55.886692,55.376648
0,24.200000,0,1,0.000043,1.809046,50.984467,53.241920,54.794014
3,24.200000,4,3,0.000000,4.158312,50.487980,55.786179,54.736900
2,24.200000,2,3,0.322367,4.158312,53.973873,54.561653,54.746666
1,24.200000,2,1,0.322367,1.809046,49.456383,56.631447,55.300560
0,24.400000,0,1,0.000043,1.768475,51.402390,53.324131,54.864933
3,24.400000,4,3,0.000000,4.165771,53.145523,54.144360,54.750038
2,24.400000,2,3,0.354681,4.165771,52.477566,54.004971,54.790352
1,24.400000,2,1,0.354681,1.768475,56.561749,56.292160,55.177876
0,24.600000,0,1,0.000044,1.732733,55.052780,54.495335,54.927032
3,24.600000,4,3,0.000000,4.185673,52.131851,54.853828,54.785027
2,24.600000,2,3,0.401942,4.185673,51.312424,54.080845,54.838242
1,24.600000,2,1,0.401942,1.732733,54.790668,55.344486,55.036449
0,24.800000,0,1,0.000044,1.726546,55.075554,54.951340,54.937744
3,24.800000,4,3,0.000000,4.191230,57.989162,55.126884,54.794777
2,24.800000,2,3,0.454357,4.191230,54.549946,53.818005,54.919781
1,24.800000,2,1,0.454357,1.726546,54.526146,55.081596,54.935478
0,25.000000,0,1,0.000044,1.717210,54.482014,55.757568,54.953888
3,25.000000,4,3,0.000000,4.209306,50.311680,54.984833,54.826424
2,25.000000,2,3,0.506049,4.209306,61.609215,54.201557,54.977901
1,25.000000,2,1,0.506049,1.717210,56.297619,55.464725,54.829319
0,25.200000,0,1,0.000045,1.717210,52.927441,55.088169,54.953888
3,25.200000,4,3,0.000000,4.231077,53.465565,54.612728,54.864426
2,25.200000,2,3,0.533897,4.231077,50.855049,54.258320,54.988373
1,25.200000,2,1,0.533897,1.717210,53.877670,55.332516,54.780533
0,25.400000,0,1,0.000045,1.717210,58.644173,55.420834,54.953888
3,25.400000,4,3,0.000000,4.257435,51.572540,54.819233,54.910255
2,25.400000,2,3,0.537578,4.257435,54.372623,54.608524,54.949238
1,25.400000,2,1,0.537578,1.717210,62.596287,55.328339,54.774067
0,25.600000,0,1,0.000045,1.721851,61.387009,56.112534,54.945869
3,25.600000,4,3,0.000000,4.279703,50.642212,55.241562,54.948822
2,25.600000,2,3,0.551298,4.279703,51.857002,54.100712,54.934448
1,25.600000,2,1,0.551298,1.721851,55.623932,55.132351,54.758102
0,25.800000,0,1,0.000046,1.726492,