0,0.200000,1,0,0.000000,0.000000,59.162548,NaN,57.577248
1,0.200000,1,2,0.000000,0.000000,60.067631,NaN,52.474251
3,0.200000,3,4,0.000000,0.000000,39.016205,42.399166,42.529121
2,0.200000,3,2,0.000000,0.000000,58.122562,NaN,60.000000
0,0.400000,1,0,0.000001,0.000001,59.436878,NaN,57.577248
1,0.400000,1,2,0.000001,0.000001,51.310364,NaN,52.474251
3,0.400000,3,4,0.000001,0.000000,38.565540,42.890694,42.529125
2,0.400000,3,2,0.000001,0.000001,61.836391,NaN,60.000000
0,0.600000,1,0,-0.026434,0.000001,55.923077,59.808712,57.613068
1,0.600000,1,2,-0.026434,0.000001,50.736053,54.926708,52.416695
3,0.600000,3,4,0.000001,0.000000,40.216934,41.948029,42.529125
2,0.600000,3,2,0.000001,0.000001,54.205311,56.813881,60.000000
0,0.800000,1,0,-0.047248,0.000001,58.641689,59.745930,57.641186
1,0.800000,1,2,-0.047248,-0.142063,54.844994,54.644810,52.678207
3,0.800000,3,4,0.300001,0.000000,42.743801,43.510078,44.045753
2,0.800000,3,2,0.300001,-0.142063,61.511566,61.241077,59.509102
0,1.000000,1,0,-0.036340,0.000002,59.096889,60.900940,57.626457
1,1.000000,1,2,-0.036340,-0.323640,53.516766,55.120598,53.080849
3,1.000000,3,4,0.600002,0.000000,46.199306,44.036266,45.376335
2,1.000000,3,2,0.600002,-0.323640,64.027145,60.704357,58.947792
0,1.200000,1,0,-0.032855,0.000002,54.194775,60.409851,57.621750
1,1.200000,1,2,-0.032855,-0.504699,52.140079,54.185677,53.453346
3,1.200000,3,4,0.900002,0.000000,48.544285,46.027271,46.561562
2,1.200000,3,2,0.900002,-0.504699,62.321365,59.247700,58.356522
0,1.400000,1,0,0.047152,0.000002,60.598946,59.352329,57.513069
1,1.400000,1,2,0.047152,-0.599907,55.449799,54.906105,53.795555
3,1.400000,3,4,1.168232,0.000000,48.983952,45.881191,47.521767
2,1.400000,3,2,1.168232,-0.599907,64.498833,57.765205,57.887451
0,1.600000,1,0,0.117358,0.000003,56.187164,57.498215,57.416801
1,1.600000,1,2,0.117358,-0.682596,50.951294,55.301350,54.085613
3,1.600000,3,4,1.387588,0.000000,47.248966,48.563408,48.248444
2,1.600000,3,2,1.387588,-0.682596,59.012848,57.771358,57.481575
0,1.800000,1,0,0.179633,0.000003,57.283237,57.766827,57.330681
1,1.800000,1,2,0.179633,-0.748740,55.247513,56.264069,54.323387
3,1.800000,3,4,1.571096,0.000000,46.877148,49.025391,48.821095
2,1.800000,3,2,1.571096,-0.748740,54.625401,56.689045,57.134262
0,2.000000,1,0,0.211347,0.000004,54.470940,57.857372,57.286564
1,2.000000,1,2,0.211347,-0.792219,51.921902,56.136131,54.460232
3,2.000000,3,4,1.718870,0.000000,44.078140,48.049850,49.261253
2,2.000000,3,2,1.718870,-0.792219,58.251392,55.910988,56.860466
0,2.200000,1,0,0.229462,0.000004,54.240482,57.197937,57.261284
1,2.200000,1,2,0.229462,-0.826859,54.215401,56.571667,54.555222
3,2.200000,3,4,1.881594,0.000000,51.203846,49.783710,49.726151
2,2.200000,3,2,1.881594,-0.826859,60.513905,56.029819,56.570492
0,2.400000,1,0,0.250301,0.000004,59.971497,56.626064,57.232128
1,2.400000,1,2,0.250301,-0.848453,52.629009,57.012905,54.631027
3,2.400000,3,4,2.004363,0.000000,51.300385,50.892220,50.064178
2,2.400000,3,2,2.004363,-0.848453,53.861553,55.114056,56.353374
0,2.600000,1,0,0.264993,0.000005,58.371414,56.321209,57.211525
1,2.600000,1,2,0.264993,-0.848452,52.437447,57.557236,54.657150
3,2.600000,3,4,2.103384,0.000000,49.950188,49.604218,50.329353
2,2.600000,3,2,2.103384,-0.848452,56.761635,54.708359,56.201900
0,2.800000,1,0,0.281351,0.000005,62.434292,56.796124,57.188538
1,2.800000,1,2,0.281351,-0.848452,51.711571,57.233799,54.686161
3,2.800000,3,4,2.188843,0.000000,53.579342,50.115417,50.553120
2,2.800000,3,2,2.188843,-0.848452,58.006630,54.837025,56.069450
0,3.000000,1,0,0.268317,0.000005,55.578026,56.531818,57.206860
1,3.000000,1,2,0.268317,-0.843545,52.409481,57.513802,54.654339
3,3.000000,3,4,2.257524,0.000000,54.561184,50.972546,50.729671
2,3.000000,3,2,2.257524,-0.843545,58.910336,54.967110,55.969543
0,3.200000,1,0,0.256064,0.000006,53.399223,56.530785,57.224052
1,3.200000,1,2,0.256064,-0.839991,54.510818,57.023819,54.626221
3,3.200000,3,4,2.334076,0.000000,52.481884,49.925011,50.923130
2,3.200000,3,2,2.334076,-0.839991,54.644196,54.946690,55.854050
0,3.400000,1,0,0.256064,0.000006,56.063683,56.870277,57.224052
1,3.400000,1,2,0.256064,-0.831910,58.042046,55.931942,54.611820
3,3.400000,3,4,2.441033,0.000000,54.002911,50.336433,51.187782
2,3.400000,3,2,2.441033,-0.831910,57.711079,54.644619,55.695625
0,3.600000,1,0,0.281417,0.000006,58.607155,57.037052,57.188446
1,3.600000,1,2,0.281417,-0.823829,53.218540,56.025425,54.642578
3,3.600000,3,4,2.515917,0.000000,50.033340,52.307060,51.369308
2,3.600000,3,2,2.515917,-0.823829,57.650063,54.431602,55.587269
0,3.800000,1,0,0.317735,0.000007,53.234127,57.242516,57.137241
1,3.800000,1,2,0.317735,-0.812503,49.384277,55.233986,54.686935
3,3.800000,3,4,2.564277,0.000000,45.556351,49.858486,51.484947
2,3.800000,3,2,2.564277,-0.812503,54.291451,54.188641,55.526730
0,4.000000,1,0,0.360328,0.000007,54.345100,58.020924,57.076878
1,4.000000,1,2,0.360328,-0.793020,55.213261,55.562996,54.727787
3,4.000000,3,4,2.640948,0.000000,53.166397,51.110844,51.665794
2,4.000000,3,2,2.640948,-0.793020,58.158688,53.470695,55.432575
0,4.200000,1,0,0.396278,0.000007,58.939793,56.323631,57.025665
1,4.200000,1,2,0.396278,-0.787742,55.635910,55.166382,54.781773
3,4.200000,3,4,2.687470,0.000000,52.673843,52.135227,51.774078
2,4.200000,3,2,2.687470,-0.787742,57.186962,53.793308,55.364159
0,4.400000,1,0,0.442631,0.000008,59.599495,56.506676,56.959274
1,4.400000,1,2,0.442631,-0.780026,54.494743,54.761192,54.849396
3,4.400000,3,4,2.722522,0.000000,57.218391,50.923920,51.854958
2,4.400000,3,2,2.722522,-0.780026,56.715248,53.953537,55.318573
0,4.600000,1,0,0.491647,0.000008,55.709961,56.497536,56.888626
1,4.600000,1,2,0.491647,-0.780026,50.414921,54.373531,54.934586
3,4.600000,3,4,2.792609,0.000000,49.456532,51.207191,52.014889
2,4.600000,3,2,2.792609,-0.780026,55.680958,54.362179,55.200825
0,4.800000,1,0,0.541454,0.000008,49.692444,56.587955,56.816368
1,4.800000,1,2,0.541454,-0.771928,47.007603,54.078213,55.006554
3,4.800000,3,4,2.882281,0.000000,52.906807,51.489178,52.216133
2,4.800000,3,2,2.882281,-0.771928,55.363674,53.949753,55.062145
0,5.000000,1,0,0.591262,0.000009,54.011906,56.482540,56.743622
1,5.000000,1,2,0.591262,-0.768489,60.972542,54.157345,55.086002
3,5.000000,3,4,2.949834,0.000000,50.242302,51.999523,52.365318
2,5.000000,3,2,2.949834,-0.768489,54.864662,53.761810,54.951889
0,5.200000,1,0,0.644557,0.000009,55.143688,57.134792,56.665234
1,5.200000,1,2,0.644557,-0.761371,54.606522,54.260490,55.164551
3,5.200000,3,4,2.973569,0.000000,53.354809,53.052971,52.417252
2,5.200000,3,2,2.973569,-0.761371,56.792984,54.425644,54.923130
0,5.400000,1,0,0.705683,0.000010,55.313499,56.935715,56.574631
1,5.400000,1,2,0.705683,-0.772224,55.442081,53.862152,55.285866
3,5.400000,3,4,3.001540,0.000000,54.775112,52.970894,52.478134
2,5.400000,3,2,3.001540,-0.772224,53.749172,54.335880,54.855637
0,5.600000,1,0,0.755495,0.000010,56.097187,56.485287,56.500233
1,5.600000,1,2,0.755495,-0.755318,58.423317,53.440659,55.340881
3,5.600000,3,4,3.028627,0.000000,50.708633,52.014984,52.536766
2,5.600000,3,2,3.028627,-0.755318,53.780720,54.412453,54.837872
0,5.800000,1,0,0.812519,0.000010,58.599964,57.374466,56.414433
1,5.800000,1,2,0.812519,-0.738412,54.619652,53.842327,55.407578
3,5.800000,3,4,3.084386,0.000000,52.581947,53.622364,52.656487
2,5.800000,3,2,3.084386,-0.738412,55.333221,53.736176,54.769794
0,6.000000,1,0,0.843443,0.000011,56.985905,56.753632,56.367619
1,6.000000,1,2,0.843443,-0.702958,50.236069,54.118626,55.400063
3,6.000000,3,4,3.119359,0.000000,51.270035,52.543289,52.730904
2,6.000000,3,2,3.119359,-0.702958,59.646591,53.572983,54.770638
0,6.200000,1,0,0.874366,0.000011,55.355789,56.024456,56.320602
1,6.200000,1,2,0.874366,-0.680259,54.617367,53.362793,55.413696
3,6.200000,3,4,3.161186,0.000000,53.741341,51.939827,52.819244
2,6.200000,3,2,3.161186,-0.680259,57.386673,53.862263,54.736969
0,6.400000,1,0,0.915570,0.000011,51.888950,56.866333,56.257641
1,6.400000,1,2,0.915570,-0.663206,65.578522,53.681984,55.453629
3,6.400000,3,4,3.195143,0.000000,53.005180,52.459713,52.890438
2,6.400000,3,2,3.195143,-0.663206,53.579037,54.189423,54.707130
0,6.600000,1,0,0.925965,0.000012,55.309940,56.650867,56.241699
1,6.600000,1,2,0.925965,-0.639874,57.097187,55.036690,55.432255
3,6.600000,3,4,3.230357,0.000000,47.240170,52.703129,52.963776
2,6.600000,3,2,3.230357,-0.639874,52.891338,53.958523,54.686104
0,6.800000,1,0,0.936360,0.000012,53.922138,56.942307,56.225731
1,6.800000,1,2,0.936360,-0.618247,55.351299,54.225430,55.413666
3,6.800000,3,4,3.257186,0.000000,51.228424,51.773449,53.019325
2,6.800000,3,2,3.257186,-0.618247,53.574047,54.444347,54.676884
0,7.000000,1,0,0.957800,0.000012,50.540504,56.760368,56.192726
1,7.000000,1,2,0.957800,-0.593341,54.256680,54.344677,55.407921
3,7.000000,3,4,3.274568,0.000000,57.488377,51.363926,53.055157
2,7.000000,3,2,3.274568,-0.593341,55.887398,53.872883,54.690216
0,7.200000,1,0,0.976886,0.000013,57.526447,56.690189,56.163261
1,7.200000,1,2,0.976886,-0.564975,52.691788,54.747837,55.392532
3,7.200000,3,4,3.298278,0.000000,51.945534,52.662827,53.103851
2,7.200000,3,2,3.298278,-0.564975,53.296795,53.776585,54.698456
0,7.400000,1,0,0.976886,0.000013,56.910110,57.691139,56.163261
1,7.400000,1,2,0.976886,-0.535803,53.656399,54.999714,55.344009
3,7.400000,3,4,3.303302,0.000000,51.701439,54.489151,53.114136
2,7.400000,3,2,3.303302,-0.535803,56.220001,54.637665,54.741096
0,7.600000,1,0,0.967272,0.000013,65.098885,57.898911,56.178116
1,7.600000,1,2,0.967272,-0.523605,52.038918,54.797554,55.307587
3,7.600000,3,4,3.278150,0.000000,50.635857,53.229298,53.062527
2,7.600000,3,2,3.278150,-0.523605,59.982990,54.538025,54.806717
0,7.800000,1,0,0.949121,0.000014,56.907940,57.647602,56.206100
1,7.800000,1,2,0.949121,-0.508249,58.341450,54.715622,55.251392
3,7.800000,3,4,3.256441,0.000000,51.220837,52.506428,53.017784
2,7.800000,3,2,3.256441,-0.508249,49.278965,54.682457,54.871452
0,8.000000,1,0,0.930970,0.000014,51.222439,57.492310,56.234016
1,8.000000,1,2,0.930970,-0.488484,55.615204,54.402309,55.187454
3,8.000000,3,4,3.259693,0.000000,46.338020,53.160564,53.024498
2,8.000000,3,2,3.259693,-0.488484,56.768452,54.863911,54.900169
0,8.200000,1,0,0.919768,0.000015,61.662090,56.670921,56.251209
1,8.200000,1,2,0.919768,-0.468719,57.756496,54.694847,55.134949
3,8.200000,3,4,3.259693,0.000000,53.707169,52.647034,53.024498
2,8.200000,3,2,3.259693,-0.468719,61.519382,54.054325,54.934441
0,8.400000,1,0,0.908567,0.000015,59.805294,57.349174,56.268372
1,8.400000,1,2,0.908567,-0.453480,58.033478,54.758587,55.089920
3,8.400000,3,4,3.261842,0.000000,51.117939,52.302708,53.028931
2,8.400000,3,2,3.261842,-0.453480,54.767174,54.760025,54.957077
0,8.600000,1,0,0.903691,0.000015,59.336826,57.457336,56.275837
1,8.600000,1,2,0.903691,-0.425421,55.670345,54.497498,55.033569
3,8.600000,3,4,3.280776,0.000000,54.765125,52.557884,53.067928
2,8.600000,3,2,3.280776,-0.425421,54.756752,54.332584,54.972828
0,8.800000,1,0,0.915251,0.000016,55.523602,56.723145,56.258137
1,8.800000,1,2,0.915251,-0.401267,53.950363,53.925278,55.011944
3,8.800000,3,4,3.294615,0.000000,49.275570,53.400448,53.096344
2,8.800000,3,2,3.294615,-0.401267,58.265747,54.529816,54.990608
0,9.000000,1,0,0.915251,0.000016,53.124989,56.717621,56.258137
1,9.000000,1,2,0.915251,-0.394958,54.998104,53.205147,55.001091
3,9.000000,3,4,3.301030,0.000000,48.695171,52.691753,53.109486
2,9.000000,3,2,3.301030,-0.394958,51.831562,54.661507,54.990425
0,9.200000,1,0,0.921126,0.000016,57.164368,57.022602,56.249130
1,9.200000,1,2,0.921126,-0.388648,53.504910,53.732506,55.000343
3,9.200000,3,4,3.350143,0.000000,53.272583,53.619446,53.209606
2,9.200000,3,2,3.350143,-0.388648,52.072990,54.191933,54.916454
0,9.400000,1,0,0.927001,0.000017,57.533310,56.921387,56.240116
1,9.400000,1,2,0.927001,-0.370920,51.860497,54.757484,54.979931
3,9.400000,3,4,3.386446,0.000000,57.351234,53.774582,53.283024
2,9.400000,3,2,3.386446,-0.370920,51.899368,54.339645,54.884197
0,9.600000,1,0,0.923574,0.000017,50.726425,56.947113,56.245377
1,9.600000,1,2,0.923574,-0.356108,54.681740,54.653965,54.948441
3,9.600000,3,4,3.386446,0.000000,55.096283,53.352345,53.283024
2,9.600000,3,2,3.386446,-0.356108,55.519302,54.936996,54.909927
0,9.800000,1,0,0.923574,0.000017,57.313213,56.570766,56.245377
1,9.800000,1,2,0.923574,-0.356107,57.815765,54.706623,54.948441
3,9.800000,3,4,3.398539,0.000000,47.122860,54.407410,53.307369
2,9.800000,3,2,3.398539,-0.356107,52.696552,55.501999,54.888927
0,10.000000,1,0,0.923574,0.000018,54.124928,56.868141,56.245377
1,10.000000,1,2,0.923574,-0.373326,58.123730,54.969646,54.978172
3,10.000000,3,4,3.389237,0.000000,53.914669,55.076096,53.288647
2,10.000000,3,2,3.389237,-0.373326,57.861832,55.617622,54.875153
0,10.200000,1,0,0.937039,0.000018,58.769558,56.321163,56.224697
1,10.200000,1,2,0.937039,-0.398900,50.899258,54.646194,55.045273
3,10.200000,3,4,3.376789,0.000000,56.597809,53.091957,53.263542
2,10.200000,3,2,3.376789,-0.398900,49.291447,56.027981,54.852280
0,10.400000,1,0,0.951403,0.000018,53.692989,56.929111,56.202595
1,10.400000,1,2,0.951403,-0.420399,54.605797,54.600983,55.106556
3,10.400000,3,4,3.429229,0.000000,49.478691,52.668621,53.368912
2,10.400000,3,2,3.429229,-0.420399,54.560860,56.360111,54.722534
0,10.600000,1,0,0.982448,0.000019,48.381355,56.544598,56.154671
1,10.600000,1,2,0.982448,-0.446693,56.973476,54.110287,55.203823
3,10.600000,3,4,3.470575,0.000000,58.380089,52.309002,53.451275
2,10.600000,3,2,3.470575,-0.446693,56.082939,56.279129,54.602470
0,10.800000,1,0,1.013492,0.000019,55.269791,56.274616,56.106533
1,10.800000,1,2,1.013492,-0.480669,51.187252,54.053917,55.313076
3,10.800000,3,4,3.533629,0.000000,56.108562,52.711586,53.575691
2,10.800000,3,2,3.533629,-0.480669,52.765148,56.308220,54.427879
0,11.000000,1,0,1.041370,0.000019,53.296124,55.597160,56.063126
1,11.000000,1,2,1.041370,-0.499785,54.434471,54.532562,55.391361
3,11.000000,3,4,3.584513,0.000000,59.352016,54.894459,53.675064
2,11.000000,3,2,3.584513,-0.499785,54.144089,55.414471,54.300156
0,11.200000,1,0,1.059796,0.000020,57.116169,55.111454,56.034336
1,11.200000,1,2,1.059796,-0.536581,52.472443,54.710796,55.482635
3,11.200000,3,4,3.587036,0.000000,56.603039,54.530216,53.679970
2,11.200000,3,2,3.587036,-0.536581,56.964943,55.799725,54.227753
0,11.400000,1,0,1.072441,0.000020,51.066139,55.212460,56.014538
1,11.400000,1,2,1.072441,-0.561767,59.516487,55.152756,55.544727
3,11.400000,3,4,3.583796,0.000000,52.355755,53.367153,53.673668
2,11.400000,3,2,3.583796,-0.561767,54.524487,55.853767,54.187130
0,11.600000,1,0,1.065231,0.000021,53.645367,55.298618,56.025833
1,11.600000,1,2,1.065231,-0.586846,55.094646,55.193172,55.573929
3,11.600000,3,4,3.603118,0.000000,54.006325,53.729977,53.711174
2,11.600000,3,2,3.603118,-0.586846,53.478226,55.794418,54.104469
0,11.800000,1,0,1.056285,0.000021,55.059418,55.604046,56.039829
1,11.800000,1,2,1.056285,-0.598266,55.577572,55.294598,55.577969
3,11.800000,3,4,3.619530,0.000000,53.532669,52.236481,53.742928
2,11.800000,3,2,3.619530,-0.598266,52.730190,55.474270,54.052338
0,12.000000,1,0,1.047339,0.000021,59.391499,56.092731,56.053810
1,12.000000,1,2,1.047339,-0.602508,54.698112,54.995476,55.570290
3,12.000000,3,4,3.652128,0.000000,49.976875,53.435345,53.805721
2,12.000000,3,2,3.652128,-0.602508,61.074066,55.227898,53.982941
0,12.200000,1,0,1.051384,0.000022,57.604332,56.651321,56.047493
1,12.200000,1,2,1.051384,-0.599858,52.896309,55.253292,55.572571
3,12.200000,3,4,3.682707,0.000000,61.659527,52.802010,53.864296
2,12.200000,3,2,3.682707,-0.599858,55.000809,55.027950,53.930031
0,12.400000,1,0,1.064765,0.000022,52.768738,56.253494,56.026566
1,12.400000,1,2,1.064765,-0.597207,57.014160,55.293484,55.590073
3,12.400000,3,4,3.716096,0.000000,51.367142,53.897083,53.927902
2,12.400000,3,2,3.716096,-0.597207,53.437614,55.533321,53.871502
0,12.600000,1,0,1.054493,0.000022,57.643436,57.070610,56.042633
1,12.600000,1,2,1.054493,-0.597207,59.071739,55.658646,55.573318
3,12.600000,3,4,3.725937,0.000000,55.630932,53.532295,53.946579
2,12.600000,3,2,3.725937,-0.597207,54.311852,55.120281,53.852695
0,12.800000,1,0,1.035278,0.000023,49.616543,56.795067,56.072632
1,12.800000,1,2,1.035278,-0.593962,54.299355,55.992935,55.536591
3,12.800000,3,4,3.737983,0.000000,56.056412,52.915356,53.969391
2,12.800000,3,2,3.737983,-0.593962,50.348270,54.989983,53.835854
0,13.000000,1,0,1.019229,0.000023,59.033947,55.864132,56.097618
1,13.000000,1,2,1.019229,-0.584019,50.939823,55.837708,55.493942
3,13.000000,3,4,3.757726,0.000000,45.914864,53.764694,54.006683
2,13.000000,3,2,3.757726,-0.584019,57.612843,54.873077,53.817062
0,13.200000,1,0,1.005827,0.000023,57.284870,55.674637,56.118446
1,13.200000,1,2,1.005827,-0.558029,55.804108,55.206627,55.428978
3,13.200000,3,4,3.753663,0.000000,52.770077,52.988834,53.999016
2,13.200000,3,2,3.753663,-0.558029,52.456612,54.431076,53.874577
0,13.400000,1,0,1.005828,0.000024,48.653336,55.204826,56.118446
1,13.400000,1,2,1.005828,-0.537712,61.815693,55.560673,55.395317
3,13.400000,3,4,3.757907,0.000000,52.946507,53.270069,54.007023
2,13.400000,3,2,3.757907,-0.537712,64.633087,54.716732,53.905212
0,13.600000,1,0,0.994627,0.000024,56.258018,56.010830,56.135818
1,13.600000,1,2,0.994627,-0.511493,55.362370,55.653088,55.333050
3,13.600000,3,4,3.750581,0.000000,49.573860,53.878399,53.993202
2,13.600000,3,2,3.750581,-0.511493,55.408260,54.789341,53.968872
0,13.800000,1,0,0.987883,0.000024,55.176144,56.447720,56.146267
1,13.800000,1,2,0.987883,-0.521235,50.103672,55.432919,55.338055
3,13.800000,3,4,3.740268,0.000000,52.899323,54.335514,53.973713
2,13.800000,3,2,3.740268,-0.521235,57.346645,55.862408,53.969955
0,14.000000,1,0,0.993997,0.000025,56.176060,56.267418,56.136795
1,14.000000,1,2,0.993997,-0.529643,60.602859,55.002239,55.362251
3,14.000000,3,4,3.716989,0.000000,53.739937,52.878727,53.929596
2,14.000000,3,2,3.716989,-0.529643,52.310677,55.332520,53.998055
0,14.200000,1,0,0.983443,0.000025,57.385315,56.215553,56.153137
1,14.200000,1,2,0.983443,-0.531846,62.898247,55.317223,55.348343
3,14.200000,3,4,3.722085,0.000000,57.636074,52.760796,53.939270
2,14.200000,3,2,3.722085,-0.531846,44.980381,55.137493,53.984268
0,14.400000,1,0,0.971548,0.000026,54.318188,56.730785,56.171532
1,14.400000,1,2,0.971548,-0.531846,56.957729,55.120632,55.328499
3,14.400000,3,4,3.739370,0.000000,52.521008,53.824158,53.972015
2,14.400000,3,2,3.739370,-0.531846,53.395824,54.836464,53.951561
0,14.600000,1,0,0.960458,0.000026,56.164600,56.264637,56.188652
1,14.600000,1,2,0.960458,-0.537254,55.841206,54.604298,55.319008
3,14.600000,3,4,3.741761,0.000000,55.552189,53.802303,53.976536
2,14.600000,3,2,3.741761,-0.537254,58.577690,54.702316,53.936771
0,14.800000,1,0,0.965411,0.000026,57.376842,55.894009,56.181007
1,14.800000,1,2,0.965411,-0.542662,52.164074,54.487026,55.336311
3,14.800000,3,4,3.737205,0.000000,54.094425,52.653587,53.967918
2,14.800000,3,2,3.737205,-0.542662,53.971828,54.332935,53.935154
0,15.000000,1,0,0.965411,0.000027,59.980495,56.122490,56.181007
1,15.000000,1,2,0.965411,-0.532164,60.035706,54.647568,55.318779
3,15.000000,3,4,3.761595,0.000000,51.451897,54.759552,54.013973
2,15.000000,3,2,3.761595,-0.532164,54.303658,54.206177,53.908752
0,15.200000,1,0,0.987966,0.000027,58.348808,56.042511,56.146141
1,15.200000,1,2,0.987966,-0.532163,56.083572,54.642540,55.356407
3,15.200000,3,4,3.744301,0.000000,55.044853,54.899391,53.981339
2,15.200000,3,2,3.744301,-0.532163,52.642494,54.066162,53.941612
0,15.400000,1,0,1.014022,0.000027,57.638065,55.736145,56.105724
1,15.400000,1,2,1.014022,-0.522174,49.944920,55.344398,55.383125
3,15.400000,3,4,3.715676,0.000000,55.740417,52.950058,53.927101
2,15.400000,3,2,3.715676,-0.522174,54.267712,53.994450,54.014610
0,15.600000,1,0,1.003554,0.000028,57.408138,55.404831,56.121979
1,15.600000,1,2,1.003554,-0.510777,55.761208,55.506645,55.346745
3,15.600000,3,4,3.708263,0.000000,49.652981,53.853424,53.913013
2,15.600000,3,2,3.708263,-0.510777,56.954620,54.030178,54.049999
0,15.800000,1,0,0.981059,0.000028,55.349354,55.695518,56.156834
1,15.800000,1,2,0.981059,-0.489541,56.893028,55.639061,55.273613
3,15.800000,3,4,3.713562,0.000000,50.711552,53.936985,53.923088
2,15.800000,3,2,3.713562,-0.489541,49.679092,53.848911,54.079887
0,16.000000,1,0,0.958564,0.000028,58.127609,55.958534,56.191574
1,16.000000,1,2,0.958564,-0.457588,57.496048,55.402569,55.181866
3,16.000000,3,4,3.728025,0.000000,55.022724,55.123959,53.950531
2,16.000000,3,2,3.728025,-0.457588,60.785973,53.122070,54.112598
0,16.200000,1,0,0.951771,0.000029,56.702091,56.066669,56.202045
1,16.200000,1,2,0.951771,-0.434756,50.432148,55.312355,55.131615
3,16.200000,3,4,3.713358,0.000000,49.045727,53.706894,53.922699
2,16.200000,3,2,3.713358,-0.434756,53.081432,53.498207,54.182396
0,16.400000,1,0,0.938123,0.000029,60.865013,55.785553,56.223045
1,16.400000,1,2,0.938123,-0.419669,54.998264,55.179012,55.082657
3,16.400000,3,4,3.722484,0.000000,54.482891,53.527737,53.940025
2,16.400000,3,2,3.722484,-0.419669,53.134460,54.005985,54.193451
0,16.600000,1,0,0.934056,0.000029,52.054577,55.569767,56.229301
1,16.600000,1,2,0.934056,-0.414502,57.532856,55.473515,55.066875
3,16.600000,3,4,3.722485,0.000000,52.776867,54.996792,53.940029
2,16.600000,3,2,3.722485,-0.414502,58.650478,53.518562,54.203022
0,16.800000,1,0,0.927297,0.000030,59.042213,55.819679,56.239681
1,16.800000,1,2,0.927297,-0.405479,55.454983,55.336372,55.039856
3,16.800000,3,4,3.708426,0.000000,52.942406,54.687622,53.913322
2,16.800000,3,2,3.708426,-0.405479,59.204857,54.038128,54.245682
0,17.000000,1,0,0.920538,0.000030,60.396454,55.733650,56.250053
1,17.000000,1,2,0.920538,-0.412617,55.013496,55.756321,55.040504
3,17.000000,3,4,3.691873,0.000000,54.496475,53.365391,53.881798
2,17.000000,3,2,3.691873,-0.412617,51.885651,54.349243,54.263035
0,17.200000,1,0,0.927720,0.000030,55.057621,55.750374,56.239033
1,17.200000,1,2,0.927720,-0.423072,54.432056,55.500717,55.070698
3,17.200000,3,4,3.678622,0.000000,56.191189,52.387993,53.856491
2,17.200000,3,2,3.678622,-0.423072,54.297958,54.450878,54.268181
0,17.400000,1,0,0.929808,0.000031,53.221134,55.309895,56.235828
1,17.400000,1,2,0.929808,-0.433528,56.688633,55.697716,55.092121
3,17.400000,3,4,3.689197,0.000000,56.167656,52.982803,53.876694
2,17.400000,3,2,3.689197,-0.433528,54.445240,55.218140,54.229401
0,17.600000,1,0,0.921813,0.000031,56.427753,55.285809,56.248100
1,17.600000,1,2,0.921813,-0.452265,52.566631,55.680092,55.110435
3,17.600000,3,4,3.694589,0.000000,53.935501,53.370190,53.886978
2,17.600000,3,2,3.694589,-0.452265,57.004654,54.973251,54.184734
0,17.800000,1,0,0.909906,0.000032,56.928028,55.567791,56.266350
1,17.800000,1,2,0.909906,-0.470202,57.774433,55.931534,55.120697
3,17.800000,3,4,3.697563,0.000000,51.489899,54.166569,53.892647
2,17.800000,3,2,3.697563,-0.470202,50.690987,54.769402,54.145874
0,18.000000,1,0,0.885141,0.000032,52.453491,55.261272,56.304207
1,18.000000,1,2,0.885141,-0.479956,56.891247,56.420643,55.095123
3,18.000000,3,4,3.699703,0.000000,52.465424,55.231407,53.896721
2,18.000000,3,2,3.699703,-0.479956,54.355377,54.235508,54.123711
0,18.200000,1,0,0.860376,0.000032,52.499241,54.918461,56.341934
1,18.200000,1,2,0.860376,-0.479955,57.126354,56.462284,55.052799
3,18.200000,3,4,3.678197,0.000000,57.529907,54.096992,53.855682
2,18.200000,3,2,3.678197,-0.479955,55.521358,53.606609,54.163754
0,18.400000,1,0,0.855057,0.000033,55.819393,55.612534,56.350021
1,18.400000,1,2,0.855057,-0.462362,55.949539,55.810070,55.013489
3,18.400000,3,4,3.692963,0.000000,45.752583,55.009426,53.883873
2,18.400000,3,2,3.692963,-0.462362,51.250458,53.383598,54.169010
0,18.600000,1,0,0.849737,0.000033,52.426292,55.947105,56.358101
1,18.600000,1,2,0.849737,-0.446784,54.911156,56.173103,54.977516
3,18.600000,3,4,3.729275,0.000000,53.017616,53.610378,53.952904
2,18.600000,3,2,3.729275,-0.446784,54.093597,53.845341,54.130424
0,18.800000,1,0,0.830186,0.000033,54.236347,56.204948,56.387749
1,18.800000,1,2,0.830186,-0.440200,53.194233,56.368393,54.932358
3,18.800000,3,4,3.736165,0.000000,49.509396,52.563797,53.965950
2,18.800000,3,2,3.736165,-0.440200,49.508659,53.376297,54.129852
0,19.000000,1,0,0.819638,0.000034,60.047554,57.230640,56.403709
1,19.000000,1,2,0.819638,-0.424935,53.981430,56.207352,54.887566
3,19.000000,3,4,3.759124,0.000000,55.588474,55.136841,54.009315
2,19.000000,3,2,3.759124,-0.424935,51.194775,53.047379,54.115501
0,19.200000,1,0,0.809090,0.000034,54.858459,57.765873,56.419647
1,19.200000,1,2,0.809090,-0.419391,58.012630,56.313869,54.859554
3,19.200000,3,4,3.734956,0.000000,58.546860,52.917343,53.963661
2,19.200000,3,2,3.734956,-0.419391,52.444054,53.079758,54.170826
0,19.400000,1,0,0.820580,0.000034,60.182774,57.467583,56.402283
1,19.400000,1,2,0.820580,-0.413848,50.646877,55.889072,54.869919
3,19.400000,3,4,3.789283,0.000000,52.780651,54.646526,54.066025
2,19.400000,3,2,3.789283,-0.413848,51.273045,53.739494,54.079834
0,19.600000,1,0,0.836101,0.000035,61.819786,57.619091,56.378792
1,19.600000,1,2,0.836101,-0.407519,53.133934,55.292236,54.885910
3,19.600000,3,4,3.789284,0.000000,53.133759,54.715473,54.066025
2,19.600000,3,2,3.789284,-0.407519,50.351395,53.753109,54.091682
0,19.800000,1,0,0.859674,0.000035,58.295311,57.504711,56.343002
1,19.800000,1,2,0.859674,-0.401189,55.600128,56.130310,54.915855
3,19.800000,3,4,3.792815,0.000000,49.148750,52.185154,54.072643
2,19.800000,3,2,3.792815,-0.401189,53.436264,53.936386,54.096916
0,20.000000,1,0,0.870031,0.000035,56.596302,57.843060,56.327248
1,20.000000,1,2,0.870031,-0.401189,49.506302,56.771355,54.933800
3,20.000000,3,4,3.842710,0.000000,56.766785,55.349098,54.165756
2,20.000000,3,2,3.842710,-0.401189,51.052311,53.419739,54.003212
0,20.200000,1,0,0.856935,0.000036,61.722401,57.749702,56.347168
1,20.200000,1,2,0.856935,-0.390115,53.433559,56.092472,54.891876
3,20.200000,3,4,3.813737,0.000000,50.497437,53.735535,54.111786
2,20.200000,3,2,3.813737,-0.390115,46.967285,52.555489,54.078487
0,20.400000,1,0,0.878584,0.000036,58.469898,57.142635,56.314217
1,20.400000,1,2,0.878584,-0.362415,56.963844,55.415394,54.881351
3,20.400000,3,4,3.792154,0.000000,55.383999,54.061714,54.071404
2,20.400000,3,2,3.792154,-0.362415,53.926453,52.484215,54.170418
0,20.600000,1,0,0.900233,0.000037,62.969696,57.130524,56.281158
1,20.600000,1,2,0.900233,-0.331921,56.167049,55.244633,54.865952
3,20.600000,3,4,3.802248,0.000000,53.099384,54.230545,54.090309
2,20.600000,3,2,3.802248,-0.331921,52.935417,53.027546,54.208237
0,20.800000,1,0,0.930999,0.000037,56.334896,56.388542,56.234009
1,20.800000,1,2,0.930999,-0.319174,57.004547,54.884468,54.897301
3,20.800000,3,4,3.810587,0.000000,54.958385,55.381180,54.105900
2,20.800000,3,2,3.810587,-0.319174,49.405914,53.314861,54.216393
0,21.000000,1,0,0.966003,0.000037,56.281765,56.481129,56.180115
1,21.000000,1,2,0.966003,-0.310209,58.815411,55.112347,54.942440
3,21.000000,3,4,3.786200,0.000000,59.308533,53.875980,54.060238
2,21.000000,3,2,3.786200,-0.310209,53.670883,53.223667,54.277908
0,21.200000,1,0,0.995329,0.000038,53.083416,56.209496,56.134750
1,21.200000,1,2,0.995329,-0.284280,55.680145,55.300507,54.948315
3,21.200000,3,4,3.811444,0.000000,54.484245,55.505825,54.107502
2,21.200000,3,2,3.811444,-0.284280,56.169739,53.317627,54.279167
0,21.400000,1,0,1.024655,0.000038,53.616199,56.198318,56.089203
1,21.400000,1,2,1.024655,-0.248567,50.363873,54.797897,54.937267
3,21.400000,3,4,3.818957,0.000000,49.264626,53.421234,54.121529
2,21.400000,3,2,3.818957,-0.248567,52.984879,53.532322,54.330898
0,21.600000,1,0,1.055695,0.000038,60.822994,55.903610,56.040779
1,21.600000,1,2,1.055695,-0.220635,53.465492,55.273937,54.942642
3,21.600000,3,4,3.822990,0.000000,47.503586,54.307167,54.129051
2,21.600000,3,2,3.822990,-0.220635,53.635727,53.498322,54.374550
0,21.800000,1,0,1.073127,0.000039,58.215256,55.356247,56.013489
1,21.800000,1,2,1.073127,-0.192703,61.009274,55.623894,54.924465
3,21.800000,3,4,3.840977,0.000000,51.704544,52.642578,54.162533
2,21.800000,3,2,3.840977,-0.192703,53.440331,54.322166,54.392662
0,22.000000,1,0,1.110902,0.000039,52.183636,55.295807,55.954121
1,22.000000,1,2,1.110902,-0.176768,49.315231,55.497215,54.962242
3,22.000000,3,4,3.880558,0.000000,54.958412,54.476894,54.235855
2,22.000000,3,2,3.880558,-0.176768,57.769047,54.403015,54.349548
0,22.200000,1,0,1.143353,0.000039,53.634686,55.077934,55.902855
1,22.200000,1,2,1.143353,-0.153345,55.897049,55.545292,54.977821
3,22.200000,3,4,3.892582,0.000000,53.655533,55.247055,54.258030
2,22.200000,3,2,3.892582,-0.153345,52.899967,54.211784,54.370354
0,22.400000,1,0,1.185987,0.000040,54.276234,54.970020,55.835136
1,22.400000,1,2,1.185987,-0.126146,52.523613,54.991318,55.004402
3,22.400000,3,4,3.885491,0.000000,52.505035,53.241333,54.244957
2,22.400000,3,2,3.885491,-0.126146,50.363857,54.453632,54.432701
0,22.600000,1,0,1.232922,0.000040,57.765102,54.884396,55.760094
1,22.600000,1,2,1.232922,-0.096657,55.936691,54.758587,55.034370
3,22.600000,3,4,3.920012,0.000000,54.527443,54.220844,54.308449
2,22.600000,3,2,3.920012,-0.096657,52.539722,54.554417,54.423576
0,22.800000,1,0,1.265987,0.000040,54.243538,54.555176,55.706913
1,22.800000,1,2,1.265987,-0.068248,55.561810,54.934383,55.042355
3,22.800000,3,4,3.931513,0.000000,58.143833,54.390419,54.329521
2,22.800000,3,2,3.931513,-0.068248,54.195869,54.421711,54.454216
0,23.000000,1,0,1.325566,0.000041,56.605640,55.338284,55.610428
1,23.000000,1,2,1.325566,-0.033978,54.071499,54.278229,55.085648
3,23.000000,3,4,3.941810,0.000000,57.786079,53.339390,54.348351
2,23.000000,3,2,3.941810,-0.033978,52.376709,54.490959,54.497505
0,23.200000,1,0,1.379543,0.000041,56.736095,55.877178,55.522266
1,23.200000,1,2,1.379543,-0.014759,58.982372,54.670506,55.144829
3,23.200000,3,4,3.977194,0.000000,50.910259,54.171467,54.412811
2,23.200000,3,2,3.977194,-0.014759,55.156693,55.303642,54.468330
0,23.400000,1,0,1.433521,0.000041,59.734497,54.934624,55.433384
1,23.400000,1,2,1.433521,-0.014759,53.633205,54.834797,55.236095
3,23.400000,3,4,3.987246,0.000000,53.027134,54.300362,54.431053
2,23.400000,3,2,3.987246,-0.014759,52.085369,55.645584,54.450153
0,23.600000,1,0,1.456199,0.000042,55.185078,54.329903,55.395821
1,23.600000,1,2,1.456199,0.002941,64.823883,54.220108,55.244476
3,23.600000,3,4,3.997049,0.000000,52.102230,54.272114,54.448814
2,23.600000,3,2,3.997049,0.002941,52.719585,55.264191,54.464439
0,23.800000,1,0,1.488199,0.000042,56.541660,54.653061,55.342598
1,23.800000,1,2,1.488199,0.020640,60.440598,54.919865,55.268509
3,23.800000,3,4,3.997049,0.000000,56.380997,54.428314,54.448814
2,23.800000,3,2,3.997049,0.020640,48.566288,55.732269,54.496387
0,24.000000,1,0,1.516551,0.000043,56.731556,54.772110,55.295223
1,24.000000,1,2,1.516551,0.018584,49.827202,55.102005,55.319439
3,24.000000,3,4,4.015151,0.000000,57.042633,53.345352,54.481537
2,24.000000,3,2,4.015151,0.018584,54.284954,56.405247,54.459991
0,24.200000,1,0,1.523474,0.000043,49.440289,54.450092,55.283623
1,24.200000,1,2,1.523474,0.008618,47.106804,55.286007,55.347622
3,24.200000,3,4,4.044704,0.000000,57.127785,55.658150,54.534744
2,24.200000,3,2,4.044704,0.008618,53.807442,56.182510,54.388283
0,24.400000,1,0,1.530397,0.000043,57.250732,54.224949,55.272011
1,24.400000,1,2,1.530397,0.015411,51.650539,55.275055,55.347839
3,24.400000,3,4,4.026132,0.000000,51.052406,53.449326,54.501335
2,24.400000,3,2,4.026132,0.015411,51.198475,55.303967,54.434364
0,24.600000,1,0,1.523394,0.000044,60.017094,54.573521,55.283760
1,24.600000,1,2,1.523394,0.030406,52.046410,55.757675,55.311115
3,24.600000,3,4,4.048641,0.000000,50.039600,53.118576,54.541813
2,24.600000,3,2,4.048641,0.030406,56.754921,54.895290,54.420734
0,24.800000,1,0,1.497492,0.000044,52.992203,54.968258,55.327095
1,24.800000,1,2,1.497492,0.053734,54.281292,55.311241,55.228477
3,24.800000,3,4,4.085039,0.000000,54.091019,55.582874,54.606949
2,24.800000,3,2,4.085039,0.053734,55.047653,54.624443,54.396988
0,25.000000,1,0,1.479291,0.000044,49.664421,54.775101,55.357445
1,25.000000,1,2,1.479291,0.084079,52.544079,55.564983,55.146374
3,25.000000,3,4,4.074315,0.000000,52.710602,54.538528,54.587799
2,25.000000,3,2,4.074315,0.084079,50.531898,54.541115,54.471436
0,25.200000,1,0,1.458169,0.000045,58.718353,55.493534,55.392555
1,25.200000,1,2,1.458169,0.109900,56.487747,55.751221,55.066383
3,25.200000,3,4,4.080544,0.000000,51.523361,56.242001,54.598923
2,25.200000,3,2,4.080544,0.109900,57.233398,54.768494,54.506775
0,25.400000,1,0,1.440931,0.000045,55.074303,55.975410,55.421131
1,25.400000,1,2,1.440931,0.131603,53.314808,55.504364,54.999580
3,25.400000,3,4,4.047498,0.000000,54.115967,55.137455,54.539761
2,25.400000,3,2,4.047498,0.131603,54.253334,54.705627,54.604919
0,25.600000,1,0,1.428699,0.000045,52.326286,56.615555,55.441360
1,25.600000,1,2,1.428699,0.126920,53.988968,55.398300,54.986580
3,25.600000,3,4,4.021039,0.000000,52.521469,55.126293,54.492157
2,25.600000,3,2,4.021039,0.126920,52.329762,55.025490,54.643