1,0.200000,2,1,0.000000,0.000000,47.231064,NaN,52.474251
2,0.200000,2,3,0.000000,0.000000,59.043030,NaN,60.000000
0,0.200000,1,0,0.000000,0.000000,51.932541,NaN,57.577248
3,0.200000,4,3,0.000000,0.000000,45.369255,41.705360,42.529121
1,0.400000,2,1,0.000001,0.000001,49.138702,NaN,52.474251
2,0.400000,2,3,0.000001,0.000001,63.776447,NaN,60.000000
0,0.400000,1,0,0.000001,0.000001,58.364788,NaN,57.577248
3,0.400000,4,3,0.000000,0.000001,39.915993,43.499802,42.529125
1,0.600000,2,1,0.000001,0.106206,48.909744,54.593567,52.702454
2,0.600000,2,3,0.000001,0.000001,61.205448,57.774990,60.000000
0,0.600000,1,0,0.106206,0.000001,59.430565,62.267639,57.432144
3,0.600000,4,3,0.000000,0.000001,41.218616,41.038235,42.529125
1,0.800000,2,1,-0.171000,0.212411,52.312874,52.693581,53.276436
2,0.800000,2,3,-0.171000,0.300001,64.716919,62.889000,59.476181
0,0.800000,1,0,0.212411,0.000001,57.522198,59.212063,57.285080
3,0.800000,4,3,0.000000,0.300001,42.181641,42.838375,44.045753
1,1.000000,2,1,-0.356228,0.341295,54.080536,54.270126,53.892151
2,1.000000,2,3,-0.356228,0.600002,59.613487,62.166958,58.908737
0,1.000000,1,0,0.341295,0.000002,53.174198,58.094421,57.103886
3,1.000000,4,3,0.000000,0.600002,46.821148,45.250763,45.376335
1,1.200000,2,1,-0.517555,0.376843,55.598209,55.784966,54.260986
2,1.200000,2,3,-0.517555,0.886337,59.630810,61.122089,58.357544
0,1.200000,1,0,0.376843,0.000002,61.374935,56.679829,57.053375
3,1.200000,4,3,0.000000,0.886337,40.969154,45.976677,46.510292
1,1.400000,2,1,-0.613434,0.399512,51.760773,55.099010,54.477184
2,1.400000,2,3,-0.613434,1.135046,60.166302,58.916794,57.913345
0,1.400000,1,0,0.399512,0.000002,65.027611,57.006565,57.021042
3,1.400000,4,3,0.000000,1.135046,50.303257,48.321472,47.407471
1,1.600000,2,1,-0.708653,0.430655,51.308979,54.674965,54.702984
2,1.600000,2,3,-0.708653,1.325828,60.371429,56.791698,57.530350
0,1.600000,1,0,0.430655,0.000003,56.131310,56.241798,56.976463
3,1.600000,4,3,0.000000,1.325828,48.031948,47.474129,48.048714
1,1.800000,2,1,-0.742796,0.454540,56.387207,54.579750,54.805122
2,1.800000,2,3,-0.742796,1.513301,61.207855,56.565392,57.223999
0,1.800000,1,0,0.454540,0.000003,58.811199,56.596615,56.942146
3,1.800000,4,3,0.000000,1.513301,47.702538,49.036842,48.643978
1,2.000000,2,1,-0.742795,0.472626,53.358509,55.021000,54.836765
2,2.000000,2,3,-0.742795,1.683411,58.032719,55.728058,56.982838
0,2.000000,1,0,0.472626,0.000004,54.666653,57.535343,56.916092
3,2.000000,4,3,0.000000,1.683411,53.581532,49.810398,49.157249
1,2.200000,2,1,-0.772284,0.472627,57.537712,55.898800,54.888153
2,2.200000,2,3,-0.772284,1.821235,57.593269,56.051617,56.740295
0,2.200000,1,0,0.472627,0.000004,60.344540,57.897926,56.916092
3,2.200000,4,3,0.000000,1.821235,49.980133,49.125694,49.556015
1,2.400000,2,1,-0.801773,0.468674,52.198662,56.090275,54.932465
2,2.400000,2,3,-0.801773,1.962862,55.903164,54.669102,56.486511
0,2.400000,1,0,0.468674,0.000004,64.237495,57.612099,56.921791
3,2.400000,4,3,0.000000,1.962862,52.119034,50.721710,49.951084
1,2.600000,2,1,-0.793471,0.473894,52.268520,56.235462,54.927124
2,2.600000,2,3,-0.793471,2.071412,57.667912,54.234360,56.335030
0,2.600000,1,0,0.473894,0.000005,61.757950,57.901596,56.914265
3,2.600000,4,3,0.000000,2.071412,51.744370,50.859058,50.244438
1,2.800000,2,1,-0.790768,0.484096,56.329456,55.992184,54.940109
2,2.800000,2,3,-0.790768,2.164992,56.913769,54.662243,56.195854
0,2.800000,1,0,0.484096,0.000005,59.852924,57.141994,56.899536
3,2.800000,4,3,0.000000,2.164992,52.055489,50.175957,50.491131
1,3.000000,2,1,-0.790768,0.504047,59.770542,55.300583,54.974571
2,3.000000,2,3,-0.790768,2.258389,52.854454,55.107147,56.050938
0,3.000000,1,0,0.504047,0.000005,63.370041,57.638760,56.870682
3,3.000000,4,3,0.000000,2.258389,44.324306,51.775814,50.731876
1,3.200000,2,1,-0.790767,0.518590,56.075439,54.684612,54.999626
2,3.200000,2,3,-0.790767,2.316774,55.835716,54.623680,55.959354
0,3.200000,1,0,0.518590,0.000006,54.156956,57.813629,56.849594
3,3.200000,4,3,0.000000,2.316774,51.486031,51.575466,50.879707
1,3.400000,2,1,-0.763531,0.545627,52.525967,54.020329,54.999283
2,3.400000,2,3,-0.763531,2.373233,59.677944,54.421555,55.913223
0,3.400000,1,0,0.545627,0.000006,52.557243,57.050976,56.810287
3,3.400000,4,3,0.000000,2.373233,54.581852,50.308334,51.020771
1,3.600000,2,1,-0.736294,0.587916,50.562778,53.680061,55.025154
2,3.600000,2,3,-0.736294,2.476988,54.463173,54.216820,55.791496
0,3.600000,1,0,0.587916,0.000006,54.273052,56.573116,56.748520
3,3.600000,4,3,0.000000,2.476988,49.950821,50.514381,51.275322
1,3.800000,2,1,-0.701510,0.621276,55.446033,53.854252,55.022713
2,3.800000,2,3,-0.701510,2.563719,50.577591,54.115009,55.708069
0,3.800000,1,0,0.621276,0.000007,54.054180,57.211048,56.699539
3,3.800000,4,3,0.000000,2.563719,47.408703,51.662426,51.483620
1,4.000000,2,1,-0.664722,0.644008,55.965019,54.213352,54.998550
2,4.000000,2,3,-0.664722,2.639632,58.062904,53.528606,55.644814
0,4.000000,1,0,0.644008,0.000007,61.445457,57.954628,56.666042
3,4.000000,4,3,0.000000,2.639632,53.960777,50.780231,51.662712
1,4.200000,2,1,-0.613434,0.666740,55.519966,53.431286,54.949291
2,4.200000,2,3,-0.613434,2.721300,55.066097,53.513733,55.595436
0,4.200000,1,0,0.666740,0.000007,57.414291,58.299118,56.632439
3,4.200000,4,3,0.000000,2.721300,47.337246,51.372372,51.852146
1,4.400000,2,1,-0.563938,0.701024,57.477768,53.816986,54.922962
2,4.400000,2,3,-0.563938,2.808455,56.218750,53.244583,55.533920
0,4.400000,1,0,0.701024,0.000008,59.466496,58.263363,56.581558
3,4.400000,4,3,0.000000,2.808455,54.904472,52.205231,52.050720
1,4.600000,2,1,-0.514443,0.740934,56.929935,53.140560,54.906338
2,4.600000,2,3,-0.514443,2.869980,55.371601,53.610447,55.514194
0,4.600000,1,0,0.740934,0.000008,47.596764,57.413395,56.522030
3,4.600000,4,3,0.000000,2.869980,52.235207,51.886585,52.188751
1,4.800000,2,1,-0.467041,0.786632,53.514957,52.834999,54.903381
2,4.800000,2,3,-0.467041,2.924298,51.545177,53.520012,55.502838
0,4.800000,1,0,0.786632,0.000008,56.752209,57.380215,56.453468
3,4.800000,4,3,0.000000,2.924298,53.969280,52.171669,52.309166
1,5.000000,2,1,-0.421117,0.830357,57.797192,53.078247,54.899559
2,5.000000,2,3,-0.421117,2.962890,54.263470,54.686398,55.514877
0,5.000000,1,0,0.830357,0.000009,59.081978,57.016159,56.387451
3,5.000000,4,3,0.000000,2.962890,52.874516,51.998440,52.393913
1,5.200000,2,1,-0.416626,0.855879,50.982925,53.594109,54.936028
2,5.200000,2,3,-0.416626,3.021280,58.205448,55.400970,55.426064
0,5.200000,1,0,0.855879,0.000009,57.675034,56.543526,56.348732
3,5.200000,4,3,0.000000,3.021280,49.371960,52.741497,52.520897
1,5.400000,2,1,-0.429504,0.881401,53.536057,53.857735,55.002289
2,5.400000,2,3,-0.429504,3.065693,53.439865,55.678192,55.330856
0,5.400000,1,0,0.881401,0.000010,51.958229,55.521420,56.309875
3,5.400000,4,3,0.000000,3.065693,54.804573,52.621655,52.616497
1,5.600000,2,1,-0.453633,0.906768,55.363907,54.253468,55.087112
2,5.600000,2,3,-0.453633,3.108406,51.991234,55.617580,55.218708
0,5.600000,1,0,0.906768,0.000010,57.640873,56.314445,56.271118
3,5.600000,4,3,0.000000,3.108406,49.634251,51.268387,52.707653
1,5.800000,2,1,-0.478933,0.932832,58.037090,54.839668,55.174438
2,5.800000,2,3,-0.478933,3.173600,51.787800,56.142441,55.065010
0,5.800000,1,0,0.932832,0.000010,56.699131,55.497917,56.231148
3,5.800000,4,3,0.000000,3.173600,51.200436,53.877369,52.845325
1,6.000000,2,1,-0.496915,0.947263,60.020798,54.598812,55.229187
2,6.000000,2,3,-0.496915,3.186593,48.632893,55.984390,55.011898
0,6.000000,1,0,0.947263,0.000011,53.684765,55.405838,56.208961
3,6.000000,4,3,0.000000,3.186593,55.344574,51.593887,52.872555
1,6.200000,2,1,-0.503324,0.974263,55.219181,54.597744,55.285332
2,6.200000,2,3,-0.503324,3.253367,59.607296,55.414558,54.885368
0,6.200000,1,0,0.974263,0.000011,52.594425,55.584316,56.167313
3,6.200000,4,3,0.000000,3.253367,51.228840,52.959450,53.011433
1,6.400000,2,1,-0.503324,1.001263,52.286011,54.642181,55.330494
2,6.400000,2,3,-0.503324,3.303727,52.610821,55.022308,54.797440
0,6.400000,1,0,1.001263,0.000011,55.670631,54.935806,56.125511
3,6.400000,4,3,0.000000,3.303727,50.073181,54.663345,53.115009
1,6.600000,2,1,-0.503324,1.001264,58.474308,55.440903,55.330494
2,6.600000,2,3,-0.503324,3.301072,52.418018,55.140804,54.802094
0,6.600000,1,0,1.001264,0.000012,55.691380,55.040257,56.125511
3,6.600000,4,3,0.000000,3.301072,51.213356,54.010952,53.109573
1,6.800000,2,1,-0.503323,1.001264,54.450592,55.040615,55.330494
2,6.800000,2,3,-0.503323,3.305318,57.755123,54.906166,54.794647
0,6.800000,1,0,1.001264,0.000012,52.751831,54.616440,56.125511
3,6.800000,4,3,0.000000,3.305318,53.822525,53.728016,53.118263
1,7.000000,2,1,-0.514733,1.019326,60.699867,55.001629,55.379578
2,7.000000,2,3,-0.514733,3.310491,53.203117,55.229733,54.765526
0,7.000000,1,0,1.019326,0.000012,55.514313,54.768280,56.097450
3,7.000000,4,3,0.000000,3.310491,50.451107,53.212635,53.128845
1,7.200000,2,1,-0.520204,1.038170,55.877594,55.157303,55.419903
2,7.200000,2,3,-0.520204,3.321051,52.456398,54.856613,54.737305
0,7.200000,1,0,1.038170,0.000013,57.601818,55.079670,56.068108
3,7.200000,4,3,0.000000,3.321051,54.952255,52.662495,53.150414
1,7.400000,2,1,-0.516143,1.046044,53.163441,55.105915,55.426216
2,7.400000,2,3,-0.516143,3.333236,54.170597,54.941895,54.722977
0,7.400000,1,0,1.046044,0.000013,62.960442,55.473915,56.055817
3,7.400000,4,3,0.000000,3.333236,52.012547,52.654819,53.175247
1,7.600000,2,1,-0.512082,1.070584,58.672852,54.954102,55.460045
2,7.600000,2,3,-0.512082,3.327586,54.254208,54.958824,54.740105
0,7.600000,1,0,1.070584,0.000013,59.957581,55.447765,56.017437
3,7.600000,4,3,0.000000,3.327586,56.441669,52.684986,53.163734
1,7.800000,2,1,-0.542909,1.078165,51.707672,55.217079,55.523209
2,7.800000,2,3,-0.542909,3.341226,54.257534,55.663372,54.661446
0,7.800000,1,0,1.078165,0.000014,56.361759,55.329666,56.005554
3,7.800000,4,3,0.000000,3.341226,53.072903,51.781853,53.191498
1,8.000000,2,1,-0.537817,1.085745,52.057671,55.129753,55.527290
2,8.000000,2,3,-0.537817,3.375708,57.260017,55.059711,54.609146
0,8.000000,1,0,1.085745,0.000014,53.823971,54.867832,55.993656
3,8.000000,4,3,0.000000,3.375708,50.894287,54.345467,53.261360
1,8.200000,2,1,-0.543475,1.113871,56.098530,55.403553,55.582527
2,8.200000,2,3,-0.543475,3.387823,55.606010,55.593014,54.577396
0,8.200000,1,0,1.113871,0.000015,53.799313,55.056923,55.949402
3,8.200000,4,3,0.000000,3.387823,53.184998,53.357784,53.285797
1,8.400000,2,1,-0.543474,1.139372,54.402016,55.741791,55.624039
2,8.400000,2,3,-0.543474,3.413079,53.736710,55.281715,54.532120
0,8.400000,1,0,1.139372,0.000015,47.084644,54.985992,55.909119
3,8.400000,4,3,0.000000,3.413079,55.203072,54.554256,53.336571
1,8.600000,2,1,-0.534050,1.156121,53.477783,54.381954,55.635933
2,8.600000,2,3,-0.534050,3.409673,52.422756,54.836319,54.555145
0,8.600000,1,0,1.156121,0.000015,61.381557,55.367847,55.882584
3,8.600000,4,3,0.000000,3.409673,52.869576,53.712353,53.329735
1,8.800000,2,1,-0.525279,1.200140,55.533276,54.107121,55.692986
2,8.800000,2,3,-0.525279,3.412717,55.071407,54.760933,54.565407
0,8.800000,1,0,1.200140,0.000016,54.353291,55.610970,55.812523
3,8.800000,4,3,0.000000,3.412717,52.820950,52.945045,53.335842
1,9.000000,2,1,-0.512870,1.266947,54.962154,54.261864,55.780449
2,9.000000,2,3,-0.512870,3.438962,56.018906,54.584698,54.540596
0,9.000000,1,0,1.266947,0.000016,58.061623,55.954006,55.705326
3,9.000000,4,3,0.000000,3.438962,56.138027,54.122383,53.388359
1,9.200000,2,1,-0.496955,1.299391,53.444542,55.114735,55.806885
2,9.200000,2,3,-0.496955,3.443118,58.200909,54.514202,54.561684
0,9.200000,1,0,1.299391,0.000016,58.139709,56.366169,55.652885
3,9.200000,4,3,0.000000,3.443118,53.291027,53.420200,53.396652
1,9.400000,2,1,-0.479602,1.318477,52.427898,55.477016,55.809654
2,9.400000,2,3,-0.479602,3.460635,59.493401,54.469257,54.561394
0,9.400000,1,0,1.318477,0.000017,58.653355,56.435017,55.621914
3,9.400000,4,3,0.000000,3.460635,56.075119,53.673428,53.431534
1,9.600000,2,1,-0.455044,1.300230,59.546509,55.749409,55.741074
2,9.600000,2,3,-0.455044,3.468848,53.502445,54.418694,54.590637
0,9.600000,1,0,1.300230,0.000017,54.103920,56.093647,55.651527
3,9.600000,4,3,0.000000,3.468848,52.007668,53.648899,53.447845
1,9.800000,2,1,-0.437606,1.286813,57.231651,55.511269,55.691368
2,9.800000,2,3,-0.437606,3.475069,53.481201,53.981518,54.610664
0,9.800000,1,0,1.286813,0.000017,61.495911,55.454494,55.673248
3,9.800000,4,3,0.000000,3.475069,51.080093,53.809887,53.460190
1,10.000000,2,1,-0.421977,1.292328,61.027153,55.238716,55.675026
2,10.000000,2,3,-0.421977,3.477890,51.013157,54.616398,54.633484
0,10.000000,1,0,1.292328,0.000018,56.162258,55.243523,55.664322
3,10.000000,4,3,0.000000,3.477890,59.424953,52.719540,53.465782
1,10.200000,2,1,-0.421977,1.298915,54.573742,54.747307,55.685673
2,10.200000,2,3,-0.421977,3.503001,49.218975,54.687042,54.588696
0,10.200000,1,0,1.298915,0.000018,54.215580,55.029022,55.653656
3,10.200000,4,3,0.000000,3.503001,57.815590,53.349209,53.515434
1,10.400000,2,1,-0.424836,1.308858,59.068447,54.533695,55.706333
2,10.400000,2,3,-0.424836,3.524341,54.952229,54.681759,54.545364
0,10.400000,1,0,1.308858,0.000018,56.618027,55.250347,55.637535
3,10.400000,4,3,0.000000,3.524341,53.917294,53.723503,53.557453
1,10.600000,2,1,-0.422341,1.333064,55.482441,54.928913,55.741287
2,10.600000,2,3,-0.422341,3.524341,52.845100,53.678947,54.549835
0,10.600000,1,0,1.333064,0.000019,53.914577,55.691738,55.598190
3,10.600000,4,3,0.000000,3.524341,52.394428,53.238148,53.557453
1,10.800000,2,1,-0.407077,1.349397,56.109287,55.475853,55.743004
2,10.800000,2,3,-0.407077,3.546218,52.579231,53.885189,54.537968
0,10.800000,1,0,1.349397,0.000019,57.664734,56.106606,55.571556
3,10.800000,4,3,0.000000,3.546218,55.938309,53.825790,53.600365
1,11.000000,2,1,-0.390636,1.346553,54.235119,55.912048,55.711967
2,11.000000,2,3,-0.390636,3.549656,48.973804,53.825073,54.561295
0,11.000000,1,0,1.346553,0.000019,54.605225,55.921497,55.576202
3,11.000000,4,3,0.000000,3.549656,48.601658,54.576313,53.607090
1,11.200000,2,1,-0.366870,1.359144,57.553326,55.796070,55.693947
2,11.200000,2,3,-0.366870,3.560495,52.279034,53.800468,54.584427
0,11.200000,1,0,1.359144,0.000020,50.379383,55.580246,55.555634
3,11.200000,4,3,0.000000,3.560495,49.704300,55.317959,53.628273
1,11.400000,2,1,-0.351104,1.366145,59.723160,56.096218,55.679787
2,11.400000,2,3,-0.351104,3.562574,54.834541,54.499027,54.608871
0,11.400000,1,0,1.366145,0.000020,58.131474,56.266563,55.544182
3,11.400000,4,3,0.000000,3.562574,53.704201,54.615208,53.632332
1,11.600000,2,1,-0.351103,1.393119,54.795521,55.110874,55.723297
2,11.600000,2,3,-0.351103,3.578901,57.299606,54.356846,54.579712
0,11.600000,1,0,1.393119,0.000021,55.484562,56.442211,55.499947
3,11.600000,4,3,0.000000,3.578901,52.569832,54.848736,53.664150
1,11.800000,2,1,-0.359527,1.441111,51.896973,54.512955,55.813744
2,11.800000,2,3,-0.359527,3.586452,60.239433,55.251080,54.551098
0,11.800000,1,0,1.441111,0.000021,53.892864,56.200203,55.420792
3,11.800000,4,3,0.000000,3.586452,50.412197,54.364456,53.678833
1,12.000000,2,1,-0.342111,1.489104,56.500393,54.302113,55.862450
2,12.000000,2,3,-0.342111,3.624567,48.315006,55.259884,54.513912
0,12.000000,1,0,1.489104,0.000021,59.541580,56.225979,55.341057
3,12.000000,4,3,0.000000,3.624567,54.174473,54.985241,53.752655
1,12.200000,2,1,-0.322951,1.541915,55.748863,54.562130,55.915802
2,12.200000,2,3,-0.322951,3.639003,56.368446,55.103123,54.522411
0,12.200000,1,0,1.541915,0.000022,58.878635,55.918839,55.252632
3,12.200000,4,3,0.000000,3.639003,55.552441,54.965897,53.780479
1,12.400000,2,1,-0.299711,1.589578,61.234436,55.289669,55.954361
2,12.400000,2,3,-0.299711,3.639003,54.377918,55.771553,54.564117
0,12.400000,1,0,1.589578,0.000022,50.519444,55.450085,55.172203
3,12.400000,4,3,0.000000,3.639003,55.309814,52.837978,53.780483
1,12.600000,2,1,-0.289977,1.624788,54.536835,55.450718,55.994434
2,12.600000,2,3,-0.289977,3.683907,54.815083,55.273666,54.500938
0,12.600000,1,0,1.624788,0.000022,53.912792,55.376507,55.112404
3,12.600000,4,3,0.000000,3.683907,53.215343,53.194935,53.866592
1,12.800000,2,1,-0.264109,1.633653,52.236069,55.797756,55.967705
2,12.800000,2,3,-0.264109,3.697945,54.096397,54.692196,54.522232
0,12.800000,1,0,1.633653,0.000023,56.452877,54.949081,55.097298
3,12.800000,4,3,0.000000,3.697945,53.449818,54.185699,53.893372
1,13.000000,2,1,-0.259462,1.643603,50.634933,55.121227,55.976051
2,13.000000,2,3,-0.259462,3.707521,49.970955,54.480820,54.513363
0,13.000000,1,0,1.643603,0.000023,53.512150,54.393391,55.080315
3,13.000000,4,3,0.000000,3.707521,48.836559,53.505085,53.911602
1,13.200000,2,1,-0.253347,1.665282,59.535046,55.662487,56.000500
2,13.200000,2,3,-0.253347,3.723125,60.416359,54.472919,54.496273
0,13.200000,1,0,1.665282,0.000023,52.926132,53.707249,55.043221
3,13.200000,4,3,0.000000,3.723125,50.400898,55.047367,53.941242
1,13.400000,2,1,-0.247232,1.653303,58.759010,56.122063,55.972069
2,13.400000,2,3,-0.247232,3.718557,59.555653,53.934906,54.515511
0,13.400000,1,0,1.653303,0.000024,56.326241,53.725410,55.063736
3,13.400000,4,3,0.000000,3.718557,49.028229,53.779083,53.932571
1,13.600000,2,1,-0.212196,1.641324,56.185299,56.080315,55.897842
2,13.600000,2,3,-0.212196,3.732535,58.033752,53.569317,54.553337
0,13.600000,1,0,1.641324,0.000024,62.715572,53.363331,55.084206
3,13.600000,4,3,0.000000,3.732535,56.106400,53.867546,53.959076
1,13.800000,2,1,-0.196870,1.633793,52.764626,55.969318,55.861572
2,13.800000,2,3,-0.196870,3.724870,54.270584,54.294121,54.594482
0,13.800000,1,0,1.633793,0.000024,57.353226,54.998131,55.097061
3,13.800000,4,3,0.000000,3.724870,52.915028,54.997322,53.944553
1,14.000000,2,1,-0.181544,1.642458,54.486023,55.791679,55.850979
2,14.000000,2,3,-0.181544,3.686181,60.064728,54.513702,54.690536
0,14.000000,1,0,1.642458,0.000025,53.742691,55.277828,55.082275
3,14.000000,4,3,0.000000,3.686181,53.515709,53.546352,53.870934
1,14.200000,2,1,-0.156998,1.653174,60.589977,55.552666,55.828953
2,14.200000,2,3,-0.156998,3.683834,56.975266,54.355888,54.738052
0,14.200000,1,0,1.653174,0.000025,57.378422,54.967918,55.063957
3,14.200000,4,3,0.000000,3.683834,55.849342,54.836525,53.866451
1,14.400000,2,1,-0.139057,1.665240,49.876911,55.847332,55.819580
2,14.400000,2,3,-0.139057,3.657263,57.816135,54.446877,54.816238
0,14.400000,1,0,1.665240,0.000026,58.621006,54.908463,55.043297
3,14.400000,4,3,0.000000,3.657263,51.960068,53.260338,53.815582
1,14.600000,2,1,-0.115711,1.659318,55.637379,56.277245,55.772781
2,14.600000,2,3,-0.115711,3.677133,48.939949,54.173264,54.822315
0,14.600000,1,0,1.659318,0.000026,54.274937,54.472538,55.053444
3,14.600000,4,3,0.000000,3.677133,54.871738,52.823322,53.853645
1,14.800000,2,1,-0.084819,1.656756,50.704895,56.363171,55.719032
2,14.800000,2,3,-0.084819,3.709289,55.635281,54.349144,54.820107
0,14.800000,1,0,1.656756,0.000026,55.258923,55.092079,55.057831
3,14.800000,4,3,0.000000,3.709289,59.769688,54.068645,53.914963
1,15.000000,2,1,-0.070222,1.654194,55.253723,56.532978,55.691360
2,15.000000,2,3,-0.070222,3.709290,53.104530,54.152481,54.845612
0,15.000000,1,0,1.654194,0.000027,59.763386,54.887505,55.062218
3,15.000000,4,3,0.000000,3.709290,55.008617,52.915592,53.914967
1,15.200000,2,1,-0.039641,1.647145,56.976891,56.369347,55.630436
2,15.200000,2,3,-0.039641,3.742170,52.863441,53.800198,54.841599
0,15.200000,1,0,1.647145,0.000027,53.950356,55.092644,55.074272
3,15.200000,4,3,0.000000,3.742170,55.852112,54.233963,53.977310
1,15.400000,2,1,0.002903,1.635315,55.268593,56.045902,55.541786
2,15.400000,2,3,0.002903,3.733517,52.929916,53.658558,54.930626
0,15.400000,1,0,1.635315,0.000027,57.182682,55.163750,55.094467
3,15.400000,4,3,0.000000,3.733517,55.461346,53.596836,53.960938
1,15.600000,2,1,0.045448,1.630253,51.176773,56.129860,55.463573
2,15.600000,2,3,0.045448,3.763049,53.693504,54.161880,54.953136
0,15.600000,1,0,1.630253,0.000028,55.947479,54.785427,55.103104
3,15.600000,4,3,0.000000,3.763049,57.029602,53.260643,54.016716
1,15.800000,2,1,0.079529,1.625191,50.558304,56.211952,55.398842
2,15.800000,2,3,0.079529,3.789808,54.999592,53.944065,54.965786
0,15.800000,1,0,1.625191,0.000028,50.683937,54.894718,55.111725
3,15.800000,4,3,0.000000,3.789808,58.843494,55.315804,54.067005
1,16.000000,2,1,0.095985,1.605851,57.107147,56.044083,55.339302
2,16.000000,2,3,0.095985,3.776791,56.962109,53.490314,55.016544
0,16.000000,1,0,1.605851,0.000028,48.189537,54.925877,55.144615
3,16.000000,4,3,0.000000,3.776791,54.322632,53.548275,54.042572
1,16.200000,2,1,0.113925,1.587944,52.591431,55.669422,55.279350
2,16.200000,2,3,0.113925,3.798775,53.972515,53.581406,55.009590
0,16.200000,1,0,1.587944,0.000029,58.771889,55.640301,55.174980
3,16.200000,4,3,0.000000,3.798775,54.296734,54.573372,54.083809
1,16.400000,2,1,0.131267,1.582976,60.405754,54.488079,55.241871
2,16.400000,2,3,0.131267,3.818626,54.911678,54.460087,55.005280
0,16.400000,1,0,1.582976,0.000029,58.563484,55.275829,55.183388
3,16.400000,4,3,0.000000,3.818626,55.327965,52.508175,54.120911
1,16.600000,2,1,0.131267,1.607858,52.673553,54.394154,55.283661
2,16.600000,2,3,0.131267,3.862563,55.945324,54.272053,54.929443
0,16.600000,1,0,1.607858,0.000029,59.371101,55.616756,55.141212
3,16.600000,4,3,0.000000,3.862563,56.866268,54.167770,54.202579
1,16.800000,2,1,0.136822,1.627380,55.934513,55.001194,55.307053
2,16.800000,2,3,0.136822,3.886972,51.455521,53.734074,54.896736
0,16.800000,1,0,1.627380,0.000030,56.026268,54.976383,55.108002
3,16.800000,4,3,0.000000,3.886972,55.423954,54.598820,54.247688
1,17.000000,2,1,0.153443,1.658922,58.478973,54.397434,55.331982
2,17.000000,2,3,0.153443,3.915292,52.419956,54.216675,54.876396
0,17.000000,1,0,1.658922,0.000030,57.903122,54.486233,55.054131
3,17.000000,4,3,0.000000,3.915292,51.271553,54.537891,54.299789
1,17.200000,2,1,0.168195,1.694208,50.740894,54.586750,55.366196
2,17.200000,2,3,0.168195,3.957390,54.679356,54.458973,54.828697
0,17.200000,1,0,1.694208,0.000030,54.231464,54.819466,54.993546
3,17.200000,4,3,0.000000,3.957390,56.521992,55.372780,54.376781
1,17.400000,2,1,0.178363,1.694208,53.795170,55.206738,55.349266
2,17.400000,2,3,0.178363,3.969262,51.905663,54.448631,54.825718
0,17.400000,1,0,1.694208,0.000031,55.895432,54.458939,54.993546
3,17.400000,4,3,0.000000,3.969262,50.947853,54.074383,54.398392
1,17.600000,2,1,0.190450,1.703733,55.365051,54.689884,55.345001
2,17.600000,2,3,0.190450,4.012277,55.739796,54.745995,54.771500
0,17.600000,1,0,1.703733,0.000031,58.158207,54.618206,54.977135
3,17.600000,4,3,0.000000,4.012277,55.287762,54.165970,54.476349
1,17.800000,2,1,0.195893,1.708405,52.695805,55.112511,55.343712
2,17.800000,2,3,0.195893,4.075399,54.605671,54.676529,54.669662
0,17.800000,1,0,1.708405,0.000032,54.023869,54.317894,54.969070
3,17.800000,4,3,0.000000,4.075399,56.534241,56.561008,54.589737
1,18.000000,2,1,0.207723,1.721402,51.930840,54.696075,55.345657
2,18.000000,2,3,0.207723,4.075400,52.971584,54.357716,54.690624
0,18.000000,1,0,1.721402,0.000032,57.501396,54.103069,54.946625
3,18.000000,4,3,0.000000,4.075400,54.451653,53.630310,54.589737
1,18.200000,2,1,0.207723,1.708878,58.142014,55.064396,55.324760
2,18.200000,2,3,0.207723,4.134569,52.889984,54.908489,54.585358
0,18.200000,1,0,1.708878,0.000032,52.491772,54.047604,54.968262
3,18.200000,4,3,0.000000,4.134569,59.393353,54.736408,54.694962
1,18.400000,2,1,0.205283,1.675787,54.785099,55.848038,55.273453
2,18.400000,2,3,0.205283,4.167562,55.943615,55.020645,54.521824
0,18.400000,1,0,1.675787,0.000033,55.183517,54.114262,55.025215
3,18.400000,4,3,0.000000,4.167562,54.069408,55.073154,54.753193
1,18.600000,2,1,0.195696,1.648391,56.582829,55.567715,55.243530
2,18.600000,2,3,0.195696,4.185279,52.493771,55.136440,54.472614
0,18.600000,1,0,1.648391,0.000033,57.542213,54.375370,55.072151
3,18.600000,4,3,0.000000,4.185279,53.066086,53.541256,54.784332
1,18.800000,2,1,0.176107,1.631146,49.625793,55.682785,55.247471
2,18.800000,2,3,0.176107,4.229864,52.464401,54.324677,54.356068
0,18.800000,1,0,1.631146,0.000033,56.927364,54.443634,55.101589
3,18.800000,4,3,0.000000,4.229864,52.829170,55.249882,54.862312
1,19.000000,2,1,0.176108,1.613900,55.885124,55.442879,55.218422
2,19.000000,2,3,0.176108,4.241593,59.849480,54.268879,54.334629
0,19.000000,1,0,1.613900,0.000034,50.580116,54.262569,55.130951
3,19.000000,4,3,0.000000,4.241593,56.025276,55.609745,54.882732
1,19.200000,2,1,0.176108,1.616659,53.347351,55.525501,55.223076
2,19.200000,2,3,0.176108,4.247147,52.101833,54.526077,54.324463
0,19.200000,1,0,1.616659,0.000034,58.500168,54.399864,55.126259
3,19.200000,4,3,0.000000,4.247147,56.304203,54.011829,54.892387
1,19.400000,2,1,0.167969,1.630039,53.027649,55.515656,55.259293
2,19.400000,2,3,0.167969,4.252401,53.642727,54.379772,54.299911
0,19.400000,1,0,1.630039,0.000034,57.405964,54.705616,55.103477
3,19.400000,4,3,0.000000,4.252401,51.981327,56.153076,54.901516
1,19.600000,2,1,0.176885,1.643419,53.414055,55.656387,55.266788
2,19.600000,2,3,0.176885,4.207439,55.302689,54.336727,54.398350
0,19.600000,1,0,1.643419,0.000035,58.650097,54.236427,55.080650
3,19.600000,4,3,0.000000,4.207439,59.478954,56.230450,54.823162
1,19.800000,2,1,0.185800,1.649960,55.695934,56.355328,55.262802
2,19.800000,2,3,0.185800,4.164341,47.056175,54.518703,54.492542
0,19.800000,1,0,1.649960,0.000035,59.841576,54.006626,55.069473
3,19.800000,4,3,0.000000,4.164341,51.250698,55.121376,54.747520
1,20.000000,2,1,0.194574,1.649960,61.265007,56.783371,55.248055
2,20.000000,2,3,0.194574,4.137157,54.943821,55.116776,54.557186
0,20.000000,1,0,1.649960,0.000035,52.917969,53.488262,55.069473
3,20.000000,4,3,0.000000,4.137157,52.574902,53.565430,54.699539
1,20.200000,2,1,0.186342,1.649960,56.940708,56.740616,55.261894
2,20.200000,2,3,0.186342,4.148645,56.249386,54.465778,54.521782
0,20.200000,1,0,1.649960,0.000036,56.553406,53.980953,55.069473
3,20.200000,4,3,0.000000,4.148645,56.178566,53.845188,54.719841
1,20.400000,2,1,0.186342,1.616155,53.072174,56.874023,55.204956
2,20.400000,2,3,0.186342,4.137532,53.151588,54.228352,54.541748
0,20.400000,1,0,1.616155,0.000036,51.545280,54.320473,55.127121
3,20.400000,4,3,0.000000,4.137532,54.915134,55.649994,54.700203
1,20.600000,2,1,0.183664,1.582445,57.444099,56.822102,55.152431
2,20.600000,2,3,0.183664,4.119055,49.215321,54.604233,54.570068
0,20.600000,1,0,1.582445,0.000037,54.319878,54.267845,55.184303
3,20.600000,4,3,0.000000,4.119055,56.435074,55.098579,54.667469
1,20.800000,2,1,0.171922,1.548735,57.164700,56.941322,55.115089
2,20.800000,2,3,0.171922,4.103432,54.281395,54.416866,54.577019
0,20.800000,1,0,1.548735,0.000037,50.403206,54.287773,55.241184
3,20.800000,4,3,0.000000,4.103432,54.479130,54.201061,54.639717
1,21.000000,2,1,0.153124,1.508940,56.272392,56.790607,55.079285
2,21.000000,2,3,0.153124,4.103432,60.840000,54.268578,54.543331
0,21.000000,1,0,1.508940,0.000037,60.636009,54.689476,55.307953
3,21.000000,4,3,0.000000,4.103432,53.010937,54.777962,54.639717
1,21.200000,2,1,0.119023,1.467496,54.451065,56.788528,55.066730
2,21.200000,2,3,0.119023,4.091637,55.797085,54.902355,54.503227
0,21.200000,1,0,1.467496,0.000038,46.349030,55.312920,55.377052
3,21.200000,4,3,0.000000,4.091637,54.238499,54.881073,54.618713
1,21.400000,2,1,0.082159,1.426094,48.963367,56.433258,55.058968
2,21.400000,2,3,0.082159,4.087163,53.627144,54.751217,54.444725
0,21.400000,1,0,1.426094,0.000038,57.631699,55.186794,55.445648
3,21.400000,4,3,0.000000,4.087163,57.463703,57.012314,54.610737
1,21.600000,2,1,0.040993,1.413329,54.074799,56.839314,55.107468
2,21.600000,2,3,0.040993,4.064639,54.406017,54.966663,54.410908
0,21.600000,1,0,1.413329,0.000038,56.310474,55.276379,55.466713
3,21.600000,4,3,0.000000,4.064639,53.764584,53.619183,54.570488
1,21.800000,2,1,0.010968,1.400565,54.684425,57.049561,55.136833
2,21.800000,2,3,0.010968,4.098346,53.003494,54.777859,54.294502
0,21.800000,1,0,1.400565,0.000039,49.532814,55.026512,55.487732
3,21.800000,4,3,0.000000,4.098346,49.858856,55.127148,54.630661
1,22.000000,2,1,-0.016392,1.376781,58.236053,56.581890,55.142910
2,22.000000,2,3,-0.016392,4.107751,50.829967,55.138935,54.226784
0,22.000000,1,0,1.376781,0.000039,49.015846,54.940414,55.526794
3,22.000000,4,3,0.000000,4.107751,55.303135,54.659012,54.647392
1,22.200000,2,1,-0.043751,1.364891,53.620270,56.793507,55.169151
2,22.200000,2,3,-0.043751,4.098128,55.027420,54.831985,54.193958
0,22.200000,1,0,1.364891,0.000039,56.657673,55.667706,55.546265
3,22.200000,4,3,0.000000,4.098128,56.310612,54.461239,54.630276
1,22.400000,2,1,-0.068343,1.344877,55.006550,57.081047,55.176903
2,22.400000,2,3,-0.068343,4.086515,54.885204,54.247799,54.169876
0,22.400000,1,0,1.344877,0.000040,56.060043,55.630966,55.578968
3,22.400000,4,3,0.000000,4.086515,55.962669,54.093327,54.609581
1,22.600000,2,1,-0.094415,1.308712,54.143368,57.268509,55.159805
2,22.600000,2,3,-0.094415,4.089391,51.369385,54.322720,54.115974
0,22.600000,1,0,1.308712,0.000040,55.508057,55.975601,55.637810
3,22.600000,4,3,0.000000,4.089391,60.346962,54.388424,54.614708
1,22.800000,2,1,-0.112367,1.272548,57.385441,56.780552,55.128876
2,22.800000,2,3,-0.112367,4.072768,51.435379,54.183201,54.113491
0,22.800000,1,0,1.272548,0.000040,55.647511,56.236584,55.696331
3,22.800000,4,3,0.000000,4.072768,57.505558,55.494473,54.585033
1,23.000000,2,1,-0.132103,1.240123,60.439617,56.811001,55.107277
2,23.000000,2,3,-0.132103,4.037981,55.911064,54.273655,54.141556
0,23.000000,1,0,1.240123,0.000041,56.577045,56.564552,55.748535
3,23.000000,4,3,0.000000,4.037981,60.981190,55.083626,54.522663
1,23.200000,2,1,-0.146783,1.207699,52.216457,56.848610,55.077003
2,23.200000,2,3,-0.146783,4.003903,50.252121,54.637039,54.177620
0,23.200000,1,0,1.207699,0.000041,55.508801,56.797638,55.800491
3,23.200000,4,3,0.000000,4.003903,54.547558,54.490021,54.461216
1,23.400000,2,1,-0.161464,1.187029,55.406090,56.206470,55.066765
2,23.400000,2,3,-0.161464,3.983520,58.700890,55.265045,54.188202
0,23.400000,1,0,1.187029,0.000041,50.555004,56.769619,55.833481
3,23.400000,4,3,0.000000,3.983520,58.975624,54.168507,54.424294
1,23.600000,2,1,-0.178252,1.176036,54.932507,55.448307,55.076672
2,23.600000,2,3,-0.178252,3.970985,54.207203,55.303917,54.180313
0,23.600000,1,0,1.176036,0.000042,53.056870,56.675480,55.850983
3,23.600000,4,3,0.000000,3.970985,57.576084,53.049412,54.401527
1,23.800000,2,1,-0.178251,1.165043,60.149822,56.014870,55.057873
2,23.800000,2,3,-0.178251,3.982698,49.291466,54.486134,54.158554
0,23.800000,1,0,1.165043,0.000042,59.397850,56.630650,55.868462
3,23.800000,4,3,0.000000,3.982698,58.088882,53.604973,54.422806
1,24.000000,2,1,-0.181678,1.167772,59.130985,55.460152,55.068401
2,24.000000,2,3,-0.181678,3.991779,58.682556,54.578373,54.135273
0,24.000000,1,0,1.167772,0.000043,54.616566,56.598190,55.864128
3,24.000000,4,3,0.000000,3.991779,61.233662,54.367519,54.439270
1,24.200000,2,1,-0.186776,1.167773,54.017410,54.781155,55.077118
2,24.200000,2,3,-0.186776,3.988482,56.282570,54.488335,54.131920
0,24.200000,1,0,1.167773,0.000043,58.503551,56.557262,55.864128
3,24.200000,4,3,0.000000,3.988482,54.053085,53.536972,54.433296
1,24.400000,2,1,-0.197649,1.181076,55.612621,54.368073,55.118347
2,24.400000,2,3,-0.197649,4.001429,57.440884,54.524296,54.087425
0,24.400000,1,0,1.181076,0.000043,55.356209,55.953457,55.842964
3,24.400000,4,3,0.000000,4.001429,58.654575,55.203926,54.456741
1,24.600000,2,1,-0.203932,1.206338,54.179218,54.447224,55.171909
2,24.600000,2,3,-0.203932,3.993387,49.621647,54.526527,54.090717
0,24.600000,1,0,1.206338,0.000044,54.185493,55.745556,55.802666
3,24.600000,4,3,0.000000,3.993387,58.239231,54.825104,54.442184
1,24.800000,2,1,-0.208538,1.236237,54.403198,54.419716,55.230194
2,24.800000,2,3,-0.208538,3.996472,54.030460,54.439640,54.076317
0,24.800000,1,0,1.236237,0.000044,52.442558,57.003574,55.754780
3,24.800000,4,3,0.000000,3.996472,51.645676,54.323540,54.447769
1,25.000000,2,1,-0.208538,1.266136,57.173058,55.537449,55.280449
2,25.000000,2,3,-0.208538,4.009702,61.270584,54.854240,54.051502
0,25.000000,1,0,1.266136,0.000044,55.797253,56.734692,55.706680
3,25.000000,4,3,0.000000,4.009702,54.102695,53.637386,54.471695
1,25.200000,2,1,-0.198101,1.283139,53.404377,55.811417,55.291454
2,25.200000,2,3,-0.198101,4.047733,53.263412,54.520134,53.999557
0,25.200000,1,0,1.283139,0.000045,56.062542,56.148384,55.679230
3,25.200000,4,3,0.000000,4.047733,52.265869,55.377796,54.540184
1,25.400000,2,1,-0.187665,1.300307,52.110081,55.452671,55.302723
2,25.400000,2,3,-0.187665,4.060708,53.077026,53.855042,53.994770
0,25.400000,1,0,1.300307,0.000045,55.340248,56.241257,55.651443
3,25.400000,4,3,0.000000,4.060708,57.356537,55.270809,54.563450
1,25.600000,2,1,-0.168505,1.285143,54.353024,55.900627,55.245132
2,25.600000,2,3,-0.168505,4.064649,55.299755,54.050129,54.023460
0,25.600000,1,0,1.285143,0.000045,57.091309,56.062443,55.675995
3,25.600000,4,3,0.000000,4.064649,54.410828,55.361965,54.570511
1,25.800000,2,1,-0.150888,1.278116,55.754868,55.