3,0.200000,4,3,0.000000,0.000000,55.928299,59.679462,58.721199
0,0.200000,1,0,0.000000,0.000000,60.833355,NaN,57.197586
1,0.200000,1,2,0.000000,0.000000,53.390778,NaN,55.680313
2,0.200000,3,2,0.000000,0.000000,41.073097,NaN,40.558651
3,0.400000,4,3,0.000000,0.000001,57.530441,58.579506,58.721199
0,0.400000,1,0,0.000001,0.000001,58.807030,NaN,57.197586
1,0.400000,1,2,0.000001,0.000001,54.007954,NaN,55.680313
2,0.400000,3,2,0.000001,0.000001,40.077808,NaN,40.558651
3,0.600000,4,3,0.000000,0.000001,60.720860,59.467831,58.721199
0,0.600000,1,0,0.000001,0.000001,49.977722,60.165340,57.197586
1,0.600000,1,2,0.000001,0.300001,56.718323,55.805248,55.184273
2,0.600000,3,2,0.000001,0.300001,40.226353,38.115646,42.353806
3,0.800000,4,3,0.000000,-0.299999,62.572929,57.305016,58.348442
0,0.800000,1,0,0.176947,0.000001,60.018360,60.488117,56.946007
1,0.800000,1,2,0.176947,0.600001,51.747406,54.183693,54.974068
2,0.800000,3,2,-0.299999,0.600001,43.299927,39.654903,45.242310
3,1.000000,4,3,0.000000,-0.561644,56.871696,59.675793,58.012558
0,1.000000,1,0,0.375247,0.000002,52.790134,59.482464,56.656952
1,1.000000,1,2,0.375247,0.881006,57.145699,53.088020,54.830467
2,1.000000,3,2,-0.561644,0.881006,48.699066,43.804451,47.323292
3,1.200000,4,3,0.000000,-0.857977,54.215244,58.430664,57.619156
0,1.200000,1,0,0.483652,0.000002,57.030006,58.800446,56.495621
1,1.200000,1,2,0.483652,1.045138,55.611805,53.039337,54.732624
2,1.200000,3,2,-0.857977,1.045138,50.016342,45.803284,48.821846
3,1.400000,4,3,0.000000,-1.085763,58.689583,57.487061,57.306755
0,1.400000,1,0,0.594241,0.000002,58.532063,57.281582,56.328537
1,1.400000,1,2,0.594241,1.209271,55.458012,52.974617,54.637779
2,1.400000,3,2,-1.085763,1.209271,45.173725,47.333595,49.952274
3,1.600000,4,3,0.000000,-1.269495,60.060040,58.009995,57.048058
0,1.600000,1,0,0.642346,0.000003,54.462448,55.724072,56.255043
1,1.600000,1,2,0.642346,1.351848,51.999321,53.253662,54.468384
2,1.600000,3,2,-1.269495,1.351848,51.619965,49.455315,50.811226
3,1.800000,4,3,0.000000,-1.442106,56.183258,58.039242,56.799271
0,1.800000,1,0,0.690450,0.000003,52.985821,55.254009,56.181053
1,1.800000,1,2,0.690450,1.444773,55.920139,53.139008,54.387081
2,1.800000,3,2,-1.442106,1.444773,56.523266,49.637066,51.463295
3,2.000000,4,3,0.000000,-1.584073,58.713078,56.788002,56.590290
0,2.000000,1,0,0.725422,0.000004,52.452271,54.990761,56.126942
1,2.000000,1,2,0.725422,1.534435,56.558865,53.648392,54.287048
2,2.000000,3,2,-1.584073,1.534435,50.225861,50.516788,52.001778
3,2.200000,4,3,0.000000,-1.705194,56.662266,56.289112,56.408760
0,2.200000,1,0,0.762280,0.000004,54.988235,55.528908,56.069618
1,2.200000,1,2,0.762280,1.571369,55.447201,53.426109,54.286903
2,2.200000,3,2,-1.705194,1.571369,53.082878,52.277798,52.354462
3,2.400000,4,3,0.000000,-1.797215,56.156181,57.639954,56.268787
0,2.400000,1,0,0.788861,0.000004,55.910374,56.219521,56.028091
1,2.400000,1,2,0.788861,1.599939,59.130470,53.426903,54.283249
2,2.400000,3,2,-1.797215,1.599939,55.365929,52.880592,52.616051
3,2.600000,4,3,0.000000,-1.889574,60.256111,57.336815,56.126461
0,2.600000,1,0,0.796701,0.000005,60.158329,56.497368,56.015816
1,2.600000,1,2,0.796701,1.637643,53.947178,54.309021,54.228218
2,2.600000,3,2,-1.889574,1.637643,59.940636,53.079773,52.891296
3,2.800000,4,3,0.000000,-1.984001,52.606457,55.432373,55.978996
0,2.800000,1,0,0.787270,0.000005,57.438717,57.210995,56.030582
1,2.800000,1,2,0.787270,1.682853,51.654140,54.747032,54.126793
2,2.800000,3,2,-1.984001,1.682853,53.765148,52.975578,53.179237
3,3.000000,4,3,0.000000,-2.031190,57.742577,56.386036,55.904541
0,3.000000,1,0,0.769654,0.000005,57.738510,57.185635,56.058117
1,3.000000,1,2,0.769654,1.727751,47.923458,54.343658,54.009583
2,3.000000,3,2,-2.031190,1.727751,51.298820,52.170246,53.365028
3,3.200000,4,3,0.000000,-2.086747,55.148888,55.798237,55.816223
0,3.200000,1,0,0.767674,0.000006,62.708256,56.992752,56.061207
1,3.200000,1,2,0.767674,1.765619,54.130352,54.737034,53.934200
2,3.200000,3,2,-2.086747,1.765619,49.446526,52.211838,53.550331
3,3.400000,4,3,0.000000,-2.130665,55.869553,54.289024,55.745899
0,3.400000,1,0,0.756770,0.000006,54.457516,56.660740,56.078209
1,3.400000,1,2,0.756770,1.792841,44.845085,54.556633,53.861588
2,3.400000,3,2,-2.130665,1.792841,56.351646,52.964596,53.689339
3,3.600000,4,3,0.000000,-2.130665,57.156372,55.520847,55.745899
0,3.600000,1,0,0.759487,0.000006,57.635040,56.601067,56.073975
1,3.600000,1,2,0.759487,1.821628,48.010178,54.251282,53.811653
2,3.600000,3,2,-2.130665,1.821628,59.359718,52.891068,53.745087
3,3.800000,4,3,0.000000,-2.145671,58.513260,56.145203,55.721764
0,3.800000,1,0,0.768248,0.000007,53.768265,56.544590,56.060314
1,3.800000,1,2,0.768248,1.848359,59.424835,53.892303,53.777096
2,3.800000,3,2,-2.145671,1.848359,54.252075,53.145508,53.825409
3,4.000000,4,3,0.000000,-2.161557,56.059151,54.912113,55.696159
0,4.000000,1,0,0.790391,0.000007,56.196114,56.228710,56.025703
1,4.000000,1,2,0.790391,1.875089,54.493637,53.644135,53.768257
2,4.000000,3,2,-2.161557,1.875089,51.131958,54.059582,53.906815
3,4.200000,4,3,0.000000,-2.161557,55.131916,55.985737,55.696159
0,4.200000,1,0,0.817579,0.000007,59.779854,55.931660,55.983051
1,4.200000,1,2,0.817579,1.875090,52.668213,53.592751,53.820534
2,4.200000,3,2,-2.161557,1.875090,53.792831,53.741348,53.906815
3,4.400000,4,3,0.000000,-2.189982,52.144024,55.309990,55.650185
0,4.400000,1,0,0.844767,0.000008,57.303299,54.869469,55.940231
1,4.400000,1,2,0.844767,1.863012,54.452034,53.365494,53.895599
2,4.400000,3,2,-2.189982,1.863012,52.249355,54.199654,53.937881
3,4.600000,4,3,0.000000,-2.212070,54.594151,55.389854,55.614326
0,4.600000,1,0,0.875846,0.000008,55.574295,55.233345,55.891079
1,4.600000,1,2,0.875846,1.846279,51.853821,53.404839,53.986298
2,4.600000,3,2,-2.212070,1.846279,59.180798,54.435318,53.948036
3,4.800000,4,3,0.000000,-2.239739,58.906914,55.523849,55.569244
0,4.800000,1,0,0.911806,0.000008,56.720757,55.041470,55.833923
1,4.800000,1,2,0.911806,1.829576,52.522346,54.089287,54.085339
2,4.800000,3,2,-2.239739,1.829576,55.164131,54.339031,53.968811
3,5.000000,4,3,0.000000,-2.285348,54.506954,56.060810,55.494514
0,5.000000,1,0,0.932370,0.000009,53.804680,54.742352,55.801105
1,5.000000,1,2,0.932370,1.811465,52.026680,54.288441,54.157497
2,5.000000,3,2,-2.285348,1.811465,56.615654,54.410172,54.020718
3,5.200000,4,3,0.000000,-2.322576,49.697945,54.598465,55.433136
0,5.200000,1,0,0.952935,0.000009,59.152634,54.654980,55.768188
1,5.200000,1,2,0.952935,1.794820,56.261982,54.690517,54.226471
2,5.200000,3,2,-2.322576,1.794820,58.539616,54.680088,54.059410
3,5.400000,4,3,0.000000,-2.302173,54.230576,55.753189,55.466820
0,5.400000,1,0,0.936070,0.000010,58.329483,55.325672,55.795193
1,5.400000,1,2,0.936070,1.778175,49.212345,55.054790,54.226067
2,5.400000,3,2,-2.302173,1.778175,56.475056,55.019775,53.989662
3,5.600000,4,3,0.000000,-2.326777,56.217487,55.520954,55.426186
0,5.600000,1,0,0.919206,0.000010,55.092064,55.315208,55.822128
1,5.600000,1,2,0.919206,1.757802,49.362267,55.449352,54.232552
2,5.600000,3,2,-2.326777,1.757802,55.332516,54.363930,53.997650
3,5.800000,4,3,0.000000,-2.331796,56.140720,55.037449,55.417877
0,5.800000,1,0,0.903205,0.000010,51.543999,55.116127,55.847626
1,5.800000,1,2,0.903205,1.739924,59.055382,55.810184,54.236015
2,5.800000,3,2,-2.331796,1.739924,54.577995,54.601318,53.973358
3,6.000000,4,3,0.000000,-2.334286,59.360405,55.248936,55.413757
0,6.000000,1,0,0.903205,0.000011,54.145672,55.820297,55.847626
1,6.000000,1,2,0.903205,1.716919,48.339672,55.302124,54.278404
2,6.000000,3,2,-2.334286,1.716919,54.219891,54.868500,53.934486
3,6.200000,4,3,0.000000,-2.339256,57.742283,56.807308,55.405521
0,6.200000,1,0,0.931563,0.000011,55.947151,55.691730,55.802399
1,6.200000,1,2,0.931563,1.693915,59.055912,54.959503,54.372452
2,6.200000,3,2,-2.339256,1.693915,48.005623,53.844467,53.900200
3,6.400000,4,3,0.000000,-2.398649,57.701744,54.875214,55.306618
0,6.400000,1,0,0.960730,0.000011,54.379242,55.412567,55.755684
1,6.400000,1,2,0.960730,1.698180,51.503910,54.919071,54.417755
2,6.400000,3,2,-2.398649,1.698180,56.089348,53.511631,54.020744
3,6.600000,4,3,0.000000,-2.424633,53.833420,56.404720,55.263065
0,6.600000,1,0,0.992986,0.000012,52.502266,54.897167,55.703789
1,6.600000,1,2,0.992986,1.712644,59.604542,54.754272,54.450012
2,6.600000,3,2,-2.424633,1.712644,51.793922,54.290760,54.096653
3,6.800000,4,3,0.000000,-2.489399,56.844555,54.391151,55.153740
0,6.800000,1,0,1.020782,0.000012,57.306938,54.077389,55.658867
1,6.800000,1,2,1.020782,1.721623,54.266201,54.977562,54.484024
2,6.800000,3,2,-2.489399,1.721623,56.641945,54.729469,54.233692
3,7.000000,4,3,0.000000,-2.504733,53.488167,55.213940,55.127693
0,7.000000,1,0,1.049471,0.000012,54.301964,54.519627,55.612309
1,7.000000,1,2,1.049471,1.743936,54.238934,54.782497,54.495522
2,7.000000,3,2,-2.504733,1.743936,52.935375,55.261578,54.302990
3,7.200000,4,3,0.000000,-2.532209,55.224159,54.882744,55.080868
0,7.200000,1,0,1.074753,0.000013,54.497925,54.576984,55.571114
1,7.200000,1,2,1.074753,1.741778,56.144848,54.770168,54.544872
2,7.200000,3,2,-2.532209,1.741778,59.022018,55.357998,54.349342
3,7.400000,4,3,0.000000,-2.540590,57.191879,56.012112,55.066544
0,7.400000,1,0,1.092849,0.000013,55.070389,54.511295,55.541527
1,7.400000,1,2,1.092849,1.741778,55.467243,54.492210,54.577293
2,7.400000,3,2,-2.540590,1.741778,49.128838,55.239101,54.364647
3,7.600000,4,3,0.000000,-2.552473,54.448448,54.915985,55.046204
0,7.600000,1,0,1.112393,0.000013,51.908844,54.405254,55.509491
1,7.600000,1,2,1.112393,1.748044,50.315369,54.830059,54.601025
2,7.600000,3,2,-2.552473,1.748044,54.644878,54.719383,54.397713
3,7.800000,4,3,0.000000,-2.552473,52.079205,54.757511,55.046204
0,7.800000,1,0,1.128472,0.000014,54.889751,54.501141,55.483055
1,7.800000,1,2,1.128472,1.754310,49.859352,54.976738,54.618530
2,7.800000,3,2,-2.552473,1.754310,51.646500,54.585728,54.409103
3,8.000000,4,3,0.000000,-2.533421,51.388123,53.294151,55.078796
0,8.000000,1,0,1.132663,0.000014,54.205612,54.284386,55.476158
1,8.000000,1,2,1.132663,1.772382,51.089920,55.545635,54.593761
2,8.000000,3,2,-2.533421,1.772382,57.553741,54.981800,54.407318
3,8.200000,4,3,0.000000,-2.472965,55.864895,54.127792,55.181587
0,8.200000,1,0,1.129739,0.000015,53.400494,53.529049,55.480972
1,8.200000,1,2,1.129739,1.780489,48.778267,55.670349,54.574039
2,8.200000,3,2,-2.472965,1.780489,60.384480,54.711903,54.311768
3,8.400000,4,3,0.000000,-2.448494,56.097328,55.549080,55.222916
0,8.400000,1,0,1.108945,0.000015,51.551262,53.920826,55.515152
1,8.400000,1,2,1.108945,1.796187,54.849747,55.292316,54.508533
2,8.400000,3,2,-2.448494,1.796187,53.373028,54.288689,54.295670
3,8.600000,4,3,0.000000,-2.454263,52.183704,54.695423,55.213188
0,8.600000,1,0,1.094503,0.000015,58.144428,53.948921,55.538826
1,8.600000,1,2,1.094503,1.824195,58.761822,55.346310,54.431835
2,8.600000,3,2,-2.454263,1.824195,60.245655,54.415043,54.357513
3,8.800000,4,3,0.000000,-2.449315,53.953835,53.346016,55.221535
0,8.800000,1,0,1.088952,0.000016,49.938828,54.955738,55.547913
1,8.800000,1,2,1.088952,1.852203,51.721237,55.133793,54.370811
2,8.800000,3,2,-2.449315,1.852203,54.087513,54.244175,54.399529
3,9.000000,4,3,0.000000,-2.438918,54.426376,56.151543,55.239048
0,9.000000,1,0,1.084096,0.000016,54.598415,55.398941,55.555855
1,9.000000,1,2,1.084096,1.873844,53.174408,55.099186,54.322388
2,9.000000,3,2,-2.438918,1.873844,56.594711,54.052273,54.419960
3,9.200000,4,3,0.000000,-2.448351,58.365932,54.360882,55.223160
0,9.200000,1,0,1.080951,0.000016,55.104168,55.097946,55.560997
1,9.200000,1,2,1.080951,1.892178,62.294617,55.337795,54.282978
2,9.200000,3,2,-2.448351,1.892178,54.505970,54.233841,54.470245
3,9.400000,4,3,0.000000,-2.428911,50.966049,54.974312,55.255878
0,9.400000,1,0,1.077259,0.000017,57.051151,55.907600,55.567024
1,9.400000,1,2,1.077259,1.910511,57.186592,55.544186,54.242416
2,9.400000,3,2,-2.428911,1.910511,56.429970,53.865631,54.468246
3,9.600000,4,3,0.000000,-2.409846,53.205120,55.300282,55.287872
0,9.600000,1,0,1.069123,0.000017,60.936638,55.732197,55.580307
1,9.600000,1,2,1.069123,1.930329,53.498837,55.321411,54.190712
2,9.600000,3,2,-2.409846,1.930329,55.102371,54.040230,54.469604
3,9.800000,4,3,0.000000,-2.400636,55.468754,55.005405,55.303295
0,9.800000,1,0,1.060987,0.000017,51.687759,55.953957,55.593571
1,9.800000,1,2,1.060987,1.950841,51.018051,55.168159,54.137470
2,9.800000,3,2,-2.400636,1.950841,53.655575,53.771515,54.490009
3,10.000000,4,3,0.000000,-2.390321,61.911991,55.465321,55.320541
0,10.000000,1,0,1.053275,0.000018,53.850151,56.218281,55.606129
1,10.000000,1,2,1.053275,1.971353,56.487759,55.113029,54.084763
2,10.000000,3,2,-2.390321,1.971353,51.087261,54.711773,54.508385
3,10.200000,4,3,0.000000,-2.390321,56.171001,55.306450,55.320541
0,10.200000,1,0,1.055332,0.000018,63.502762,56.106598,55.602783
1,10.200000,1,2,1.055332,1.971353,53.892986,55.252449,54.088608
2,10.200000,3,2,-2.390321,1.971353,56.405159,54.968502,54.508385
3,10.400000,4,3,0.000000,-2.405634,54.743176,55.497776,55.294930
0,10.400000,1,0,1.067654,0.000018,56.174461,55.884289,55.582703
1,10.400000,1,2,1.067654,1.963134,53.728424,54.864418,54.126984
2,10.400000,3,2,-2.405634,1.963134,60.283283,55.304844,54.521149
3,10.600000,4,3,0.000000,-2.405633,52.238194,55.491238,55.294930
0,10.600000,1,0,1.067655,0.000019,54.035759,55.905289,55.582703
1,10.600000,1,2,1.067655,1.953872,60.688011,54.906631,54.144241
2,10.600000,3,2,-2.405633,1.953872,50.576004,54.771072,54.504478
3,10.800000,4,3,0.000000,-2.412277,48.824944,54.714207,55.283798
0,10.800000,1,0,1.077739,0.000019,55.559608,55.258572,55.566246
1,10.800000,1,2,1.077739,1.947946,57.875542,54.492710,54.174011
2,10.800000,3,2,-2.412277,1.947946,52.329739,55.006062,54.505772
3,11.000000,4,3,0.000000,-2.415284,58.246826,55.720253,55.278755
0,11.000000,1,0,1.081877,0.000019,52.416023,55.974648,55.559486
1,11.000000,1,2,1.081877,1.926747,55.604565,53.423744,54.220955
2,11.000000,3,2,-2.415284,1.926747,52.025711,55.358574,54.472961
3,11.200000,4,3,0.000000,-2.442134,54.023067,55.446781,55.233635
0,11.200000,1,0,1.107835,0.000020,56.089767,55.597439,55.516979
1,11.200000,1,2,1.107835,1.916618,56.261276,53.395573,54.287468
2,11.200000,3,2,-2.442134,1.916618,56.803741,55.688988,54.503120
3,11.400000,4,3,0.000000,-2.463442,52.054516,54.994736,55.197689
0,11.400000,1,0,1.123195,0.000020,61.961609,55.504898,55.491749
1,11.400000,1,2,1.123195,1.902778,52.349319,53.770447,54.340996
2,11.400000,3,2,-2.463442,1.902778,53.419456,55.542202,54.516563
3,11.600000,4,3,0.000000,-2.473298,52.144302,56.544804,55.181023
0,11.600000,1,0,1.114471,0.000021,52.930824,55.591171,55.506088
1,11.600000,1,2,1.114471,1.885127,59.039486,54.550308,54.357300
2,11.600000,3,2,-2.473298,1.885127,58.325092,55.370361,54.502533
3,11.800000,4,3,0.000000,-2.499656,60.959816,54.702953,55.136322
0,11.800000,1,0,1.105746,0.000021,59.743874,55.627045,55.520409
1,11.800000,1,2,1.105746,1.841030,50.655510,53.896664,54.421692
2,11.800000,3,2,-2.499656,1.841030,53.824135,56.211323,54.470528
3,12.000000,4,3,0.000000,-2.506994,53.579014,55.612503,55.123848
0,12.000000,1,0,1.125680,0.000021,51.300037,54.724602,55.487663
1,12.000000,1,2,1.125680,1.824187,51.360363,53.865166,54.488235
2,12.000000,3,2,-2.506994,1.824187,56.466713,55.455719,54.453342
3,12.200000,4,3,0.000000,-2.511785,56.028770,53.482166,55.115696
0,12.200000,1,0,1.143278,0.000022,58.410969,54.877357,55.458672
1,12.200000,1,2,1.143278,1.812613,56.799721,53.271427,54.540726
2,12.200000,3,2,-2.511785,1.812613,56.419765,55.948380,54.441063
3,12.400000,4,3,0.000000,-2.501092,54.739868,53.892197,55.133884
0,12.400000,1,0,1.172432,0.000022,55.042576,55.227634,55.410477
1,12.400000,1,2,1.172432,1.800827,57.959957,53.406128,54.613972
2,12.400000,3,2,-2.501092,1.800827,54.104195,56.576855,54.400261
3,12.600000,4,3,0.000000,-2.501092,56.193737,57.025394,55.133884
0,12.600000,1,0,1.172432,0.000022,51.822472,55.718754,55.410477
1,12.600000,1,2,1.172432,1.779554,55.048893,54.155823,54.651840
2,12.600000,3,2,-2.501092,1.779554,51.474751,56.411076,54.361504
3,12.800000,4,3,0.000000,-2.554484,55.000271,54.564686,55.042755
0,12.800000,1,0,1.155860,0.000023,53.531254,55.314484,55.437897
1,12.800000,1,2,1.155860,1.758137,53.647911,53.307571,54.660442
2,12.800000,3,2,-2.554484,1.758137,54.568272,56.333542,54.419701
3,13.000000,4,3,0.000000,-2.570164,56.652317,55.287601,55.015846
0,13.000000,1,0,1.155861,0.000023,56.563671,55.292332,55.437897
1,13.000000,1,2,1.155861,1.737510,53.718513,53.337162,54.697006
2,13.000000,3,2,-2.570164,1.737510,57.708977,55.993076,54.410721
3,13.200000,4,3,0.000000,-2.577530,61.282040,53.696892,55.003185
0,13.200000,1,0,1.168336,0.000023,58.025047,55.065456,55.417259
1,13.200000,1,2,1.168336,1.737510,55.823940,53.636574,54.719055
2,13.200000,3,2,-2.577530,1.737510,56.689766,55.251141,54.424095
3,13.400000,4,3,0.000000,-2.542321,55.175152,55.554626,55.063583
0,13.400000,1,0,1.172575,0.000024,62.871784,54.789471,55.410240
1,13.400000,1,2,1.172575,1.732639,51.925827,54.167942,54.735130
2,13.400000,3,2,-2.542321,1.732639,54.495815,55.448261,54.351124
3,13.600000,4,3,0.000000,-2.548565,51.428482,54.751671,55.052895
0,13.600000,1,0,1.180132,0.000024,59.343876,54.826843,55.397713
1,13.600000,1,2,1.180132,1.737793,51.206661,54.414036,54.739365
2,13.600000,3,2,-2.548565,1.737793,57.596573,55.615978,54.371925
3,13.800000,4,3,0.000000,-2.548564,54.841587,54.707691,55.052898
0,13.800000,1,0,1.192802,0.000024,50.539448,55.133415,55.376671
1,13.800000,1,2,1.192802,1.765974,54.514923,53.949757,54.711994
2,13.800000,3,2,-2.548564,1.765974,55.357395,54.838066,54.423180
3,14.000000,4,3,0.000000,-2.523465,53.436455,53.538609,55.095795
0,14.000000,1,0,1.211355,0.000025,51.882545,54.998466,55.345795
1,14.000000,1,2,1.211355,1.794154,58.857483,54.058895,54.694969
2,14.000000,3,2,-2.523465,1.794154,53.810230,55.189606,54.428772
3,14.200000,4,3,0.000000,-2.471934,55.555862,54.140915,55.183331
0,14.200000,1,0,1.229908,0.000025,55.160378,54.774342,55.314827
1,14.200000,1,2,1.229908,1.794155,57.832584,54.216946,54.727753
2,14.200000,3,2,-2.471934,1.794155,53.574554,55.536041,54.334908
3,14.400000,4,3,0.000000,-2.445745,52.024414,54.520271,55.227551
0,14.400000,1,0,1.251640,0.000026,56.186047,54.480301,55.278439
1,14.400000,1,2,1.251640,1.794155,56.444164,54.683273,54.766029
2,14.400000,3,2,-2.445745,1.794155,55.354145,55.868950,54.286888
3,14.600000,4,3,0.000000,-2.449833,57.809017,54.547211,55.220657
0,14.600000,1,0,1.251640,0.000026,51.806602,54.132904,55.278439
1,14.600000,1,2,1.251640,1.785417,52.157288,54.983406,54.781387
2,14.600000,3,2,-2.449833,1.785417,56.807751,55.382011,54.278339
3,14.800000,4,3,0.000000,-2.441930,50.530350,55.758652,55.233978
0,14.800000,1,0,1.275635,0.000026,55.714458,54.090225,55.238121
1,14.800000,1,2,1.275635,1.793000,57.143318,54.750641,54.810165
2,14.800000,3,2,-2.441930,1.793000,47.228577,55.118561,54.277748
3,15.000000,4,3,0.000000,-2.451169,57.804390,53.885578,55.218407
0,15.000000,1,0,1.304903,0.000027,53.260483,54.376465,55.188736
1,15.000000,1,2,1.304903,1.810136,51.992176,54.563881,54.831387
2,15.000000,3,2,-2.451169,1.810136,47.896667,55.544334,54.326149
3,15.200000,4,3,0.000000,-2.429937,59.091618,55.036171,55.254154
0,15.200000,1,0,1.334172,0.000027,55.924328,54.321022,55.139130
1,15.200000,1,2,1.334172,1.818428,59.462852,53.615540,54.867985
2,15.200000,3,2,-2.429937,1.818428,56.243961,55.473469,54.302429
3,15.400000,4,3,0.000000,-2.420862,52.260990,54.820511,55.269398
0,15.400000,1,0,1.368706,0.000027,53.871674,53.905857,55.080299
1,15.400000,1,2,1.368706,1.837198,54.159359,53.450321,54.895409
2,15.400000,3,2,-2.420862,1.837198,52.634506,55.679253,54.320206
3,15.600000,4,3,0.000000,-2.400311,49.812908,55.668121,55.303841
0,15.600000,1,0,1.412480,0.000028,51.139397,54.586914,55.005272
1,15.600000,1,2,1.412480,1.841723,56.016403,53.573494,54.963387
2,15.600000,3,2,-2.400311,1.841723,48.729378,56.043594,54.290810
3,15.800000,4,3,0.000000,-2.402416,55.881180,55.614883,55.300316
0,15.800000,1,0,1.437706,0.000028,51.074001,54.368771,54.961800
1,15.800000,1,2,1.437706,1.838824,58.308945,54.396633,55.011841
2,15.800000,3,2,-2.402416,1.838824,57.351574,56.085110,54.289349
3,16.000000,4,3,0.000000,-2.411367,52.631901,57.276436,55.285324
0,16.000000,1,0,1.456477,0.000028,53.119778,54.295616,54.929337
1,16.000000,1,2,1.456477,1.848885,55.541172,55.187302,55.026802
2,16.000000,3,2,-2.411367,1.848885,46.378319,55.207287,54.324223
3,16.200000,4,3,0.000000,-2.436172,57.977688,55.611732,55.243668
0,16.200000,1,0,1.437156,0.000029,58.940987,54.250957,54.962749
1,16.200000,1,2,1.437156,1.858945,51.313057,55.803871,54.976250
2,16.200000,3,2,-2.436172,1.858945,55.942581,55.396709,54.387886
3,16.400000,4,3,0.000000,-2.436172,55.909599,55.043583,55.243668
0,16.400000,1,0,1.408812,0.000029,55.512970,54.108471,55.011581
1,16.400000,1,2,1.408812,1.866709,50.007751,55.958199,54.913803
2,16.400000,3,2,-2.436172,1.866709,50.977840,54.696011,54.402008
3,16.600000,4,3,0.000000,-2.427477,59.663189,54.205791,55.258286
0,16.600000,1,0,1.390595,0.000029,53.886345,54.109894,55.042850
1,16.600000,1,2,1.390595,1.863218,54.379871,55.404858,54.888229
2,16.600000,3,2,-2.427477,1.863218,55.313473,55.516335,54.379829
3,16.800000,4,3,0.000000,-2.424397,56.800900,54.152390,55.263462
0,16.800000,1,0,1.383612,0.000030,51.908554,54.177357,55.054813
1,16.800000,1,2,1.383612,1.874312,59.109947,55.023430,54.856754
2,16.800000,3,2,-2.424397,1.874312,54.392857,54.855972,54.394421
3,17.000000,4,3,0.000000,-2.419591,55.211254,55.328613,55.271530
0,17.000000,1,0,1.390899,0.000030,55.816170,53.884392,55.042328
1,17.000000,1,2,1.390899,1.885406,56.296139,54.782539,54.850117
2,17.000000,3,2,-2.419591,1.885406,53.539932,54.706318,54.405853
3,17.200000,4,3,0.000000,-2.430207,59.300533,56.009689,55.253700
0,17.200000,1,0,1.403492,0.000030,57.492138,54.383472,55.020725
1,17.200000,1,2,1.403492,1.874704,49.575226,54.115395,54.890682
2,17.200000,3,2,-2.430207,1.874704,54.945759,55.097954,54.405701
3,17.400000,4,3,0.000000,-2.448496,50.450466,56.171215,55.222916
0,17.400000,1,0,1.424881,0.000031,53.064693,54.395573,54.983925
1,17.400000,1,2,1.424881,1.891137,51.574089,54.419956,54.899292
2,17.400000,3,2,-2.448496,1.891137,54.134605,54.563057,54.468628
3,17.600000,4,3,0.000000,-2.478438,58.472935,55.035385,55.172321
0,17.600000,1,0,1.440260,0.000031,52.035522,54.594078,54.957394
1,17.600000,1,2,1.440260,1.891137,57.117210,54.540726,54.925972
2,17.600000,3,2,-2.478438,1.891137,53.447109,54.650654,54.522598
3,17.800000,4,3,0.000000,-2.467888,59.229000,54.931232,55.190174
0,17.800000,1,0,1.442573,0.000032,57.889503,54.230022,54.953396
1,17.800000,1,2,1.442573,1.882158,53.480423,55.500198,54.945518
2,17.800000,3,2,-2.467888,1.882158,54.523949,55.149876,54.487427
3,18.000000,4,3,0.000000,-2.464798,52.433258,54.441196,55.195396
0,18.000000,1,0,1.416741,0.000032,59.165215,54.600300,54.997948
1,18.000000,1,2,1.416741,1.876951,62.237923,55.908791,54.909790
2,18.000000,3,2,-2.464798,1.876951,59.066372,54.460590,54.472450
3,18.200000,4,3,0.000000,-2.456504,56.599255,54.503532,55.209404
0,18.200000,1,0,1.398553,0.000032,50.473221,54.601551,55.029205
1,18.200000,1,2,1.398553,1.882481,53.097595,55.483913,54.868557
2,18.200000,3,2,-2.456504,1.882481,51.136509,53.983406,54.467453
3,18.400000,4,3,0.000000,-2.451242,54.494347,53.517773,55.218285
0,18.400000,1,0,1.380365,0.000033,55.465275,54.113827,55.060375
1,18.400000,1,2,1.380365,1.882481,57.888763,55.068336,54.836830
2,18.400000,3,2,-2.451242,1.882481,55.183113,53.957512,54.457939
3,18.600000,4,3,0.000000,-2.422629,54.330017,55.487751,55.266434
0,18.600000,1,0,1.371264,0.000033,57.318676,54.165466,55.075939
1,18.600000,1,2,1.371264,1.882482,58.492493,55.039162,54.820923
2,18.600000,3,2,-2.422629,1.882482,60.688072,54.004387,54.406059
3,18.800000,4,3,0.000000,-2.425110,56.268208,53.838223,55.262264
0,18.800000,1,0,1.403996,0.000033,55.474926,53.866039,55.019863
1,18.800000,1,2,1.403996,1.886743,56.354763,54.603100,54.870613
2,18.800000,3,2,-2.425110,1.886743,59.786736,53.935581,54.418308
3,19.000000,4,3,0.000000,-2.389886,54.960979,57.123058,55.321266
0,19.000000,1,0,1.424859,0.000034,61.231220,53.581776,54.983971
1,19.000000,1,2,1.424859,1.894151,57.171741,54.989635,54.894020
2,19.000000,3,2,-2.389886,1.894151,51.171806,53.489994,54.367691
3,19.200000,4,3,0.000000,-2.421098,59.198235,54.887058,55.269001
0,19.200000,1,0,1.435050,0.000034,51.244862,53.116386,54.966393
1,19.200000,1,2,1.435050,1.919999,60.647568,54.764637,54.866776
2,19.200000,3,2,-2.421098,1.919999,54.214668,54.036610,54.471272
3,19.400000,4,3,0.000000,-2.399891,52.257866,56.914246,55.304543
0,19.400000,1,0,1.432868,0.000034,52.216194,53.210232,54.970161
1,19.400000,1,2,1.432868,1.945846,55.582745,55.037830,54.817841
2,19.400000,3,2,-2.399891,1.945846,51.170639,54.220787,54.479652
3,19.600000,4,3,0.000000,-2.409512,58.169468,55.515282,55.288433
0,19.600000,1,0,1.427768,0.000035,57.911671,53.713882,54.978958
1,19.600000,1,2,1.427768,1.984758,57.900063,54.963745,54.740551
2,19.600000,3,2,-2.409512,1.984758,52.081787,53.685188,54.566914
3,19.800000,4,3,0.000000,-2.417605,56.515697,55.030407,55.274864
0,19.800000,1,0,1.430235,0.000035,53.539825,53.995106,54.974701
1,19.800000,1,2,1.430235,2.024833,54.416340,54.908043,54.674068
2,19.800000,3,2,-2.417605,2.024833,55.098965,52.650604,54.652832
3,20.000000,4,3,0.000000,-2.409511,58.037197,55.849686,55.288433
0,20.000000,1,0,1.434227,0.000035,57.376606,53.165680,54.967819
1,20.000000,1,2,1.434227,2.074414,55.820347,54.831711,54.592926
2,20.000000,3,2,-2.409511,2.074414,56.375359,52.527935,54.726292
3,20.200000,4,3,0.000000,-2.431535,53.961155,54.621956,55.251465
0,20.200000,1,0,1.427685,0.000036,61.727562,53.802990,54.979103
1,20.200000,1,2,1.427685,2.125925,56.133003,55.322166,54.488716
2,20.200000,3,2,-2.431535,2.125925,56.862293,52.663433,54.855293
3,20.400000,4,3,0.000000,-2.431535,52.651745,54.978317,55.251465
0,20.400000,1,0,1.419324,0.000036,53.978580,54.017796,54.993507
1,20.400000,1,2,1.419324,2.168751,57.273201,55.544846,54.395988
2,20.400000,3,2,-2.431535,2.168751,59.095024,52.779091,54.929718
3,20.600000,4,3,0.000000,-2.438706,56.044743,54.500183,55.239403
0,20.600000,1,0,1.412505,0.000037,52.561317,54.161633,55.005245
1,20.600000,1,2,1.412505,2.209365,57.073643,55.317802,54.309357
2,20.600000,3,2,-2.438706,2.209365,53.501926,52.683353,55.012165
3,20.800000,4,3,0.000000,-2.454934,59.059723,54.308292,55.212055
0,20.800000,1,0,1.403833,0.000037,55.523136,54.494331,55.020149
1,20.800000,1,2,1.403833,2.251145,50.863064,55.634048,54.216442
2,20.800000,3,2,-2.454934,2.251145,60.471458,53.174095,55.111420
3,21.000000,4,3,0.000000,-2.439470,61.039688,55.424973,55.238117
0,21.000000,1,0,1.398540,0.000037,54.548553,55.024342,55.029236
1,21.000000,1,2,1.398540,2.277758,50.394363,55.467262,54.157265
2,21.000000,3,2,-2.439470,2.277758,53.660782,53.969738,55.130390
3,21.200000,4,3,0.000000,-2.439470,52.004616,54.075943,55.238121
0,21.200000,1,0,1.404885,0.000038,58.138721,55.345825,55.018341
1,21.200000,1,2,1.404885,2.277758,51.960175,55.273903,54.169060
2,21.200000,3,2,-2.439470,2.277758,56.917877,53.862129,55.130390
3,21.400000,4,3,0.000000,-2.410402,54.995235,55.196117,55.286942
0,21.400000,1,0,1.390580,0.000038,55.688904,55.212643,55.042892
1,21.400000,1,2,1.390580,2.263444,57.510750,55.155128,54.169079
2,21.400000,3,2,-2.410402,2.263444,53.515858,53.906925,55.056381
3,21.600000,4,3,0.000000,-2.406037,56.821068,55.731239,55.294254
0,21.600000,1,0,1.376276,0.000038,54.809692,55.532112,55.067383
1,21.600000,1,2,1.376276,2.271344,54.756897,55.231438,54.127750
2,21.600000,3,2,-2.406037,2.271344,53.473228,53.912720,55.062431
3,21.800000,4,3,0.000000,-2.420225,54.740387,55.498619,55.270466
0,21.800000,1,0,1.376276,0.000039,51.155025,55.550701,55.067383
1,21.800000,1,2,1.376276,2.279245,55.529987,54.954132,54.113007
2,21.800000,3,2,-2.420225,2.279245,55.925297,54.058468,55.100159
3,22.000000,4,3,0.000000,-2.431798,54.782097,55.446659,55.251026
0,22.000000,1,0,1.372603,0.000039,53.714031,55.415966,55.073662
1,22.000000,1,2,1.372603,2.295308,57.582016,54.724285,54.076096
2,22.000000,3,2,-2.431798,2.295308,56.133320,54.554295,55.147171
3,22.200000,4,3,0.000000,-2.470861,55.061813,55.399395,55.185146
0,22.200000,1,0,1.366543,0.000039,51.940773,55.062630,55.084015
1,22.200000,1,2,1.366543,2.301058,56.213791,54.945908,54.053944
2,22.200000,3,2,-2.470861,2.301058,55.639111,54.785568,55.222980
3,22.400000,4,3,0.000000,-2.485717,50.937603,55.367302,55.159985
0,22.400000,1,0,1.360483,0.000040,49.882172,54.664291,55.094360
1,22.400000,1,2,1.360483,2.303149,53.054829,54.732147,54.038631
2,22.400000,3,2,-2.485717,2.303149,57.502808,55.016834,55.251511
3,22.600000,4,3,0.000000,-2.488039,56.266441,54.659290,55.156048
0,22.600000,1,0,1.360483,0.000040,57.748749,54.480923,55.094360
1,22.600000,1,2,1.360483,2.287362,56.273823,55.183331,54.068272
2,22.600000,3,2,-2.488039,2.287362,52.155033,55.022686,55.228851
3,22.800000,4,3,0.000000,-2.506840,50.387177,56.393860,55.124111
0,22.800000,1,0,1.352929,0.000040,54.320278,53.902786,55.107239
1,22.800000,1,2,1.352929,2.265233,53.963299,55.139343,54.095566
2,22.800000,3,2,-2.506840,2.265233,55.422729,55.433411,55.223244
3,23.000000,4,3,0.000000,-2.538069,47.311489,56.127625,55.070854
0,23.000000,1,0,1.344644,0.000041,57.722519,54.246754,55.121346
1,23.000000,1,2,1.344644,2.240036,50.347641,55.590717,54.127148
2,23.000000,3,2,-2.538069,2.240036,62.129471,55.630070,55.233406
3,23.200000,4,3,0.000000,-2.574315,56.017673,54.614010,55.008713
0,23.200000,1,0,1.335833,0.000041,54.395100,54.919155,55.136330
1,23.200000,1,2,1.335833,2.210858,60.712410,55.612106,54.165062
2,23.200000,3,2,-2.574315,2.210858,60.923729,54.895817,55.245304
3,23.400000,4,3,0.000000,-2.585673,57.377464,54.752518,54.989166
0,23.400000,1,0,1.350363,0.000041,51.384678,55.026711,55.111610
1,23.400000,1,2,1.350363,2.173553,59.658794,54.547340,54.260963
2,23.400000,3,2,-2.585673,2.173553,51.260918,55.497921,55.201565
3,23.600000,4,3,0.000000,-2.575284,55.093636,54.414223,55.007050
0,23.600000,1,0,1.364894,0.000042,52.873962,55.435295,55.086834
1,23.600000,1,2,1.364894,2.146153,56.948776,54.070721,54.337929
2,23.600000,3,2,-2.575284,2.146153,62.032333,55.110287,55.137543
3,23.800000,4,3,0.000000,-2.561309,61.331024,55.358974,55.031052
0,23.800000,1,0,1.372957,0.000042,54.137596,54.585548,55.073063
1,23.800000,1,2,1.372957,2.126563,53.886097,54.195381,54.388386
2,23.800000,3,2,-2.561309,2.126563,49.754204,54.658424,55.080360
3,24.000000,4,3,0.000000,-2.572419,57.749424,54.924797,55.011971
0,24.000000,1,0,1.386169,0.000043,52.619999,54.946575,55.050453
1,24.000000,1,2,1.386169,2.122805,53.678898,54.804001,54.419235
2,24.000000,3,2,-2.572419,2.122805,54.066315,54.491642,55.092915
3,24.200000,4,3,0.000000,-2.572419,57.957092,54.333599,55.011974
0,24.200000,1,0,1.399382,0.000043,51.727493,54.754707,55.027802
1,24.200000,1,2,1.399382,2.153448,54.516285,54.652180,54.387550
2,24.200000,3,2,-2.572419,2.153448,56.473541,54.092648,55.145065
3,24.400000,4,3,0.000000,-2.534668,51.957973,55.358105,55.076668
0,24.400000,1,0,1.406350,0.000043,57.206615,55.216377,55.015839
1,24.400000,1,2,1.406350,2.175806,56.565121,54.701977,54.359493
2,24.400000,3,2,-2.534668,2.175806,60.235451,53.822262,55.118900
3,24.600000,4,3,0.000000,-2.532452,51.081642,55.547592,55.080452
0,24.600000,1,0,1.410423,0.000044,56.447117,55.654289,55.008835
1,24.600000,1,2,1.410423,2.189152,58.097523,54.239559,54.342552
2,24.600000,3,2,-2.532452,2.189152,52.151470,54.354694,55.137825
3,24.800000,4,3,0.000000,-2.532451,52.426758,54.086529,55.080452
0,24.800000,1,0,1.421798,0.000044,56.757824,55.965988,54.989262
1,24.800000,1,2,1.421798,2.202404,50.488251,54.318237,54.339119
2,24.800000,3,2,-2.532451,2.202404,52.137215,53.875309,55.160320
3,25.000000,4,3,0.000000,-2.502947,57.348373,53.809155,55.130730
0,25.000000,1,0,1.431620,0.000044,57.794815,56.004234,54.972328
1,25.000000,1,2,1.431620,2.187588,55.787170,54.771381,54.384087
2,25.000000,3,2,-2.502947,2.187588,54.800716,53.712032,55.084908
3,25.200000,4,3,0.000000,-2.473032,56.857029,54.549477,55.181473
0,25.200000,1,0,1.427827,0.000045,57.210480,55.287117,54.978874
1,25.200000,1,2,1.427827,2.177938,57.273907,54.570267,54.394745
2,25.200000,3,2,-2.473032,2.177938,52.327251,53.829319,55.017151
3,25.400000,4,3,0.000000,-2.463442,51.552193,55.793167,55.197689
0,25.400000,1,0,1.435828,0.000045,52.793964,55.059460,54.965069
1,25.400000,1,2,1.435828,2.173636,53.000835,54.838821,54.417110
2,25.400000,3,2,-2.463442,2.173636,58.759979,53.525661,54.993256
3,25.600000,4,3,0.000000,-2.469090,58.139103,55.902878,55.188141
0,25.600000,1,0,1.433756,0.000045,55.820194,54.174297,54.968647
1,25.600000,1,2,1.433756,2.156583,51.376175,54.439087,54.444275
2,25.600000,3,2,-2.469090,2.156583,53.386761,53