0,0.200000,0,1,0.000000,0.000000,57.182991,NaN,55.498886
1,0.200000,1,2,0.000000,0.000000,46.527302,NaN,46.706932
3,0.200000,3,4,0.000000,0.000000,57.900661,57.075230,57.176804
2,0.200000,3,2,0.000000,0.000000,57.769379,NaN,57.224220
0,0.400000,0,1,0.000001,0.000001,49.867844,NaN,55.498886
1,0.400000,1,2,0.000001,0.000001,45.425995,NaN,46.706932
3,0.400000,3,4,0.000001,0.000000,59.027332,58.265568,57.176804
2,0.400000,3,2,0.000001,0.000001,60.517811,NaN,57.224220
0,0.600000,0,1,0.000001,0.060971,58.246902,56.692753,55.398220
1,0.600000,1,2,0.060971,0.000001,45.562035,48.083824,46.929825
3,0.600000,3,4,0.042474,0.000000,50.522026,57.745388,57.236450
2,0.600000,3,2,0.042474,0.000001,56.815018,55.890583,57.164509
0,0.800000,0,1,0.000001,0.154184,51.952965,56.507565,55.242485
1,0.800000,1,2,0.154184,-0.173641,44.347778,46.200100,47.854893
3,0.800000,3,4,0.087247,0.000000,60.217693,58.023388,57.298969
2,0.800000,3,2,0.087247,-0.173641,55.445023,56.653271,56.852146
0,1.000000,0,1,0.000002,0.259700,55.428776,56.983673,55.063461
1,1.000000,1,2,0.259700,-0.342133,51.060467,48.426357,48.729248
3,1.000000,3,4,0.079710,0.000000,61.428406,57.562225,57.288467
2,1.000000,3,2,0.079710,-0.342133,49.973553,54.586235,56.616070
0,1.200000,0,1,0.000002,0.390159,51.676640,57.222496,54.837952
1,1.200000,1,2,0.390159,-0.435081,47.822559,49.689194,49.393448
3,1.200000,3,4,0.095741,0.000000,59.260555,57.238625,57.310791
2,1.200000,3,2,0.095741,-0.435081,58.035854,55.290371,56.453262
0,1.400000,0,1,0.000002,0.489301,54.557915,54.797031,54.663391
1,1.400000,1,2,0.489301,-0.526744,47.597260,49.567539,49.930229
3,1.400000,3,4,0.098769,0.000000,53.988121,57.551975,57.314999
2,1.400000,3,2,0.098769,-0.526744,58.939034,55.280537,56.309788
0,1.600000,0,1,0.000003,0.598676,53.609558,54.679634,54.467499
1,1.600000,1,2,0.598676,-0.612629,52.972519,50.074543,50.453377
3,1.600000,3,4,0.096090,0.000000,57.212429,56.785221,57.311272
2,1.600000,3,2,0.096090,-0.612629,59.073540,55.159496,56.182133
0,1.800000,0,1,0.000003,0.698896,56.489471,53.989391,54.284843
1,1.800000,1,2,0.698896,-0.682976,50.009148,51.226006,50.890606
3,1.800000,3,4,0.118141,0.000000,54.208439,56.730946,57.341896
2,1.800000,3,2,0.118141,-0.682976,55.425682,55.356552,56.038597
0,2.000000,0,1,0.000004,0.759091,52.533978,54.280277,54.173645
1,2.000000,1,2,0.759091,-0.743216,50.358879,52.140461,51.189056
3,2.000000,3,4,0.133534,0.000000,59.775444,58.466228,57.363228
2,2.000000,3,2,0.133534,-0.743216,54.694893,54.853035,55.919670
0,2.200000,0,1,0.000004,0.814163,51.092411,53.108074,54.070900
1,2.200000,1,2,0.814163,-0.787718,51.784813,52.251564,51.429760
3,2.200000,3,4,0.105190,0.000000,60.964527,57.425495,57.323921
2,2.200000,3,2,0.105190,-0.787718,51.048573,54.878586,55.894093
0,2.400000,0,1,0.000004,0.870190,51.293518,53.058762,53.965363
1,2.400000,1,2,0.870190,-0.841698,48.083061,52.440029,51.689629
3,2.400000,3,4,0.112149,0.000000,54.591114,57.578819,57.333588
2,2.400000,3,2,0.112149,-0.841698,54.470867,54.367310,55.797089
0,2.600000,0,1,0.000005,0.927501,59.832142,52.476643,53.856342
1,2.600000,1,2,0.927501,-0.893802,44.605030,52.429096,51.942062
3,2.600000,3,4,0.108598,0.000000,51.200600,56.891930,57.328655
2,2.600000,3,2,0.108598,-0.893802,54.267101,53.927444,55.719177
0,2.800000,0,1,0.000005,0.976846,50.755444,52.703663,53.761589
1,2.800000,1,2,0.976846,-0.922311,50.627171,52.846069,52.118179
3,2.800000,3,4,0.128832,0.000000,57.671562,58.525677,57.356716
2,2.800000,3,2,0.128832,-0.922311,56.934242,53.623093,55.640388
0,3.000000,0,1,0.000005,1.012558,54.541573,52.842312,53.692490
1,3.000000,1,2,1.012558,-0.952017,52.788727,53.101345,52.263985
3,3.000000,3,4,0.076814,0.000000,52.070961,56.596764,57.284431
2,3.000000,3,2,0.076814,-0.952017,53.863838,53.611485,55.676525
0,3.200000,0,1,0.000006,1.042983,53.930893,53.322746,53.633274
1,3.200000,1,2,1.042983,-0.978909,55.320107,53.056499,52.390144
3,3.200000,3,4,0.097880,0.000000,58.470673,58.890259,57.313763
2,3.200000,3,2,0.097880,-0.978909,56.587559,54.096519,55.598709
0,3.400000,0,1,0.000006,1.080039,56.206310,53.480766,53.560715
1,3.400000,1,2,1.080039,-1.013224,50.144875,53.083546,52.545216
3,3.400000,3,4,0.061498,0.000000,56.338791,58.606613,57.263054
2,3.400000,3,2,0.061498,-1.013224,54.247002,53.957401,55.602074
0,3.600000,0,1,0.000006,1.102093,53.262100,53.505577,53.517296
1,3.600000,1,2,1.102093,-1.047539,52.854675,53.829185,52.666145
3,3.600000,3,4,0.023540,0.000000,49.250275,57.606686,57.209900
2,3.600000,3,2,0.023540,-1.047539,56.348499,54.004578,55.608002
0,3.800000,0,1,0.000007,1.134104,56.335258,52.918648,53.453972
1,3.800000,1,2,1.134104,-1.096532,56.300663,53.475315,52.837605
3,3.800000,3,4,0.007740,0.000000,61.235142,58.097908,57.187698
2,3.800000,3,2,0.007740,-1.096532,49.666702,54.557049,55.553856
0,4.000000,0,1,0.000007,1.156500,52.854023,52.842564,53.409447
1,4.000000,1,2,1.156500,-1.145526,57.393665,54.021713,52.986496
3,4.000000,3,4,-0.039580,0.000000,55.058651,57.289047,57.120926
2,4.000000,3,2,-0.039580,-1.145526,57.312447,53.916435,55.551121
0,4.200000,0,1,0.000007,1.163795,50.919712,53.277660,53.394905
1,4.200000,1,2,1.163795,-1.167927,47.100784,54.377163,53.047836
3,4.200000,3,4,-0.067264,0.000000,55.931225,56.758102,57.081673
2,4.200000,3,2,-0.067264,-1.167927,54.349380,54.463005,55.559761
0,4.400000,0,1,0.000008,1.186894,48.897350,53.928822,53.348724
1,4.400000,1,2,1.186894,-1.209116,56.700451,53.980026,53.179451
3,4.400000,3,4,-0.094097,0.000000,60.534637,57.642849,57.043488
2,4.400000,3,2,-0.094097,-1.209116,48.826424,54.721058,55.536270
0,4.600000,0,1,0.000008,1.199225,56.646004,53.473949,53.323990
1,4.600000,1,2,1.199225,-1.245378,56.511078,54.221626,53.277885
3,4.600000,3,4,-0.133282,0.000000,51.657394,56.703457,56.987480
2,4.600000,3,2,-0.133282,-1.245378,57.945019,54.859509,55.541061
0,4.800000,0,1,0.000008,1.212449,57.317844,53.585907,53.297409
1,4.800000,1,2,1.212449,-1.269881,52.765926,54.887104,53.353699
3,4.800000,3,4,-0.185614,0.000000,58.508377,56.256714,56.912239
2,4.800000,3,2,-0.185614,-1.269881,54.501778,55.477013,55.586521
0,5.000000,0,1,0.000009,1.217702,55.810680,53.365562,53.286827
1,5.000000,1,2,1.217702,-1.299192,55.289673,53.989292,53.422691
3,5.000000,3,4,-0.196535,0.000000,53.157188,59.091488,56.896469
2,5.000000,3,2,-0.196535,-1.299192,57.069847,55.657753,55.556499
0,5.200000,0,1,0.000009,1.241563,51.130882,53.089581,53.238644
1,5.200000,1,2,1.241563,-1.330427,53.245972,54.257622,53.531776
3,5.200000,3,4,-0.258037,0.000000,55.523232,56.750214,56.807236
2,5.200000,3,2,-0.258037,-1.330427,51.820751,55.888519,55.605865
0,5.400000,0,1,0.000010,1.269615,55.400436,52.802563,53.181725
1,5.400000,1,2,1.269615,-1.356424,48.533272,53.814888,53.637733
3,5.400000,3,4,-0.280134,0.000000,53.357075,55.714405,56.774994
2,5.400000,3,2,-0.280134,-1.356424,57.104420,55.398933,55.599518
0,5.600000,0,1,0.000010,1.273065,47.947536,53.203278,53.174706
1,5.600000,1,2,1.273065,-1.392315,51.060749,54.214806,53.714207
3,5.600000,3,4,-0.287067,0.000000,52.963501,54.838493,56.764858
2,5.600000,3,2,-0.287067,-1.392315,54.401852,55.412949,55.552261
0,5.800000,0,1,0.000010,1.254914,50.380070,53.432499,53.211594
1,5.800000,1,2,1.254914,-1.419499,57.023220,55.298569,53.731689
3,5.800000,3,4,-0.287067,0.000000,57.041195,56.113224,56.764858
2,5.800000,3,2,-0.287067,-1.419499,57.766319,55.826622,55.507713
0,6.000000,0,1,0.000011,1.257428,51.892479,53.462070,53.206493
1,6.000000,1,2,1.257428,-1.460110,52.628334,54.535275,53.814777
3,6.000000,3,4,-0.292648,0.000000,60.014965,56.380569,56.756691
2,6.000000,3,2,-0.292648,-1.460110,58.611282,55.754780,55.450035
0,6.200000,0,1,0.000011,1.247757,52.192394,52.702702,53.226105
1,6.200000,1,2,1.247757,-1.500973,53.942913,54.422806,53.874477
3,6.200000,3,4,-0.288174,0.000000,58.167217,57.269737,56.763237
2,6.200000,3,2,-0.288174,-1.500973,56.034706,55.232399,55.374931
0,6.400000,0,1,0.000011,1.247758,52.502762,52.624969,53.226105
1,6.400000,1,2,1.247758,-1.516694,52.937019,53.996487,53.904442
3,6.400000,3,4,-0.310856,0.000000,55.303211,57.557102,56.730011
2,6.400000,3,2,-0.310856,-1.516694,50.316345,55.304424,55.386494
0,6.600000,0,1,0.000012,1.235165,60.575974,52.962173,53.251595
1,6.600000,1,2,1.235165,-1.541751,58.757919,53.869293,53.928143
3,6.600000,3,4,-0.356629,0.000000,58.378063,56.493786,56.662640
2,6.600000,3,2,-0.356629,-1.541751,51.791645,55.366032,55.420841
0,6.800000,0,1,0.000012,1.219801,53.923218,53.145760,53.282608
1,6.800000,1,2,1.219801,-1.573829,53.831379,53.381496,53.959843
3,6.800000,3,4,-0.383546,0.000000,54.018150,56.053226,56.622826
2,6.800000,3,2,-0.383546,-1.573829,59.280346,55.512474,55.412296
0,7.000000,0,1,0.000012,1.206607,54.004341,52.728317,53.309166
1,7.000000,1,2,1.206607,-1.605906,54.180336,53.758339,53.995544
3,7.000000,3,4,-0.383546,0.000000,54.134987,56.675922,56.622826
2,7.000000,3,2,-0.383546,-1.605906,55.258965,55.246037,55.359024
0,7.200000,0,1,0.000013,1.209374,53.004089,52.756802,53.303604
1,7.200000,1,2,1.209374,-1.643144,55.458157,53.932751,54.070797
3,7.200000,3,4,-0.395279,0.000000,60.664249,55.285946,56.605423
2,7.200000,3,2,-0.395279,-1.643144,54.206051,55.425690,55.316483
0,7.400000,0,1,0.000013,1.226093,52.629784,53.506786,53.269920
1,7.400000,1,2,1.226093,-1.669482,53.169300,54.428497,54.151207
3,7.400000,3,4,-0.378934,0.000000,61.296432,57.275227,56.629654
2,7.400000,3,2,-0.378934,-1.669482,58.696121,54.255318,55.244907
0,7.600000,0,1,0.000013,1.233043,56.194958,53.358692,53.255882
1,7.600000,1,2,1.233043,-1.697927,49.108727,53.909599,54.216869
3,7.600000,3,4,-0.384624,0.000000,54.552696,56.463989,56.621227
2,7.600000,3,2,-0.384624,-1.697927,49.262566,54.014362,55.206558
0,7.800000,0,1,0.000014,1.248797,49.320206,53.081535,53.224007
1,7.800000,1,2,1.248797,-1.704414,52.651783,53.728348,54.257923
3,7.800000,3,4,-0.398251,0.000000,60.203720,56.811996,56.601013
2,7.800000,3,2,-0.398251,-1.704414,56.944412,53.733124,55.218605
0,8.000000,0,1,0.000014,1.271839,52.500317,53.244556,53.177208
1,8.000000,1,2,1.271839,-1.699081,52.106857,53.626522,54.290504
3,8.000000,3,4,-0.416208,0.000000,55.053020,57.028790,56.574318
2,8.000000,3,2,-0.416208,-1.699081,52.888439,53.726074,55.257813
0,8.200000,0,1,0.000015,1.296867,56.179165,52.664608,53.126144
1,8.200000,1,2,1.296867,-1.673878,50.526501,53.990456,54.290184
3,8.200000,3,4,-0.440831,0.000000,57.797298,56.768620,56.537605
2,8.200000,3,2,-0.440831,-1.673878,51.906891,53.252151,55.341217
0,8.400000,0,1,0.000015,1.298895,51.999748,53.134781,53.122002
1,8.400000,1,2,1.298895,-1.647469,53.969749,54.452766,54.245300
3,8.400000,3,4,-0.466683,0.000000,61.250618,56.564281,56.498924
2,8.400000,3,2,-0.466683,-1.647469,54.171059,52.823051,55.428017
0,8.600000,0,1,0.000015,1.293163,49.637657,52.855999,53.133720
1,8.600000,1,2,1.293163,-1.612797,54.639614,53.800358,54.170517
3,8.600000,3,4,-0.469343,0.000000,49.595509,58.161510,56.494934
2,8.600000,3,2,-0.469343,-1.612797,53.705574,53.313293,55.489601
0,8.800000,0,1,0.000016,1.287432,55.349659,52.790588,53.145428
1,8.800000,1,2,1.287432,-1.624663,51.526581,53.845406,54.181908
3,8.800000,3,4,-0.511530,0.000000,57.061722,55.838928,56.431496
2,8.800000,3,2,-0.511530,-1.624663,54.803967,54.080952,55.539360
0,9.000000,0,1,0.000016,1.278946,46.754753,52.216816,53.162735
1,9.000000,1,2,1.278946,-1.627791,52.596462,53.726604,54.171959
3,9.000000,3,4,-0.498367,0.000000,57.972378,55.836632,56.451332
2,9.000000,3,2,-0.498367,-1.627791,57.007912,53.765396,55.512653
0,9.200000,0,1,0.000016,1.278947,49.389954,51.647350,53.162735
1,9.200000,1,2,1.278947,-1.630918,50.848724,53.635277,54.177765
3,9.200000,3,4,-0.496291,0.000000,58.745872,56.517208,56.454456
2,9.200000,3,2,-0.496291,-1.630918,54.851051,53.824379,55.504108
0,9.400000,0,1,0.000017,1.305990,55.690189,51.422531,53.107483
1,9.400000,1,2,1.305990,-1.624378,52.843437,53.155769,54.215755
3,9.400000,3,4,-0.502334,0.000000,55.399414,56.512020,56.445358
2,9.400000,3,2,-0.502334,-1.624378,54.190849,53.189064,55.524761
0,9.600000,0,1,0.000017,1.337898,54.412121,52.021149,53.041924
1,9.600000,1,2,1.337898,-1.638221,51.012386,53.072334,54.300049
3,9.600000,3,4,-0.511288,0.000000,56.519939,55.108643,56.431862
2,9.600000,3,2,-0.511288,-1.638221,54.435860,53.505127,55.516743
0,9.800000,0,1,0.000017,1.353522,48.598316,52.308537,53.009674
1,9.800000,1,2,1.353522,-1.652474,56.802238,54.090359,54.354752
3,9.800000,3,4,-0.478077,0.000000,53.734703,57.336330,56.481834
2,9.800000,3,2,-0.478077,-1.652474,59.631088,54.203972,55.438583
0,10.000000,0,1,0.000018,1.369146,52.693436,52.788792,52.977333
1,10.000000,1,2,1.369146,-1.670250,51.320225,54.079941,54.415573
3,10.000000,3,4,-0.493101,0.000000,62.135769,57.208096,56.459255
2,10.000000,3,2,-0.493101,-1.670250,50.810951,54.130756,55.434032
0,10.200000,0,1,0.000018,1.372630,50.869556,52.891354,52.970108
1,10.200000,1,2,1.372630,-1.685760,58.193501,54.294029,54.450008
3,10.200000,3,4,-0.503967,0.000000,58.199028,55.954365,56.442898
2,10.200000,3,2,-0.503967,-1.685760,54.238964,53.944275,55.426353
0,10.400000,0,1,0.000018,1.366603,58.948288,52.613197,52.982605
1,10.400000,1,2,1.366603,-1.710127,52.430054,53.959229,54.483154
3,10.400000,3,4,-0.500864,0.000000,56.970009,58.228806,56.447571
2,10.400000,3,2,-0.500864,-1.710127,56.531986,54.432457,55.380806
0,10.600000,0,1,0.000019,1.366603,54.782192,53.672348,52.982605
1,10.600000,1,2,1.366603,-1.734494,55.877590,53.781101,54.527042
3,10.600000,3,4,-0.529670,0.000000,62.678364,56.132694,56.404102
2,10.600000,3,2,-0.529670,-1.734494,56.031357,54.599537,55.388180
0,10.800000,0,1,0.000019,1.369397,52.382481,53.790867,52.976814
1,10.800000,1,2,1.369397,-1.729330,58.762054,53.960426,54.522781
3,10.800000,3,4,-0.513934,0.000000,60.527802,56.667191,56.427872
2,10.800000,3,2,-0.513934,-1.729330,55.665630,53.876163,55.370613
0,11.000000,0,1,0.000019,1.354254,55.078362,53.700924,53.008167
1,11.000000,1,2,1.354254,-1.735020,54.917542,54.009445,54.505768
3,11.000000,3,4,-0.506714,0.000000,50.997021,56.929665,56.438759
2,11.000000,3,2,-0.506714,-1.735020,54.116982,54.427422,55.349121
0,11.200000,0,1,0.000020,1.351095,50.458748,53.882401,53.014694
1,11.200000,1,2,1.351095,-1.735020,55.011616,53.602844,54.500080
3,11.200000,3,4,-0.522470,0.000000,58.879871,57.507019,56.414986
2,11.200000,3,2,-0.522470,-1.735020,57.141380,54.865372,55.375343
0,11.400000,0,1,0.000020,1.355888,46.360306,53.382454,53.004791
1,11.400000,1,2,1.355888,-1.735019,62.069096,53.787708,54.508713
3,11.400000,3,4,-0.543183,0.000000,49.664215,56.911247,56.383652
2,11.400000,3,2,-0.543183,-1.735019,59.373310,55.728558,55.409721
0,11.600000,0,1,0.000021,1.328126,48.014622,53.748215,53.062050
1,11.600000,1,2,1.328126,-1.735019,53.746361,54.132023,54.458611
3,11.600000,3,4,-0.554719,0.000000,54.570648,57.308933,56.366165
2,11.600000,3,2,-0.554719,-1.735019,48.739746,55.706997,55.428822
0,11.800000,0,1,0.000021,1.300364,60.754417,53.064884,53.119007
1,11.800000,1,2,1.300364,-1.739378,55.322731,54.351929,54.416199
3,11.800000,3,4,-0.570638,0.000000,56.971375,56.084286,56.341984
2,11.800000,3,2,-0.570638,-1.739378,57.116096,55.601299,55.447926
0,12.000000,0,1,0.000021,1.279350,52.139080,53.228310,53.161926
1,12.000000,1,2,1.279350,-1.744646,49.641369,54.184826,54.387569
3,12.000000,3,4,-0.549207,0.000000,56.466690,56.004276,56.374523
2,12.000000,3,2,-0.549207,-1.744646,55.875832,56.235661,55.403751
0,12.200000,0,1,0.000022,1.251226,52.991287,53.584198,53.219093
1,12.200000,1,2,1.251226,-1.757627,55.401554,54.621868,54.359966
3,12.200000,3,4,-0.546259,0.000000,58.921013,56.230343,56.378990
2,12.200000,3,2,-0.546259,-1.757627,55.145012,55.980415,55.377308
0,12.400000,0,1,0.000022,1.227689,55.248344,52.473320,53.266716
1,12.400000,1,2,1.227689,-1.779257,58.845894,54.800625,54.356483
3,12.400000,3,4,-0.528927,0.000000,58.707413,58.300884,56.405228
2,12.400000,3,2,-0.528927,-1.779257,56.516865,55.299767,55.312359
0,12.600000,0,1,0.000022,1.217951,54.812775,52.000874,53.286354
1,12.600000,1,2,1.217951,-1.787080,53.077927,54.379906,54.352985
3,12.600000,3,4,-0.573256,0.000000,56.769897,56.486691,56.338001
2,12.600000,3,2,-0.573256,-1.787080,59.086067,55.042545,55.373226
0,12.800000,0,1,0.000023,1.224591,53.993664,52.063560,53.272964
1,12.800000,1,2,1.224591,-1.792621,54.351063,54.233395,54.375214
3,12.800000,3,4,-0.557263,0.000000,60.364555,58.715672,56.362305
2,12.800000,3,2,-0.557263,-1.792621,54.538765,55.300304,55.337364
0,13.000000,0,1,0.000023,1.231231,49.067440,52.331337,53.259563
1,13.000000,1,2,1.231231,-1.796636,61.827827,54.667946,54.394615
3,13.000000,3,4,-0.601885,0.000000,59.474545,57.040676,56.294365
2,13.000000,3,2,-0.601885,-1.796636,56.365555,55.070774,55.404892
0,13.200000,0,1,0.000023,1.218647,57.631763,52.540028,53.284954
1,13.200000,1,2,1.218647,-1.800651,56.543526,54.880421,54.379013
3,13.200000,3,4,-0.610465,0.000000,61.878620,56.024071,56.281250
2,13.200000,3,2,-0.610465,-1.800651,54.204796,55.184589,55.412453
0,13.400000,0,1,0.000024,1.206063,52.686546,52.432972,53.310284
1,13.400000,1,2,1.206063,-1.810124,54.974754,54.924686,54.373344
3,13.400000,3,4,-0.620175,0.000000,57.358627,56.467731,56.266392
2,13.400000,3,2,-0.620175,-1.810124,50.766434,55.179890,55.412849
0,13.600000,0,1,0.000024,1.188261,54.118431,52.853764,53.346016
1,13.600000,1,2,1.188261,-1.819502,57.160160,55.179596,54.357979
3,13.600000,3,4,-0.658964,0.000000,57.562309,56.357494,56.206833
2,13.600000,3,2,-0.658964,-1.819502,57.734940,55.097191,55.461460
0,13.800000,0,1,0.000024,1.157209,53.652615,53.071472,53.408066
1,13.800000,1,2,1.157209,-1.828640,55.038044,54.268082,54.317894
3,13.800000,3,4,-0.685878,0.000000,59.892712,57.307594,56.165314
2,13.800000,3,2,-0.685878,-1.828640,60.665035,55.346798,55.490738
0,14.000000,0,1,0.000025,1.144312,52.089672,52.800358,53.433735
1,14.000000,1,2,1.144312,-1.828639,58.799603,53.879555,54.294235
3,14.000000,3,4,-0.734921,0.000000,53.172417,56.093582,56.089245
2,14.000000,3,2,-0.734921,-1.828639,51.229164,55.202530,55.571102
0,14.200000,0,1,0.000025,1.150524,50.766735,52.830296,53.421379
1,14.200000,1,2,1.150524,-1.828639,52.920738,53.270653,54.305637
3,14.200000,3,4,-0.724990,0.000000,61.504074,55.925426,56.104691
2,14.200000,3,2,-0.724990,-1.828639,56.408184,55.346611,55.554878
0,14.400000,0,1,0.000026,1.157621,51.522816,52.684086,53.407249
1,14.400000,1,2,1.157621,-1.828639,56.231495,53.834087,54.318649
3,14.400000,3,4,-0.721204,0.000000,52.109238,56.968533,56.110573
2,14.400000,3,2,-0.721204,-1.828639,52.854965,55.140018,55.548687
0,14.600000,0,1,0.000026,1.152796,51.171513,52.448658,53.416862
1,14.600000,1,2,1.152796,-1.837338,53.499908,53.300091,54.325745
3,14.600000,3,4,-0.737948,0.000000,52.022053,55.848427,56.084534
2,14.600000,3,2,-0.737948,-1.837338,57.438969,55.131222,55.561840
0,14.800000,0,1,0.000026,1.155482,59.287365,53.060375,53.411510
1,14.800000,1,2,1.155482,-1.869061,53.869984,53.667728,54.388565
3,14.800000,3,4,-0.721936,0.000000,56.239582,56.927647,56.109436
2,14.800000,3,2,-0.721936,-1.869061,61.813332,55.997879,55.483559
0,15.000000,0,1,0.000027,1.151025,54.714558,52.511700,53.420387
1,15.000000,1,2,1.151025,-1.882970,54.443264,53.987850,54.405762
3,15.000000,3,4,-0.745276,0.000000,56.878727,55.430496,56.073112
2,15.000000,3,2,-0.745276,-1.882970,57.074272,55.262375,55.499069
0,15.200000,0,1,0.000027,1.136574,55.159248,53.035027,53.449112
1,15.200000,1,2,1.136574,-1.887356,49.814548,54.377926,54.387451
3,15.200000,3,4,-0.742113,0.000000,55.644756,55.656540,56.078045
2,15.200000,3,2,-0.742113,-1.887356,54.044842,54.826462,55.486656
0,15.400000,0,1,0.000027,1.123059,56.323807,53.000286,53.475906
1,15.400000,1,2,1.123059,-1.895923,52.434673,54.586613,54.378437
3,15.400000,3,4,-0.730383,0.000000,53.706207,57.028763,56.096306
2,15.400000,3,2,-0.730383,-1.895923,60.696457,54.810345,55.453209
0,15.600000,0,1,0.000028,1.119153,52.011066,53.461254,53.483639
1,15.600000,1,2,1.119153,-1.904489,52.494381,53.889820,54.386925
3,15.600000,3,4,-0.747331,0.000000,51.078403,56.824718,56.069912
2,15.600000,3,2,-0.747331,-1.904489,51.855850,55.561489,55.467033
0,15.800000,0,1,0.000028,1.112998,56.013752,53.042652,53.495811
1,15.800000,1,2,1.112998,-1.921547,55.790165,52.925385,54.406761
3,15.800000,3,4,-0.755591,0.000000,55.924118,55.189610,56.057022
2,15.800000,3,2,-0.755591,-1.921547,60.418488,55.815090,55.452522
0,16.000000,0,1,0.000028,1.085597,53.660797,52.735535,53.549835
1,16.000000,1,2,1.085597,-1.949615,55.326256,54.019070,54.407974
3,16.000000,3,4,-0.729416,0.000000,52.091301,56.117008,56.097809
2,16.000000,3,2,-0.729416,-1.949615,52.591335,55.868168,55.362621
0,16.200000,0,1,0.000029,1.055027,50.331249,53.310768,53.609791
1,16.200000,1,2,1.055027,-1.959045,50.981041,54.068687,54.369484
3,16.200000,3,4,-0.729416,0.000000,56.849571,55.499432,56.097809
2,16.200000,3,2,-0.729416,-1.959045,53.956108,55.511543,55.346916
0,16.400000,0,1,0.000029,1.034648,50.348034,53.642109,53.649574
1,16.400000,1,2,1.034648,-1.965486,54.371067,53.699234,54.344040
3,16.400000,3,4,-0.756163,0.000000,61.050625,56.227409,56.056129
2,16.400000,3,2,-0.756163,-1.965486,51.624950,54.855377,55.380707
0,16.600000,0,1,0.000029,1.014269,55.235832,54.402847,53.689217
1,16.600000,1,2,1.014269,-1.950605,52.538902,53.066486,54.279392
3,16.600000,3,4,-0.791206,0.000000,55.689644,54.965553,56.001282
2,16.600000,3,2,-0.791206,-1.950605,53.109417,54.440437,55.463341
0,16.800000,0,1,0.000030,0.998101,51.208858,54.480743,53.720562
1,16.800000,1,2,0.998101,-1.931274,57.045967,53.991188,54.213921
3,16.800000,3,4,-0.809298,0.000000,48.881332,55.728954,55.972855
2,16.800000,3,2,-0.809298,-1.931274,59.536118,54.440838,55.524872
0,17.000000,0,1,0.000030,0.968205,57.373932,54.073177,53.778290
1,17.000000,1,2,0.968205,-1.911952,56.430370,53.790848,54.122482
3,17.000000,3,4,-0.835200,0.000000,51.309509,55.942825,55.932030
2,17.000000,3,2,-0.835200,-1.911952,58.738987,54.470901,55.598770
0,17.200000,0,1,0.000030,0.945554,48.550381,54.574448,53.821819
1,17.200000,1,2,0.945554,-1.903293,53.945835,53.950619,54.063911
3,17.200000,3,4,-0.875728,0.000000,54.898232,56.366241,55.867840
2,17.200000,3,2,-0.875728,-1.903293,62.482418,54.528309,55.678574
0,17.400000,0,1,0.000031,0.923509,53.003662,54.283241,53.864021
1,17.400000,1,2,0.923509,-1.899093,52.157009,53.640297,54.014572
3,17.400000,3,4,-0.910351,0.000000,48.435017,55.427105,55.812698
2,17.400000,3,2,-0.910351,-1.899093,55.325340,55.671299,55.741150
0,17.600000,0,1,0.000031,0.901442,50.612633,54.411026,53.906101
1,17.600000,1,2,0.901442,-1.932608,51.881653,54.104622,54.036121
3,17.600000,3,4,-0.932447,0.000000,52.042686,55.112850,55.777363
2,17.600000,3,2,-0.932447,-1.932608,52.160904,56.394051,55.722778
0,17.800000,0,1,0.000032,0.878733,52.286060,54.435558,53.949234
1,17.800000,1,2,0.878733,-1.967286,57.220619,54.137253,54.058605
3,17.800000,3,4,-0.941245,0.000000,62.585930,55.801228,55.763260
2,17.800000,3,2,-0.941245,-1.967286,54.657230,56.156750,55.681034
0,18.000000,0,1,0.000032,0.853038,54.545319,54.404942,53.997833
1,18.000000,1,2,0.853038,-1.999099,52.580070,54.437672,54.070084
3,18.000000,3,4,-0.956520,0.000000,54.291893,55.583183,55.738731
2,18.000000,3,2,-0.956520,-1.999099,58.117016,55.575535,55.654274
0,18.200000,0,1,0.000032,0.839009,59.141884,54.541996,54.024281
1,18.200000,1,2,0.839009,-2.019067,57.014160,53.552166,54.081207
3,18.200000,3,4,-0.977382,0.000000,56.186970,55.937153,55.705147
2,18.200000,3,2,-0.977382,-2.019067,60.546707,55.503212,55.655724
0,18.400000,0,1,0.000033,0.843245,52.172703,55.201786,54.016304
1,18.400000,1,2,0.843245,-2.041206,53.006134,53.326740,54.130493
3,18.400000,3,4,-1.009364,0.000000,49.674904,55.090076,55.653450
2,18.400000,3,2,-1.009364,-2.041206,53.168648,55.410233,55.671654
0,18.600000,0,1,0.000033,0.847481,51.414711,54.978596,54.008320
1,18.600000,1,2,0.847481,-2.038431,59.261963,53.281700,54.133213
3,18.600000,3,4,-1.029300,0.000000,61.345684,56.311783,55.621101
2,18.600000,3,2,-1.029300,-2.038431,55.545067,54.465191,55.708328
0,18.800000,0,1,0.000033,0.847481,48.174320,54.756886,54.008320
1,18.800000,1,2,0.847481,-2.057799,53.431545,53.605145,54.169250
3,18.800000,3,4,-1.050267,0.000000,54.397255,54.429462,55.586975
2,18.800000,3,2,-1.050267,-2.057799,57.963135,55.072559,55.710907
0,19.000000,0,1,0.000034,0.841215,59.654583,54.552467,54.020126
1,19.000000,1,2,0.841215,-2.068776,54.534344,53.056381,54.178001
3,19.000000,3,4,-1.020632,0.000000,59.934620,53.785141,55.635178
2,19.000000,3,2,-1.020632,-2.068776,54.354149,55.350990,55.645256
0,19.200000,0,1,0.000034,0.838127,57.494823,54.970097,54.025940
1,19.200000,1,2,0.838127,-2.080667,61.168381,52.358402,54.194328
3,19.200000,3,4,-0.993416,0.000000,55.680004,55.134857,55.679260
2,19.200000,3,2,-0.993416,-2.080667,56.977810,55.864605,55.581657
0,19.400000,0,1,0.000034,0.862208,44.628601,54.998558,53.980522
1,19.400000,1,2,0.862208,-2.092558,52.925434,51.818691,54.260792
3,19.400000,3,4,-0.974059,0.000000,56.640739,55.700775,55.710503
2,19.400000,3,2,-0.974059,-2.092558,55.831768,56.052689,55.530571
0,19.600000,0,1,0.000035,0.886289,53.177174,54.550663,53.934906
1,19.600000,1,2,0.886289,-2.099400,54.279602,52.323479,54.317604
3,19.600000,3,4,-0.966132,0.000000,58.098080,54.991829,55.723270
2,19.600000,3,2,-0.966132,-2.099400,61.282402,55.568554,55.506340
0,19.800000,0,1,0.000035,0.900246,54.807308,54.336662,53.908386
1,19.800000,1,2,0.900246,-2.116555,53.057499,53.197086,54.374462
3,19.800000,3,4,-0.947968,0.000000,51.845829,55.640602,55.752472
2,19.800000,3,2,-0.947968,-2.116555,59.459099,55.987633,55.448177
0,20.000000,0,1,0.000035,0.894700,55.585480,55.581066,53.918930
1,20.000000,1,2,0.894700,-2.134229,49.177151,53.103058,54.396545
3,20.000000,3,4,-0.956963,0.000000,61.376740,55.265369,55.738022
2,20.000000,3,2,-0.956963,-2.134229,52.367550,56.145424,55.433838
0,20.200000,0,1,0.000036,0.904276,56.036388,54.783607,53.900715
1,20.200000,1,2,0.904276,-2.155131,51.710861,52.893833,54.451851
3,20.200000,3,4,-0.928056,0.000000,51.926826,55.144218,55.784393
2,20.200000,3,2,-0.928056,-2.155131,55.326569,55.518169,55.351173
0,20.400000,0,1,0.000036,0.898269,60.279896,55.183414,53.912148
1,20.400000,1,2,0.898269,-2.175663,55.909698,53.698921,54.478104
3,20.400000,3,4,-0.917424,0.000000,53.879074,56.274578,55.801399
2,20.400000,3,2,-0.917424,-2.175663,56.181160,55.655197,55.299129
0,20.600000,0,1,0.000037,0.898269,55.123821,55.426418,53.912148
1,20.600000,1,2,0.898269,-2.196051,55.583168,54.563168,54.514854
3,20.600000,3,4,-0.917424,0.000000,59.936195,55.850079,55.801399
2,20.600000,3,2,-0.917424,-2.196051,50.573891,55.283794,55.264946
0,20.800000,0,1,0.000037,0.879135,52.274460,54.815353,53.948486
1,20.800000,1,2,0.879135,-2.208930,56.074230,54.634285,54.503593
3,20.800000,3,4,-0.928720,0.000000,52.737480,57.151882,55.783333
2,20.800000,3,2,-0.928720,-2.208930,54.652916,55.039520,55.262283
0,21.000000,0,1,0.000037,0.860001,51.849461,54.486591,53.984695
1,21.000000,1,2,0.860001,-2.205682,54.971191,54.771946,54.463203
3,21.000000,3,4,-0.960394,0.000000,59.635178,55.132702,55.732506
2,21.000000,3,2,-0.960394,-2.205682,56.102230,54.507198,55.320786
0,21.200000,0,1,0.000038,0.848867,57.888348,54.549576,54.005714
1,21.200000,1,2,0.848867,-2.202434,55.017189,54.028263,54.437172
3,21.200000,3,4,-0.949152,0.000000,55.103962,55.810646,55.750572
2,21.200000,3,2,-0.949152,-2.202434,58.334114,55.151875,55.307423
0,21.400000,0,1,0.000038,0.838459,48.885635,53.841724,54.025322
1,21.400000,1,2,0.838459,-2.215820,52.050941,54.973778,54.442566
3,21.400000,3,4,-0.952440,0.000000,57.267136,55.765083,55.745289
2,21.400000,3,2,-0.952440,-2.215820,56.723728,55.633190,55.290520
0,21.600000,0,1,0.000038,0.846149,57.456520,54.551796,54.010841
1,21.600000,1,2,0.846149,-2.249959,58.524448,53.992043,54.518070
3,21.600000,3,4,-0.932412,0.000000,61.732796,55.478954,55.777420
2,21.600000,3,2,-0.932412,-2.249959,51.519249,55.095119,55.199387
0,21.800000,0,1,0.000039,0.858462,55.202076,54.352802,53.987610
1,21.800000,1,2,0.858462,-2.260664,51.426193,54.452175,54.559399
3,21.800000,3,4,-0.927195,0.000000,53.098713,56.767357,55.785774
2,21.800000,3,2,-0.927195,-2.260664,54.648125,54.763653,55.172455
0,22.000000,0,1,0.000039,0.868401,56.827183,54.078484,53.968819
1,22.000000,1,2,0.868401,-2.266923,58.015881,54.746582,54.588387
3,22.000000,3,4,-0.940212,0.000000,54.310154,55.742680,55.764915
2,22.000000,3,2,-0.940212,-2.266923,53.300430,54.710922,55.183899
0,22.200000,0,1,0.000039,0.878199,58.163269,54.293819,53.950264
1,22.200000,1,2,0.878199,-2.273628,56.106777,54.410534,54.617844
3,22.200000,3,4,-0.933148,0.000000,55.981552,55.862381,55.776237
2,22.200000,3,2,-0.933148,-2.273628,54.911842,54.999310,55.160576
0,22.400000,0,1,0.000040,0.878199,52.822166,54.394657,53.950264
1,22.400000,1,2,0.878199,-2.286144,53.083950,54.623722,54.640129
3,22.400000,3,4,-0.950527,0.000000,55.468735,55.153301,55.748360
2,22.400000,3,2,-0.950527,-2.286144,51.113781,55.288593,55.168816
0,22.600000,0,1,0.000040,0.870755,51.945259,54.555225,53.964363
1,22.600000,1,2,0.870755,-2.301892,54.928242,55.167061,54.654892
3,22.600000,3,4,-0.948346,0.000000,59.438961,57.257236,55.751865
2,22.600000,3,2,-0.948346,-2.301892,52.431366,55.067936,55.138401
0,22.800000,0,1,0.000040,0.870755,56.115742,54.761940,53.964363
1,22.800000,1,2,0.870755,-2.304451,55.277390,54.985085,54.659435
3,22.800000,3,4,-0.992172,0.000000,57.141853,56.113228,55.681267
2,22.800000,3,2,-0.992172,-2.304451,55.688747,54.619286,55.208286
0,23.000000,0,1,0.000041,0.860954,55.020382,54.620598,53.982903
1,23.000000,1,2,0.860954,-2.319193,52.667362,55.472286,54.668205
3,23.000000,3,4,-1.003038,0.000000,56.744980,55.435558,55.663696
2,23.000000,3,2,-1.003038,-2.319193,55.205215,54.910751,55.201740
0,23.200000,0,1,0.000041,0.850409,50.595737,54.567951,54.002815
1,23.200000,1,2,0.850409,-2.340098,55.050671,55.508995,54.686569
3,23.200000,3,4,-0.990660,0.000000,57.338100,55.550385,55.683716
2,23.200000,3,2,-0.990660,-2.340098,54.327309,54.362442,55.145378
0,23.400000,0,1,0.000041,0.810237,55.195431,54.910355,54.078327
1,23.400000,1,2,0.810237,-2.328712,60.520969,55.616009,54.594864
3,23.400000,3,4,-0.979221,0.000000,52.958309,54.039780,55.702179
2,23.400000,3,2,-0.979221,-2.328712,51.637886,54.803627,55.145287
0,23.600000,0,1,0.000042,0.762316,57.625999,55.224808,54.167725
1,23.600000,1,2,0.762316,-2.317326,52.535862,55.890556,54.488411
3,23.600000,3,4,-0.931093,0.000000,54.621971,55.862961,55.779533
2,23.600000,3,2,-0.931093,-2.317326,54.350384,54.943527,55.082726
0,23.800000,0,1,0.000042,0.728573,56.389149,54.655788,54.230236
1,23.800000,1,2,0.728573,-2.325221,55.527248,55.805595,54.441689
3,23.800000,3,4,-0.931093,0.000000,51.712112,55.331551,55.779533
2,23.800000,3,2,-0.931093,-2.325221,57.335846,55.095795,55.069229
0,24.000000,0,1,0.000043,0.715091,52.351517,54.658680,54.255112
1,24.000000,1,2,0.715091,-2.344240,57.346088,55.582951,54.451714
3,24.000000,3,4,-0.931092,0.000000,51.108437,54.400028,55.779533
2,24.000000,3,2,-0.931092,-2.344240,57.317631,54.557041,55.036659
0,24.200000,0,1,0.000043,0.701609,52.789898,54.438641,54.279930
1,24.200000,1,2,0.701609,-2.371686,54.011333,55.786961,54.476959
3,24.200000,3,4,-0.914430,0.000000,57.535122,54.854580,55.806183
2,24.200000,3,2,-0.914430,-2.371686,51.624130,54.439133,54.960754
0,24.400000,0,1,0.000043,0.683340,53.668774,54.824940,54.313473
1,24.400000,1,2,0.683340,-2.393739,51.328915,55.910538,54.483788
3,24.400000,3,4,-0.893619,0.000000,54.537540,55.949883,55.839378
2,24.400000,3,2,-0.893619,-2.393739,56.605816,54.166023,54.886475
0,24.600000,0,1,0.000044,0.665849,50.765152,55.165199,54.345490
1,24.600000,1,2,0.665849,-2.417857,52.826599,55.391693,54.495739
3,24.600000,3,4,-0.909595,0.000000,58.419098,56.456589,55.813904
2,24.600000,3,2,-0.909595,-2.417857,56.315601,53.972229,54.872307
0,24.800000,0,1,0.000044,0.652322,51.187477,55.204060,54.370186
1,24.800000,1,2,0.652322,-2.442342,53.155968,55.583786,54.515472
3,24.800000,3,4,-0.937838,0.000000,52.175396,56.468742,55.768723
2,24.800000,3,2,-0.937838,-2.442342,54.696007,54.085194,54.878845
0,25.000000,0,1,0.000044,0.634541,53.544979,54.540997,54.402561
1,25.000000,1,2,0.634541,-2.451164,47.008804,55.793259,54.499344
3,25.000000,3,4,-0.972212,0.000000,50.158260,56.566162,55.713478
2,25.000000,3,2,-0.972212,-2.451164,56.512573,54.692047,54.923218
0,25.200000,0,1,0.000045,0.622385,52.177273,54.803848,54.424641
1,25.200000,1,2,0.622385,-2.465445,57.196949,55.646347,54.503170
3,25.200000,3,4,-1.008654,0.000000,52.958500,55.706696,55.654602
2,25.200000,3,2,-1.008654,-2.465445,56.089218,54.087700,54.961555
0,25.400000,0,1,0.000045,0.619143,56.227547,54.924026,54.430523
1,25.400000,1,2,0.619143,-2.479726,55.562004,55.783585,54.523037
3,25.400000,3,4,-1.039876,0.000000,56.045757,54.941498,55.603901
2,25.400000,3,2,-1.039876,-2.479726,51.800404,54.650928,54.990772
0,25.600000,0,1,0.000045