2,0.200000,2,3,0.000000,0.000000,55.421677,NaN,54.334755
1,0.200000,2,1,0.000000,0.000000,51.035183,NaN,53.833061
0,0.200000,0,1,0.000000,0.000000,58.574471,NaN,54.738457
3,0.200000,3,4,0.000000,0.000000,61.226349,56.641449,56.492851
2,0.400000,2,3,0.000001,0.000001,54.685509,NaN,54.334755
1,0.400000,2,1,0.000001,0.000001,55.945190,NaN,53.833061
0,0.400000,0,1,0.000001,0.000001,56.368229,NaN,54.738457
3,0.400000,3,4,0.000001,0.000000,59.645840,55.577259,56.492851
2,0.600000,2,3,0.000001,0.000001,53.309425,53.257957,54.334755
1,0.600000,2,1,0.000001,0.000001,57.010822,55.765057,53.833061
0,0.600000,0,1,0.000001,0.000001,54.765717,54.721661,54.738457
3,0.600000,3,4,0.000001,0.000000,56.695011,56.072109,56.492851
2,0.800000,2,3,-0.057307,0.028893,54.350071,54.604492,54.175896
1,0.800000,2,1,-0.057307,0.016694,53.691261,54.398079,53.973930
0,0.800000,0,1,0.000001,0.016694,54.514713,53.870850,54.708992
3,0.800000,3,4,0.028893,0.000000,58.148540,57.606228,56.536095
2,1.000000,2,3,-0.070807,-0.022266,49.382904,53.532917,54.245583
1,1.000000,2,1,-0.070807,-0.000388,54.174557,53.972065,53.967155
0,1.000000,0,1,0.000002,-0.000388,53.030540,52.911812,54.739143
3,1.000000,3,4,-0.022266,0.000000,55.950016,56.919960,56.459408
2,1.200000,2,3,-0.083362,-0.038505,59.687737,52.914143,54.252377
1,1.200000,2,1,-0.083362,-0.009076,51.597649,53.218891,53.974472
0,1.200000,0,1,0.000002,-0.009076,53.570423,53.195797,54.754448
3,1.200000,3,4,-0.038505,0.000000,55.423203,56.720303,56.434952
2,1.400000,2,3,-0.088428,-0.029864,55.587891,52.844048,54.227081
1,1.400000,2,1,-0.088428,-0.000687,57.287575,52.522423,53.999886
0,1.400000,0,1,0.000002,-0.000687,54.199703,54.516739,54.739677
3,1.400000,3,4,-0.029864,0.000000,58.294659,57.494709,56.447971
2,1.600000,2,3,-0.094382,-0.043053,55.566868,52.711414,54.240437
1,1.600000,2,1,-0.094382,0.029944,54.271095,53.542793,54.068699
0,1.600000,0,1,0.000003,0.029944,57.927528,54.712162,54.685555
3,1.600000,3,4,-0.043053,0.000000,51.952148,56.993767,56.428093
2,1.800000,2,3,-0.121125,-0.052670,54.185234,53.488270,54.208786
1,1.800000,2,1,-0.121125,0.076022,47.877930,53.140884,54.204380
0,1.800000,0,1,0.000003,0.076022,56.273247,55.755501,54.603622
3,1.800000,3,4,-0.052670,0.000000,58.153015,56.103691,56.413574
2,2.000000,2,3,-0.147868,-0.056058,51.390980,53.739880,54.165474
1,2.000000,2,1,-0.147868,0.124855,48.731319,53.401012,54.343422
0,2.000000,0,1,0.000004,0.124855,56.103336,54.956150,54.516121
3,2.000000,3,4,-0.056058,0.000000,56.578423,55.114441,56.408455
2,2.200000,2,3,-0.155529,-0.049947,56.390087,53.293312,54.139847
1,2.200000,2,1,-0.155529,0.158124,58.540524,53.888748,54.417992
0,2.200000,0,1,0.000004,0.158124,57.497871,54.528969,54.456093
3,2.200000,3,4,-0.049947,0.000000,57.572533,56.314796,56.417686
2,2.400000,2,3,-0.163191,-0.087606,57.504791,53.685005,54.195580
1,2.400000,2,1,-0.163191,0.171908,44.801380,53.678967,54.456856
0,2.400000,0,1,0.000004,0.171908,51.207733,54.936867,54.431129
3,2.400000,3,4,-0.087606,0.000000,52.927372,55.936344,56.360672
2,2.600000,2,3,-0.163190,-0.113289,55.162418,53.894123,54.243073
1,2.600000,2,1,-0.163190,0.163210,55.626656,54.818466,54.441109
0,2.600000,0,1,0.000005,0.163210,54.870724,55.142975,54.446892
3,2.600000,3,4,-0.113289,0.000000,62.691326,56.011047,56.321609
2,2.800000,2,3,-0.170188,-0.137978,55.665646,54.668304,54.275665
1,2.800000,2,1,-0.170188,0.153811,58.366379,54.774826,54.436756
0,2.800000,0,1,0.000005,0.153811,53.482132,54.934498,54.463898
3,2.800000,3,4,-0.137978,0.000000,57.143002,56.202766,56.283932
2,3.000000,2,3,-0.206172,-0.174739,59.102215,55.048645,54.277092
1,3.000000,2,1,-0.206172,0.144413,55.159359,54.911755,54.484833
0,3.000000,0,1,0.000005,0.144413,57.225285,54.732300,54.480873
3,3.000000,3,4,-0.174739,0.000000,52.182404,56.015991,56.227585
2,3.200000,2,3,-0.242157,-0.216628,46.115891,55.390167,54.287949
1,3.200000,2,1,-0.242157,0.151325,53.446686,54.608246,54.561962
0,3.200000,0,1,0.000006,0.151325,57.555759,54.683689,54.468391
3,3.200000,3,4,-0.216628,0.000000,52.057362,55.635006,56.163017
2,3.400000,2,3,-0.288213,-0.221374,53.101982,54.765453,54.211777
1,3.400000,2,1,-0.288213,0.151326,54.280239,54.917553,54.644165
0,3.400000,0,1,0.000006,0.151326,54.001816,55.240204,54.468391
3,3.400000,3,4,-0.221374,0.000000,57.235558,55.610142,56.155678
2,3.600000,2,3,-0.309312,-0.236974,58.064377,54.843971,54.201599
1,3.600000,2,1,-0.309312,0.151326,56.440613,55.163765,54.681618
0,3.600000,0,1,0.000006,0.151326,60.257160,55.764072,54.468391
3,3.600000,3,4,-0.236974,0.000000,56.431686,54.843388,56.131519
2,3.800000,2,3,-0.326164,-0.249790,56.854267,54.990486,54.194122
1,3.800000,2,1,-0.326164,0.135528,49.699348,54.971832,54.683483
0,3.800000,0,1,0.000007,0.135528,52.262424,55.559006,54.496902
3,3.800000,3,4,-0.249790,0.000000,61.726849,55.517662,56.111633
2,4.000000,2,3,-0.333354,-0.283776,50.939903,55.194172,54.243668
1,4.000000,2,1,-0.333354,0.122245,65.272972,55.312126,54.672684
0,4.000000,0,1,0.000007,0.122245,57.288273,55.593178,54.520821
3,4.000000,3,4,-0.283776,0.000000,56.278919,56.663227,56.058712
2,4.200000,2,3,-0.344631,-0.326910,55.793518,55.067871,54.302284
1,4.200000,2,1,-0.344631,0.099221,59.152584,55.896564,54.651833
0,4.200000,0,1,0.000007,0.099221,57.017792,56.114834,54.562149
3,4.200000,3,4,-0.326910,0.000000,56.887684,55.768456,55.991177
2,4.400000,2,3,-0.353170,-0.346636,54.001472,55.379002,54.322792
1,4.400000,2,1,-0.353170,0.056705,50.274368,56.156136,54.591293
0,4.400000,0,1,0.000008,0.056705,55.705582,55.895538,54.638054
3,4.400000,3,4,-0.346636,0.000000,54.721912,56.110302,55.960152
2,4.600000,2,3,-0.353170,-0.378129,54.011063,54.826591,54.380322
1,4.600000,2,1,-0.353170,0.014190,52.145462,55.797234,54.515060
0,4.600000,0,1,0.000008,0.014190,54.193676,56.174519,54.713432
3,4.600000,3,4,-0.378129,0.000000,57.098808,56.309837,55.910431
2,4.800000,2,3,-0.340496,-0.421959,55.586784,54.235054,54.482777
1,4.800000,2,1,-0.340496,-0.006646,55.332417,55.445133,54.454597
0,4.800000,0,1,0.000008,-0.006646,48.200310,55.676167,54.750183
3,4.800000,3,4,-0.421959,0.000000,52.855171,55.837685,55.840858
2,5.000000,2,3,-0.334540,-0.436254,52.386356,53.798378,54.519264
1,5.000000,2,1,-0.334540,0.001633,56.515472,54.688648,54.458797
0,5.000000,0,1,0.000009,0.001633,54.412235,55.868286,54.735596
3,5.000000,3,4,-0.436254,0.000000,55.324493,55.283424,55.818069
2,5.200000,2,3,-0.330518,-0.439516,54.789013,54.108131,54.532356
1,5.200000,2,1,-0.330518,0.009912,60.443230,54.447781,54.466492
0,5.200000,0,1,0.000009,0.009912,54.528599,56.474072,54.720989
3,5.200000,3,4,-0.439516,0.000000,51.110870,55.091980,55.812859
2,5.400000,2,3,-0.330518,-0.446873,50.885403,54.165607,54.545567
1,5.400000,2,1,-0.330518,0.030968,57.855343,54.028797,54.504486
0,5.400000,0,1,0.000010,0.030968,51.090733,56.810181,54.683746
3,5.400000,3,4,-0.446873,0.000000,58.866142,55.978237,55.801109
2,5.600000,2,3,-0.320127,-0.485519,56.682453,53.715336,54.633202
1,5.600000,2,1,-0.320127,0.024611,55.839642,55.383896,54.474274
0,5.600000,0,1,0.000010,0.024611,53.007984,56.652767,54.695007
3,5.600000,3,4,-0.485519,0.000000,59.992725,55.499554,55.739162
2,5.800000,2,3,-0.301461,-0.539981,53.961235,53.762764,54.762585
1,5.800000,2,1,-0.301461,0.006535,58.350677,55.730587,54.407715
0,5.800000,0,1,0.000010,0.006535,50.226974,55.891006,54.726952
3,5.800000,3,4,-0.539981,0.000000,59.381138,55.044796,55.651260
2,6.000000,2,3,-0.295666,-0.557541,56.535686,53.506462,54.803585
1,6.000000,2,1,-0.295666,0.012526,55.409904,55.122150,54.408066
0,6.000000,0,1,0.000011,0.012526,55.033344,54.834373,54.716377
3,6.000000,3,4,-0.557541,0.000000,55.911438,54.860733,55.622765
2,6.200000,2,3,-0.295666,-0.549188,51.635727,53.550564,54.788940
1,6.200000,2,1,-0.295666,0.021812,54.076439,54.949303,54.424931
0,6.200000,0,1,0.000011,0.021812,57.451283,54.671635,54.699959
3,6.200000,3,4,-0.549188,0.000000,57.758900,55.037186,55.636330
2,6.400000,2,3,-0.285394,-0.588197,54.340862,54.390583,54.875061
1,6.400000,2,1,-0.285394,0.038015,48.628620,54.575417,54.435684
0,6.400000,0,1,0.000011,0.038015,52.704498,54.184547,54.671261
3,6.400000,3,4,-0.588197,0.000000,53.184967,56.552036,55.572842
2,6.600000,2,3,-0.285394,-0.640911,58.558228,54.580437,54.966438
1,6.600000,2,1,-0.285394,0.026852,54.040440,55.505905,54.415432
0,6.600000,0,1,0.000012,0.026852,54.583363,54.000629,54.691044
3,6.600000,3,4,-0.640911,0.000000,52.543842,57.464840,55.486454
2,6.800000,2,3,-0.288397,-0.702736,56.812790,54.879597,55.067497
1,6.800000,2,1,-0.288397,0.032107,59.731949,54.846428,54.430420
0,6.800000,0,1,0.000012,0.032107,49.964714,53.849602,54.681732
3,6.800000,3,4,-0.702736,0.000000,52.516506,55.676880,55.384254
2,7.000000,2,3,-0.300213,-0.733582,51.605087,55.131256,55.099991
1,7.000000,2,1,-0.300213,0.037363,56.864265,54.716328,54.461334
0,7.000000,0,1,0.000012,0.037363,55.042133,54.179016,54.672417
3,7.000000,3,4,-0.733582,0.000000,54.517574,55.917355,55.332901
2,7.200000,2,3,-0.312028,-0.755129,58.895111,54.808174,55.116573
1,7.200000,2,1,-0.312028,0.045517,52.550716,55.440170,54.497383
0,7.200000,0,1,0.000013,0.045517,57.275497,54.521782,54.657951
3,7.200000,3,4,-0.755129,0.000000,55.816669,56.509171,55.296883
2,7.400000,2,3,-0.318034,-0.779841,53.920036,54.045506,55.148373
1,7.400000,2,1,-0.318034,0.054059,50.914005,55.420963,54.523575
0,7.400000,0,1,0.000013,0.054059,48.250931,54.777470,54.642769
3,7.400000,3,4,-0.779841,0.000000,56.680801,53.517361,55.255428
2,7.600000,2,3,-0.312499,-0.750526,50.137779,54.148209,55.107933
1,7.600000,2,1,-0.312499,0.044528,56.447269,55.350155,54.496449
0,7.600000,0,1,0.000013,0.044528,52.796288,54.779079,54.659706
3,7.600000,3,4,-0.750526,0.000000,49.582764,56.671734,55.304588
2,7.800000,2,3,-0.298553,-0.785159,55.094074,53.877056,55.190384
1,7.800000,2,1,-0.298553,0.034997,54.975140,55.766033,54.454052
0,7.800000,0,1,0.000014,0.034997,53.226223,54.536983,54.676620
3,7.800000,3,4,-0.785159,0.000000,53.400326,53.556133,55.246487
2,8.000000,2,3,-0.284608,-0.780633,56.776432,54.817043,55.206299
1,8.000000,2,1,-0.284608,0.016233,57.507645,56.226635,54.394699
0,8.000000,0,1,0.000014,0.016233,55.700329,54.262352,54.709831
3,8.000000,3,4,-0.780633,0.000000,55.034691,54.045471,55.254097
2,8.200000,2,3,-0.287140,-0.777172,59.546715,55.248508,55.196175
1,8.200000,2,1,-0.287140,-0.001166,52.740799,56.412796,54.367619
0,8.200000,0,1,0.000015,-0.001166,58.490791,54.269375,54.740540
3,8.200000,3,4,-0.777172,0.000000,54.689579,55.253441,55.259914
2,8.400000,2,3,-0.300603,-0.803305,54.062275,55.545883,55.217567
1,8.400000,2,1,-0.300603,-0.020832,50.260509,56.191597,54.356300
0,8.400000,0,1,0.000015,-0.020832,58.953270,54.228909,54.775146
3,8.400000,3,4,-0.803305,0.000000,50.256516,55.147156,55.215919
2,8.600000,2,3,-0.335674,-0.817230,52.685822,56.310684,55.181843
1,8.600000,2,1,-0.335674,-0.046047,60.215000,56.295326,54.374279
0,8.600000,0,1,0.000015,-0.046047,54.995430,54.591202,54.819351
3,8.600000,3,4,-0.817230,0.000000,58.663944,55.931984,55.192406
2,8.800000,2,3,-0.373369,-0.829984,58.537727,56.088200,55.139557
1,8.800000,2,1,-0.373369,-0.078607,57.956821,56.694435,54.383636
0,8.800000,0,1,0.000016,-0.078607,58.586140,54.105675,54.876175
3,8.800000,3,4,-0.829984,0.000000,52.933968,55.195431,55.170822
2,9.000000,2,3,-0.401020,-0.844197,53.494442,56.054428,55.116699
1,9.000000,2,1,-0.401020,-0.111168,51.661430,57.012005,54.374691
0,9.000000,0,1,0.000016,-0.111168,59.191444,54.168621,54.932697
3,9.000000,3,4,-0.844197,0.000000,57.859703,55.311180,55.146721
2,9.200000,2,3,-0.429814,-0.837016,58.796562,56.110237,55.055283
1,9.200000,2,1,-0.429814,-0.119947,49.524521,55.384483,54.411110
0,9.200000,0,1,0.000016,-0.119947,46.795471,54.115726,54.947891
3,9.200000,3,4,-0.837016,0.000000,52.718788,54.325294,55.158905
2,9.400000,2,3,-0.448913,-0.808702,60.526653,56.063583,54.973808
1,9.400000,2,1,-0.448913,-0.146434,55.190891,55.652290,54.397682
0,9.400000,0,1,0.000017,-0.146434,56.677151,54.023754,54.993591
3,9.400000,3,4,-0.808702,0.000000,54.339039,55.066929,55.206814
2,9.600000,2,3,-0.463871,-0.804714,53.230335,55.510052,54.941078
1,9.600000,2,1,-0.463871,-0.172921,52.602543,56.648033,54.376690
0,9.600000,0,1,0.000017,-0.172921,52.807514,53.320457,55.039101
3,9.600000,3,4,-0.804714,0.000000,53.491405,55.643982,55.213543
2,9.800000,2,3,-0.476359,-0.816346,55.754311,55.653870,54.939598
1,9.800000,2,1,-0.476359,-0.202066,51.470879,56.879494,54.346291
0,9.800000,0,1,0.000017,-0.202066,52.916401,53.339127,55.088959
3,9.800000,3,4,-0.816346,0.000000,56.967533,54.859158,55.193901
2,10.000000,2,3,-0.484252,-0.803688,60.507713,55.426956,54.903976
1,10.000000,2,1,-0.484252,-0.231985,55.468689,56.620800,54.305962
0,10.000000,0,1,0.000018,-0.231985,55.136826,53.297668,55.139900
3,10.000000,3,4,-0.803688,0.000000,56.234329,55.033035,55.215275
2,10.200000,2,3,-0.527920,-0.800353,56.128658,55.971695,54.822067
1,10.200000,2,1,-0.527920,-0.246235,50.906376,55.898834,54.359795
0,10.200000,0,1,0.000018,-0.246235,59.610092,53.263702,55.164085
3,10.200000,3,4,-0.800353,0.000000,57.404179,55.318604,55.220901
2,10.400000,2,3,-0.558297,-0.808322,58.238453,55.934036,54.782803
1,10.400000,2,1,-0.558297,-0.233729,55.975002,55.691082,54.437786
0,10.400000,0,1,0.000018,-0.233729,54.230274,53.805569,55.142868
3,10.400000,3,4,-0.808322,0.000000,51.714455,54.333488,55.207455
2,10.600000,2,3,-0.580442,-0.817642,53.939762,56.041664,54.760265
1,10.600000,2,1,-0.580442,-0.216995,52.009487,55.043240,54.508015
0,10.600000,0,1,0.000019,-0.216995,57.028915,53.919376,55.114410
3,10.600000,3,4,-0.817642,0.000000,55.824192,54.337910,55.191711
2,10.800000,2,3,-0.605618,-0.823938,51.247295,55.681835,54.726997
1,10.800000,2,1,-0.605618,-0.193384,53.280632,55.065800,54.595505
0,10.800000,0,1,0.000019,-0.193384,52.607883,54.337021,55.074135
3,10.800000,3,4,-0.823938,0.000000,55.892658,55.398884,55.181061
2,11.000000,2,3,-0.630794,-0.828945,50.372269,55.317909,54.691353
1,11.000000,2,1,-0.630794,-0.161329,51.820099,54.614483,54.697250
0,11.000000,0,1,0.000019,-0.161329,58.002346,54.105667,55.019211
3,11.000000,3,4,-0.828945,0.000000,56.892319,55.675068,55.172585
2,11.200000,2,3,-0.644508,-0.842567,52.222786,54.790714,54.691193
1,11.200000,2,1,-0.644508,-0.133336,55.189072,54.801582,54.770794
0,11.200000,0,1,0.000020,-0.133336,57.602226,54.760979,54.971024
3,11.200000,3,4,-0.842567,0.000000,56.840256,55.405621,55.149490
2,11.400000,2,3,-0.658221,-0.848063,54.335320,55.026817,54.676632
1,11.400000,2,1,-0.658221,-0.133336,54.997478,55.535183,54.794868
0,11.400000,0,1,0.000020,-0.133336,54.932102,54.003178,54.971024
3,11.400000,3,4,-0.848063,0.000000,56.542324,53.926136,55.140156
2,11.600000,2,3,-0.667234,-0.821664,54.740990,54.999184,54.613670
1,11.600000,2,1,-0.667234,-0.127270,58.147045,55.562660,54.821281
0,11.600000,0,1,0.000021,-0.127270,51.089294,53.919479,54.960548
3,11.600000,3,4,-0.821664,0.000000,54.143444,56.362122,55.184906
2,11.800000,2,3,-0.683115,-0.840437,52.853653,55.446793,54.618828
1,11.800000,2,1,-0.683115,-0.115987,55.208599,55.668232,54.868694
0,11.800000,0,1,0.000021,-0.115987,49.997547,53.619053,54.941048
3,11.800000,3,4,-0.840437,0.000000,52.247768,55.785965,55.153107
2,12.000000,2,3,-0.696508,-0.840436,54.271584,55.333584,54.594929
1,12.000000,2,1,-0.696508,-0.105278,57.566742,55.556183,54.910591
0,12.000000,0,1,0.000021,-0.105278,53.028564,54.472874,54.922504
3,12.000000,3,4,-0.840436,0.000000,52.380039,55.423470,55.153107
2,12.200000,2,3,-0.704364,-0.838065,51.524750,55.358139,54.576645
1,12.200000,2,1,-0.704364,-0.092296,56.248375,55.653469,54.946686
0,12.200000,0,1,0.000022,-0.092296,47.829086,55.248482,54.899982
3,12.200000,3,4,-0.838065,0.000000,52.994659,56.028343,55.157127
2,12.400000,2,3,-0.707980,-0.827076,49.801785,55.197937,54.550484
1,12.400000,2,1,-0.707980,-0.087582,57.952808,55.873089,54.961082
0,12.400000,0,1,0.000022,-0.087582,52.998608,54.668835,54.891792
3,12.400000,3,4,-0.827076,0.000000,55.737762,54.888836,55.175751
2,12.600000,2,3,-0.711596,-0.836961,54.753269,54.028561,54.561722
1,12.600000,2,1,-0.711596,-0.095338,51.888046,56.264267,54.953930
0,12.600000,0,1,0.000022,-0.095338,46.490139,54.902695,54.905266
3,12.600000,3,4,-0.836961,0.000000,50.728107,53.948208,55.158997
2,12.800000,2,3,-0.678224,-0.819349,56.000633,54.230820,54.589920
1,12.800000,2,1,-0.678224,-0.111548,57.742779,56.272491,54.867905
0,12.800000,0,1,0.000023,-0.111548,60.950020,54.847950,54.933369
3,12.800000,3,4,-0.819349,0.000000,53.944565,54.161003,55.188820
2,13.000000,2,3,-0.647836,-0.805824,55.065205,54.278030,54.620010
1,13.000000,2,1,-0.647836,-0.120412,52.117878,55.572323,54.799324
0,13.000000,0,1,0.000023,-0.120412,57.519955,54.886662,54.948704
3,13.000000,3,4,-0.805824,0.000000,59.510056,54.455341,55.211670
2,13.200000,2,3,-0.617448,-0.822078,56.903172,53.878910,54.702816
1,13.200000,2,1,-0.617448,-0.123390,54.686779,55.985207,54.740677
0,13.200000,0,1,0.000023,-0.123390,63.245079,54.595917,54.953850
3,13.200000,3,4,-0.822078,0.000000,55.919411,55.834114,55.184204
2,13.400000,2,3,-0.591402,-0.845506,55.877289,54.489216,54.789963
1,13.400000,2,1,-0.591402,-0.113049,51.060101,55.825809,54.712963
0,13.400000,0,1,0.000024,-0.113049,58.162975,55.196194,54.935966
3,13.400000,3,4,-0.845506,0.000000,54.225723,55.534321,55.144501
2,13.600000,2,3,-0.591401,-0.879167,55.295460,55.031277,54.848858
1,13.600000,2,1,-0.591401,-0.102707,57.838783,56.146164,54.731216
0,13.600000,0,1,0.000024,-0.102707,56.878922,55.032814,54.918053
3,13.600000,3,4,-0.879167,0.000000,54.901772,55.207233,55.087193
2,13.800000,2,3,-0.591401,-0.885299,47.160168,54.616722,54.859550
1,13.800000,2,1,-0.591401,-0.106988,53.994823,55.428059,54.723663
0,13.800000,0,1,0.000024,-0.106988,52.925438,55.659817,54.925476
3,13.800000,3,4,-0.885299,0.000000,56.899643,55.526711,55.076721
2,14.000000,2,3,-0.598278,-0.896184,56.428902,54.949905,54.866539
1,14.000000,2,1,-0.598278,-0.098014,50.645336,55.000072,54.751610
0,14.000000,0,1,0.000025,-0.098014,61.698372,55.726631,54.909912
3,14.000000,3,4,-0.896184,0.000000,51.394405,54.753689,55.058105
2,14.200000,2,3,-0.583688,-0.891602,57.227394,55.148003,54.883957
1,14.200000,2,1,-0.583688,-0.088098,52.959282,55.091492,54.743378
0,14.200000,0,1,0.000025,-0.088098,56.777103,56.655968,54.892696
3,14.200000,3,4,-0.891602,0.000000,50.342720,55.369534,55.065948
2,14.400000,2,3,-0.573070,-0.891602,60.223251,55.199768,54.902409
1,14.400000,2,1,-0.573070,-0.067301,54.514858,55.046494,54.761299
0,14.400000,0,1,0.000026,-0.067301,54.092075,56.353821,54.856491
3,14.400000,3,4,-0.891602,0.000000,50.238258,56.034962,55.065948
2,14.600000,2,3,-0.573070,-0.922123,55.725101,55.014843,54.955273
1,14.600000,2,1,-0.573070,-0.058613,53.477882,55.310520,54.776566
0,14.600000,0,1,0.000026,-0.058613,56.658550,56.192986,54.841335
3,14.600000,3,4,-0.922123,0.000000,54.888729,55.457027,55.013618
2,14.800000,2,3,-0.573069,-0.928608,48.289764,55.394951,54.966473
1,14.800000,2,1,-0.573069,-0.050442,56.926815,55.315556,54.790909
0,14.800000,0,1,0.000026,-0.050442,56.350937,56.261036,54.827057
3,14.800000,3,4,-0.928608,0.000000,52.107616,54.015640,55.002472
2,15.000000,2,3,-0.583028,-0.937832,56.874702,55.160912,54.965206
1,15.000000,2,1,-0.583028,-0.042271,53.881981,55.915020,54.822670
0,15.000000,0,1,0.000027,-0.042271,52.855133,56.700710,54.812759
3,15.000000,3,4,-0.937832,0.000000,53.144890,54.707783,54.986588
2,15.200000,2,3,-0.592987,-0.934299,61.851780,55.010735,54.941887
1,15.200000,2,1,-0.592987,-0.045247,52.780037,56.029366,54.834877
0,15.200000,0,1,0.000027,-0.045247,52.697433,56.478642,54.817970
3,15.200000,3,4,-0.934299,0.000000,56.562599,54.611721,54.992676
2,15.400000,2,3,-0.603042,-0.930953,55.385468,54.821011,54.918682
1,15.400000,2,1,-0.603042,-0.041192,52.753254,56.073166,54.859497
0,15.400000,0,1,0.000027,-0.041192,49.390999,56.226357,54.810875
3,15.400000,3,4,-0.930953,0.000000,54.564377,55.787182,54.998436
2,15.600000,2,3,-0.613096,-0.942368,56.767212,55.113888,54.921043
1,15.600000,2,1,-0.613096,-0.049493,52.172001,56.093220,54.862556
0,15.600000,0,1,0.000028,-0.049493,51.709290,55.854359,54.825401
3,15.600000,3,4,-0.942368,0.000000,56.936691,53.926311,54.978771
2,15.800000,2,3,-0.629056,-0.904056,53.058537,55.230721,54.826557
1,15.800000,2,1,-0.629056,-0.059868,51.302094,56.194431,54.872284
0,15.800000,0,1,0.000028,-0.059868,53.836643,56.748055,54.843529
3,15.800000,3,4,-0.904056,0.000000,56.036289,54.658665,55.044624
2,16.000000,2,3,-0.670521,-0.890040,51.051666,54.558575,54.729115
1,16.000000,2,1,-0.670521,-0.073912,58.091679,55.940449,54.919922
0,16.000000,0,1,0.000028,-0.073912,54.102768,56.393745,54.868019
3,16.000000,3,4,-0.890040,0.000000,55.640636,54.745029,55.068619
2,16.200000,2,3,-0.710666,-0.872033,50.666859,54.881824,54.626030
1,16.200000,2,1,-0.710666,-0.080592,58.069347,56.357952,54.977783
0,16.200000,0,1,0.000029,-0.080592,57.615173,55.703861,54.879646
3,16.200000,3,4,-0.872033,0.000000,54.214050,56.442356,55.099365
2,16.400000,2,3,-0.741268,-0.896985,53.428928,54.910336,54.615967
1,16.400000,2,1,-0.741268,-0.095827,55.713440,56.118988,55.004242
0,16.400000,0,1,0.000029,-0.095827,52.923626,56.222706,54.906128
3,16.400000,3,4,-0.896985,0.000000,60.859344,54.839394,55.056736
2,16.600000,2,3,-0.762403,-0.894522,54.554817,54.434586,54.573814
1,16.600000,2,1,-0.762403,-0.095827,63.799026,54.971455,55.040535
0,16.600000,0,1,0.000029,-0.095827,56.917164,56.597340,54.906128
3,16.600000,3,4,-0.894522,0.000000,55.538929,54.884781,55.060951
2,16.800000,2,3,-0.756546,-0.901796,57.952492,53.664516,54.597290
1,16.800000,2,1,-0.756546,-0.095827,54.868347,54.309090,55.030495
0,16.800000,0,1,0.000030,-0.095827,56.915264,56.401691,54.906128
3,16.800000,3,4,-0.901796,0.000000,57.022072,55.277237,55.048496
2,17.000000,2,3,-0.747823,-0.924479,56.360107,53.517311,54.653229
1,17.000000,2,1,-0.747823,-0.085860,53.151100,54.300369,55.032627
0,17.000000,0,1,0.000030,-0.085860,57.181019,56.229950,54.888813
3,17.000000,3,4,-0.924479,0.000000,52.958740,54.195854,55.009567
2,17.200000,2,3,-0.732105,-0.908428,54.404690,53.732178,54.652641
1,17.200000,2,1,-0.732105,-0.064933,53.721745,54.009235,55.041557
0,17.200000,0,1,0.000030,-0.064933,55.156883,56.297722,54.852371
3,17.200000,3,4,-0.908428,0.000000,58.637878,54.644146,55.037132
2,17.400000,2,3,-0.723909,-0.905156,56.937477,53.802841,54.661385
1,17.400000,2,1,-0.723909,-0.041223,56.649635,53.867302,55.068123
0,17.400000,0,1,0.000031,-0.041223,53.938305,56.466694,54.810936
3,17.400000,3,4,-0.905156,0.000000,54.238293,55.122692,55.042740
2,17.600000,2,3,-0.733053,-0.920162,56.618553,54.568783,54.671783
1,17.600000,2,1,-0.733053,-0.021649,48.823380,53.613007,55.117119
0,17.600000,0,1,0.000031,-0.021649,54.083855,56.073048,54.776608
3,17.600000,3,4,-0.920162,0.000000,50.002106,54.655052,55.016991
2,17.800000,2,3,-0.752868,-0.907862,60.158752,54.702866,54.614677
1,17.800000,2,1,-0.752868,0.015641,56.339725,53.776783,55.213898
0,17.800000,0,1,0.000032,0.015641,63.208694,55.920273,54.710907
3,17.800000,3,4,-0.907862,0.000000,54.941181,55.934631,55.038101
2,18.000000,2,3,-0.767449,-0.916754,58.085972,54.439320,54.604527
1,18.000000,2,1,-0.767449,0.032539,58.400990,54.043175,55.266876
0,18.000000,0,1,0.000032,0.032539,51.518173,55.354500,54.681007
3,18.000000,3,4,-0.916754,0.000000,54.479572,56.510635,55.022842
2,18.200000,2,3,-0.781367,-0.900849,58.175983,54.405067,54.551174
1,18.200000,2,1,-0.781367,0.051921,57.028976,54.232483,55.322647
0,18.200000,0,1,0.000032,0.051921,50.009708,55.179810,54.646606
3,18.200000,3,4,-0.900849,0.000000,57.936314,55.666790,55.050117
2,18.400000,2,3,-0.785081,-0.900849,50.983521,53.926178,54.544510
1,18.400000,2,1,-0.785081,0.081347,59.525307,53.657253,55.377861
0,18.400000,0,1,0.000033,0.081347,57.564774,55.003983,54.594170
3,18.400000,3,4,-0.900849,0.000000,56.468864,55.777763,55.050117
2,18.600000,2,3,-0.779225,-0.884466,56.302574,54.152630,54.525604
1,18.600000,2,1,-0.779225,0.110773,56.311943,53.737366,55.416962
0,18.600000,0,1,0.000033,0.110773,47.385929,54.667130,54.541477
3,18.600000,3,4,-0.884466,0.000000,54.853527,54.644344,55.078144
2,18.800000,2,3,-0.786830,-0.867590,55.096569,54.299824,54.481506
1,18.800000,2,1,-0.786830,0.139683,53.729084,54.084244,55.477264
0,18.800000,0,1,0.000033,0.139683,52.216003,54.072117,54.489460
3,18.800000,3,4,-0.867590,0.000000,58.370331,54.456844,55.106937
2,19.000000,2,3,-0.797338,-0.873530,48.457855,54.457054,54.473259
1,19.000000,2,1,-0.797338,0.156303,57.713604,53.984127,55.521843
0,19.000000,0,1,0.000034,0.156303,53.741482,54.113853,54.459442
3,19.000000,3,4,-0.873530,0.000000,55.300327,54.904202,55.096809
2,19.200000,2,3,-0.801365,-0.893224,61.261070,54.560043,54.501522
1,19.200000,2,1,-0.801365,0.170343,50.718201,54.115406,55.551434
0,19.200000,0,1,0.000034,0.170343,54.873901,53.689739,54.434021
3,19.200000,3,4,-0.893224,0.000000,59.254848,56.553810,55.063171
2,19.400000,2,3,-0.786251,-0.917743,55.159798,53.839375,54.572693
1,19.400000,2,1,-0.786251,0.185153,53.121841,53.876450,55.550934
0,19.400000,0,1,0.000034,0.185153,59.791939,53.511166,54.407143
3,19.400000,3,4,-0.917743,0.000000,53.973541,54.699863,55.021145
2,19.600000,2,3,-0.773874,-0.904797,48.019402,54.452995,54.571671
1,19.600000,2,1,-0.773874,0.210325,50.868023,54.453724,55.571846
0,19.600000,0,1,0.000035,0.210325,51.785473,53.625881,54.361298
3,19.600000,3,4,-0.904797,0.000000,60.889957,55.059509,55.043358
2,19.800000,2,3,-0.761497,-0.904797,51.263714,54.967327,54.593803
1,19.800000,2,1,-0.761497,0.208332,53.169407,54.727692,55.548363
0,19.800000,0,1,0.000035,0.208332,57.886921,53.497921,54.364937
3,19.800000,3,4,-0.904797,0.000000,52.782761,54.425705,55.043358
2,20.000000,2,3,-0.761497,-0.892556,58.573280,54.924122,54.571915
1,20.000000,2,1,-0.761497,0.215224,52.472488,54.542320,55.559631
0,20.000000,0,1,0.000035,0.215224,55.211369,54.012726,54.352356
3,20.000000,3,4,-0.892556,0.000000,57.344044,55.478207,55.064316
2,20.200000,2,3,-0.746853,-0.903228,55.608650,55.040295,54.617134
1,20.200000,2,1,-0.746853,0.225801,59.541695,54.052349,55.552982
0,20.200000,0,1,0.000036,0.225801,57.695694,54.252728,54.333019
3,20.200000,3,4,-0.903228,0.000000,52.483913,54.119839,55.046043
2,20.400000,2,3,-0.734536,-0.865715,52.154705,55.020412,54.572132
1,20.400000,2,1,-0.734536,0.233860,59.880173,54.303188,55.546013
0,20.400000,0,1,0.000036,0.233860,52.271015,53.985954,54.318260
3,20.400000,3,4,-0.865715,0.000000,52.338577,55.875496,55.110130
2,20.600000,2,3,-0.725056,-0.865715,51.091976,55.039318,54.589088
1,20.600000,2,1,-0.725056,0.227820,52.161228,54.717964,55.520588
0,20.600000,0,1,0.000037,0.227820,52.467823,54.817226,54.329323
3,20.600000,3,4,-0.865715,0.000000,56.855450,54.993019,55.110130
2,20.800000,2,3,-0.715576,-0.848980,52.935184,54.845413,54.576111
1,20.800000,2,1,-0.715576,0.193819,54.325470,55.030575,55.449036
0,20.800000,0,1,0.000037,0.193819,53.789360,54.324539,54.391384
3,20.800000,3,4,-0.848980,0.000000,60.380466,54.721451,55.138603
2,21.000000,2,3,-0.715576,-0.835378,57.070297,54.664879,54.551750
1,21.000000,2,1,-0.715576,0.167364,51.676983,54.652634,55.405266
0,21.000000,0,1,0.000037,0.167364,56.541542,54.293747,54.439426
3,21.000000,3,4,-0.835378,0.000000,59.806183,54.049393,55.161682
2,21.200000,2,3,-0.691905,-0.800935,57.041965,54.301254,54.532413
1,21.200000,2,1,-0.691905,0.144148,60.465611,54.914001,55.327263
0,21.200000,0,1,0.000038,0.144148,53.700310,54.478294,54.481415
3,21.200000,3,4,-0.800935,0.000000,58.271904,55.471928,55.219917
2,21.400000,2,3,-0.666368,-0.809917,49.706406,54.216724,54.594254
1,21.400000,2,1,-0.666368,0.115720,55.138634,54.729031,55.236782
0,21.400000,0,1,0.000038,0.115720,53.994904,54.741261,54.532600
3,21.400000,3,4,-0.809917,0.000000,56.859570,55.110619,55.204762
2,21.600000,2,3,-0.640830,-0.812690,49.438690,54.240818,54.644707
1,21.600000,2,1,-0.640830,0.095028,55.395523,55.439423,55.158665
0,21.600000,0,1,0.000038,0.095028,52.520763,54.705280,54.569714
3,21.600000,3,4,-0.812690,0.000000,57.857735,54.450424,55.200081
2,21.800000,2,3,-0.606096,-0.796258,57.902908,54.542103,54.677200
1,21.800000,2,1,-0.606096,0.077350,52.966507,55.564220,55.069420
0,21.800000,0,1,0.000039,0.077350,50.282608,54.862331,54.601318
3,21.800000,3,4,-0.796258,0.000000,61.500854,55.342285,55.227798
2,22.000000,2,3,-0.577324,-0.793710,52.155224,54.136406,54.723587
1,22.000000,2,1,-0.577324,0.048721,60.962898,55.466839,54.970829
0,22.000000,0,1,0.000039,0.048721,53.587482,54.546986,54.652306
3,22.000000,3,4,-0.793710,0.000000,59.786476,54.274685,55.232094
2,22.200000,2,3,-0.566691,-0.761633,54.129318,54.981697,54.685669
1,22.200000,2,1,-0.566691,0.048721,54.360989,54.170937,54.952469
0,22.200000,0,1,0.000039,0.048721,53.161880,54.967220,54.652306
3,22.200000,3,4,-0.761633,0.000000,51.048183,53.938946,55.285988
2,22.400000,2,3,-0.547996,-0.735363,53.283588,54.475067,54.672241
1,22.400000,2,1,-0.547996,0.048722,54.808144,54.438190,54.920113
0,22.400000,0,1,0.000040,0.048722,53.060036,55.620361,54.652306
3,22.400000,3,4,-0.735363,0.000000,52.436676,55.587288,55.329926
2,22.600000,2,3,-0.529301,-0.766336,53.209743,54.098583,54.759972
1,22.600000,2,1,-0.529301,0.020567,54.313725,55.372669,54.838593
0,22.600000,0,1,0.000040,0.020567,56.526798,55.266605,54.702217
3,22.600000,3,4,-0.766336,0.000000,59.180889,56.614609,55.278103
2,22.800000,2,3,-0.512819,-0.788549,54.700226,54.087116,54.827835
1,22.800000,2,1,-0.512819,-0.006926,57.637527,55.339870,54.761513
0,22.800000,0,1,0.000040,-0.006926,57.574944,56.078751,54.750732
3,22.800000,3,4,-0.788549,0.000000,53.611626,54.465874,55.240784
2,23.000000,2,3,-0.520473,-0.809466,54.013416,54.967949,54.850998
1,23.000000,2,1,-0.520473,-0.040541,51.994370,55.099403,54.715752
0,23.000000,0,1,0.000041,-0.040541,60.039642,55.911514,54.809761
3,23.000000,3,4,-0.809466,0.000000,58.569382,55.806641,55.205521
2,23.200000,2,3,-0.527469,-0.811903,54.964947,54.683189,54.843040
1,23.200000,2,1,-0.527469,-0.043612,52.526337,55.312004,54.722683
0,23.200000,0,1,0.000041,-0.043612,56.077656,56.626583,54.815136
3,23.200000,3,4,-0.811903,0.000000,54.919746,55.740791,55.201408
2,23.400000,2,3,-0.537840,-0.808991,56.894943,54.274525,54.819824
1,23.400000,2,1,-0.537840,-0.050958,52.130436,55.060333,54.728020
0,23.400000,0,1,0.000041,-0.050958,51.667027,56.251682,54.827988
3,23.400000,3,4,-0.808991,0.000000,51.094318,55.929325,55.206326
2,23.600000,2,3,-0.543469,-0.817626,57.011604,54.444290,54.825085
1,23.600000,2,1,-0.543469,-0.055454,55.371902,55.295040,54.730019
0,23.600000,0,1,0.000042,-0.055454,63.749020,56.398689,54.835846
3,23.600000,3,4,-0.817626,0.000000,59.827038,55.459045,55.191734
2,23.800000,2,3,-0.549684,-0.820125,53.341934,53.802010,54.818581
1,23.800000,2,1,-0.549684,-0.070077,60.442123,55.795208,54.715179
0,23.800000,0,1,0.000042,-0.070077,57.232433,56.349541,54.861362
3,23.800000,3,4,-0.820125,0.000000,55.723198,54.617558,55.187511
2,24.000000,2,3,-0.541889,-0.804952,49.733082,53.815723,54.805664
1,24.000000,2,1,-0.541889,-0.091612,59.226730,56.015411,54.663242
0,24.000000,0,1,0.000043,-0.091612,56.458866,55.767105,54.898830
3,24.000000,3,4,-0.804952,0.000000,50.761593,55.174049,55.213142
2,24.200000,2,3,-0.541889,-0.800807,53.130146,54.397503,54.798401
1,24.200000,2,1,-0.541889,-0.115464,53.712154,55.742329,54.620823
0,24.200000,0,1,0.000043,-0.115464,51.801014,55.121258,54.940182
3,24.200000,3,4,-0.800807,0.000000,58.578564,55.108032,55.220131
2,24.400000,2,3,-0.543909,-0.795336,55.625774,54.357937,54.785263
1,24.400000,2,1,-0.543909,-0.147332,50.305340,55.017067,54.567505
0,24.400000,0,1,0.000043,-0.147332,56.216461,55.722248,54.995182
3,24.400000,3,4,-0.795336,0.000000,54.533581,55.142879,55.229355
2,24.600000,2,3,-0.536479,-0.788509,56.694805,53.992287,54.786320
1,24.600000,2,1,-0.536479,-0.164564,55.032780,54.357044,54.523254
0,24.600000,0,1,0.000044,-0.164564,54.587509,55.538033,55.024807
3,24.600000,3,4,-0.788509,0.000000,55.336441,54.389534,55.240852
2,24.800000,2,3,-0.532064,-0.772155,60.842175,54.510193,54.765350
1,24.800000,2,1,-0.532064,-0.144498,53.780624,53.930450,54.551357
0,24.800000,0,1,0.000044,-0.144498,58.274754,54.591343,54.990303
3,24.800000,3,4,-0.772155,0.000000,55.067558,56.481663,55.268341
2,25.000000,2,3,-0.521709,-0.798945,56.152523,54.397198,54.830467
1,25.000000,2,1,-0.521709,-0.129047,53.483864,54.157703,54.560493
0,25.000000,0,1,0.000044,-0.129047,56.187382,54.721027,54.963661
3,25.000000,3,4,-0.798945,0.000000,54.745235,56.277897,55.223274
2,25.200000,2,3,-0.501653,-0.819264,60.100327,53.984573,54.900810
1,25.200000,2,1,-0.501653,-0.133818,57.605087,54.552414,54.515915
0,25.200000,0,1,0.000045,-0.133818,55.684185,54.231689,54.971893
3,25.200000,3,4,-0.819264,0.000000,57.267208,54.799358,55.188965
2,25.400000,2,3,-0.467787,-0.790097,53.369869,53.816277,54.908966
1,25.400000,2,1,-0.467787,-0.142714,54.759819,54.193260,54