2,0.200000,2,3,0.000000,0.000000,35.682037,NaN,37.940105
1,0.200000,2,1,0.000000,0.000000,34.014629,NaN,35.000000
3,0.200000,4,3,0.000000,0.000000,67.360329,62.647072,62.486721
0,0.200000,1,0,0.000000,0.000000,69.069183,NaN,60.431061
2,0.400000,2,3,0.000001,0.000001,36.276207,NaN,37.940105
1,0.400000,2,1,0.000001,0.000001,38.947151,NaN,35.000000
3,0.400000,4,3,0.000000,0.000001,61.773193,63.301086,62.486721
0,0.400000,1,0,0.000001,0.000001,60.247620,NaN,60.431061
2,0.600000,2,3,-0.042289,0.000001,34.837891,37.379799,37.584095
1,0.600000,2,1,-0.042289,0.000001,34.920902,36.562775,35.000000
3,0.600000,4,3,0.000000,0.000001,60.161728,62.733555,62.486721
0,0.600000,1,0,0.000001,0.000001,61.285210,57.701275,60.431061
2,0.800000,2,3,-0.050980,-0.299999,37.718342,36.684307,39.828278
1,0.800000,2,1,-0.050980,0.300001,31.232534,33.420742,35.644966
3,0.800000,4,3,0.000000,-0.299999,62.780903,61.712574,62.224537
0,0.800000,1,0,0.300001,0.000001,56.391644,60.289688,60.113415
2,1.000000,2,3,-0.059670,-0.599998,43.871166,36.867718,41.687111
1,1.000000,2,1,-0.059670,0.600002,38.943012,34.686409,38.417175
3,1.000000,4,3,0.000000,-0.599998,59.562180,61.835415,61.955864
0,1.000000,1,0,0.600002,0.000002,66.399834,58.627964,59.786194
2,1.200000,2,3,-0.080691,-0.899998,44.307884,37.508305,43.211082
1,1.200000,2,1,-0.080691,0.900002,42.915936,37.344921,40.703045
3,1.200000,4,3,0.000000,-0.899998,56.614506,61.747665,61.680374
0,1.200000,1,0,0.900002,0.000002,60.628551,58.671638,59.448811
2,1.400000,2,3,-0.098128,-1.199998,44.479946,39.892654,44.563366
1,1.400000,2,1,-0.098128,1.200002,47.241600,38.434464,42.570999
3,1.400000,4,3,0.000000,-1.199998,67.430138,62.159565,61.397713
0,1.400000,1,0,1.200002,0.000002,59.208202,59.792000,59.100601
2,1.600000,2,3,-0.136431,-1.499997,47.484657,41.282478,45.681351
1,1.600000,2,1,-0.136431,1.500003,41.935661,39.773102,44.261238
3,1.600000,4,3,0.000000,-1.499997,64.214745,60.962151,61.107498
0,1.600000,1,0,1.500003,0.000003,56.284252,58.253887,58.740856
2,1.800000,2,3,-0.180808,-1.799997,43.301079,43.298428,46.672409
1,1.800000,2,1,-0.180808,1.797522,43.786030,41.607464,45.737961
3,1.800000,4,3,0.000000,-1.799997,60.545494,60.317539,60.809311
0,1.800000,1,0,1.797522,0.000003,56.864037,57.718609,58.371910
2,2.000000,2,3,-0.213248,-2.099997,47.394009,43.831707,47.621124
1,2.000000,2,1,-0.213248,2.073062,42.914688,43.021793,46.915474
3,2.000000,4,3,0.000000,-2.099997,60.332932,60.081852,60.502701
0,2.000000,1,0,2.073062,0.000004,55.642204,58.128765,58.018661
2,2.200000,2,3,-0.221693,-2.387760,47.808983,45.304489,48.530342
1,2.200000,2,1,-0.221693,2.329596,44.171249,44.377186,47.835472
3,2.200000,4,3,0.000000,-2.387760,59.522659,60.957886,60.200230
0,2.200000,1,0,2.329596,0.000004,54.941925,57.601154,57.679119
2,2.400000,2,3,-0.254080,-2.654796,48.327980,47.363998,49.239380
1,2.400000,2,1,-0.254080,2.532922,44.120518,45.800064,48.593086
3,2.400000,4,3,0.000000,-2.654796,63.668396,59.711952,59.911804
0,2.400000,1,0,2.532922,0.000004,56.078209,57.772423,57.402252
2,2.600000,2,3,-0.297561,-2.894069,48.054085,49.144970,49.797508
1,2.600000,2,1,-0.297561,2.736248,56.783783,47.341545,49.333485
3,2.600000,4,3,0.000000,-2.894069,63.518707,58.725418,59.646690
0,2.600000,1,0,2.736248,0.000005,58.251995,57.497890,57.118134
2,2.800000,2,3,-0.341041,-3.100284,45.660568,49.416336,50.240520
1,2.800000,2,1,-0.341041,2.913589,51.920094,47.601196,49.955677
3,2.800000,4,3,0.000000,-3.100284,57.719761,59.100899,59.412891
0,2.800000,1,0,2.913589,0.000005,60.413727,57.260509,56.864105
2,3.000000,2,3,-0.358744,-3.285888,48.933350,50.156399,50.679405
1,3.000000,2,1,-0.358744,3.078510,45.124386,47.919960,50.444595
3,3.000000,4,3,0.000000,-3.285888,61.858433,59.260994,59.198071
0,3.000000,1,0,3.078510,0.000005,60.164757,56.422115,56.622417
2,3.200000,2,3,-0.389801,-3.452333,51.609398,50.561935,51.020821
1,3.200000,2,1,-0.389801,3.215274,48.599888,49.042820,50.875267
3,3.200000,4,3,0.000000,-3.452333,58.008057,58.620674,59.001740
0,3.200000,1,0,3.215274,0.000006,52.226101,56.104412,56.417828
2,3.400000,2,3,-0.426904,-3.624071,56.393059,51.206589,51.350010
1,3.400000,2,1,-0.426904,3.357785,47.054352,49.143486,51.318027
3,3.400000,4,3,0.000000,-3.624071,61.087315,58.511524,58.795376
0,3.400000,1,0,3.357785,0.000006,59.108601,56.247059,56.200459
2,3.600000,2,3,-0.464007,-3.796333,51.905132,52.007225,51.670738
1,3.600000,2,1,-0.464007,3.486566,53.103691,49.918213,51.711502
3,3.600000,4,3,0.000000,-3.796333,61.074707,59.758202,58.584366
0,3.600000,1,0,3.486566,0.000006,54.216038,56.553963,56.000214
2,3.800000,2,3,-0.504262,-3.977324,51.249763,52.428101,51.994930
1,3.800000,2,1,-0.504262,3.607472,55.218044,49.696724,52.080582
3,3.800000,4,3,0.000000,-3.977324,61.763641,57.368458,58.358154
0,3.800000,1,0,3.607472,0.000007,51.383205,56.565632,55.808796
2,4.000000,2,3,-0.544980,-4.113713,53.932499,52.818146,52.209911
1,4.000000,2,1,-0.544980,3.690356,52.355579,50.748886,52.355385
3,4.000000,4,3,0.000000,-4.113713,54.038319,57.768600,58.184517
0,4.000000,1,0,3.690356,0.000007,56.197525,56.402504,55.675598
2,4.200000,2,3,-0.561064,-4.246123,53.358433,52.488636,52.465698
1,4.200000,2,1,-0.561064,3.764365,48.750252,51.229069,52.551392
3,4.200000,4,3,0.000000,-4.246123,53.953228,58.376839,58.013248
0,4.200000,1,0,3.764365,0.000007,55.892937,56.231544,55.555264
2,4.400000,2,3,-0.561064,-4.384521,49.965511,52.973225,52.762375
1,4.400000,2,1,-0.561064,3.831594,51.886742,52.065216,52.695381
3,4.400000,4,3,0.000000,-4.384521,50.709751,57.799454,57.831299
0,4.400000,1,0,3.831594,0.000008,60.627525,56.059959,55.444786
2,4.600000,2,3,-0.561063,-4.518440,53.101940,53.919350,53.041931
1,4.600000,2,1,-0.561063,3.883163,49.005333,52.549175,52.804558
3,4.600000,4,3,0.000000,-4.518440,59.149055,58.063175,57.652287
0,4.600000,1,0,3.883163,0.000008,57.483318,55.711945,55.359272
2,4.800000,2,3,-0.580714,-4.641708,53.207874,53.899937,53.253395
1,4.800000,2,1,-0.580714,3.931686,55.386215,52.367085,52.947216
3,4.800000,4,3,0.000000,-4.641708,61.199982,56.828854,57.484863
0,4.800000,1,0,3.931686,0.000008,50.601292,55.358997,55.278191
2,5.000000,2,3,-0.598421,-4.749040,49.362022,54.339195,53.433044
1,5.000000,2,1,-0.598421,3.980272,47.368340,52.792946,53.084167
3,5.000000,4,3,0.000000,-4.749040,58.985561,59.362015,57.336952
0,5.000000,1,0,3.980272,0.000009,55.821522,55.379494,55.196396
2,5.200000,2,3,-0.616129,-4.883945,56.880562,54.957176,53.663563
1,5.200000,2,1,-0.616129,4.021941,49.784218,52.729778,53.205376
3,5.200000,4,3,0.000000,-4.883945,59.389584,56.448753,57.148132
0,5.200000,1,0,4.021941,0.000009,51.070503,55.511429,55.125748
2,5.400000,2,3,-0.649520,-4.957006,53.226337,55.413345,53.740490
1,5.400000,2,1,-0.649520,4.076502,51.360752,52.854965,53.382477
3,5.400000,4,3,0.000000,-4.957006,57.559483,56.439140,57.044491
0,5.400000,1,0,4.076502,0.000010,56.681580,55.286182,55.032543
2,5.600000,2,3,-0.667478,-5.012782,51.753159,54.842915,53.813328
1,5.600000,2,1,-0.667478,4.128664,55.386208,53.052826,53.521622
3,5.600000,4,3,0.000000,-5.012782,55.074783,56.921856,56.964695
0,5.600000,1,0,4.128664,0.000010,53.472157,54.707840,54.942680
2,5.800000,2,3,-0.667478,-5.069678,55.343521,54.492390,53.921997
1,5.800000,2,1,-0.667478,4.164039,55.903244,53.057598,53.591148
3,5.800000,4,3,0.000000,-5.069678,59.733459,56.973877,56.882690
0,5.800000,1,0,4.164039,0.000010,56.899906,54.864952,54.881317
2,6.000000,2,3,-0.682155,-5.135774,47.200264,55.094082,54.019272
1,6.000000,2,1,-0.682155,4.190787,56.252586,53.682407,53.672012
3,6.000000,4,3,0.000000,-5.135774,54.502060,57.662113,56.786636
0,6.000000,1,0,4.190787,0.000011,55.433792,55.017487,54.834686
2,6.200000,2,3,-0.698953,-5.215342,54.043873,54.812794,54.136860
1,6.200000,2,1,-0.698953,4.208093,53.820038,52.906578,53.738129
3,6.200000,4,3,0.000000,-5.215342,58.435287,56.769527,56.669868
0,6.200000,1,0,4.208093,0.000011,55.274014,54.726444,54.804405
2,6.400000,2,3,-0.724403,-5.284609,53.369682,54.975075,54.218193
1,6.400000,2,1,-0.724403,4.243816,52.643017,53.775002,53.855728
3,6.400000,4,3,0.000000,-5.284609,54.385498,55.979195,56.567188
0,6.400000,1,0,4.243816,0.000011,52.503914,54.419598,54.741634
2,6.600000,2,3,-0.749852,-5.339777,46.254677,54.313126,54.273010
1,6.600000,2,1,-0.749852,4.260076,56.706615,53.909832,53.935188
3,6.600000,4,3,0.000000,-5.339777,52.569534,57.219887,56.484703
0,6.600000,1,0,4.260076,0.000012,59.244236,54.613304,54.712944
2,6.800000,2,3,-0.777467,-5.422252,50.732845,55.072594,54.373482
1,6.800000,2,1,-0.777467,4.282140,52.682392,55.015091,54.029076
3,6.800000,4,3,0.000000,-5.422252,60.007164,57.095844,56.360214
0,6.800000,1,0,4.282140,0.000012,56.691982,55.402359,54.673889
2,7.000000,2,3,-0.805081,-5.498710,59.428665,55.405453,54.462166
1,7.000000,2,1,-0.805081,4.271890,54.632927,55.605217,54.061699
3,7.000000,4,3,0.000000,-5.498710,54.443222,56.298401,56.243515
0,7.000000,1,0,4.271890,0.000012,56.325073,54.970936,54.692051
2,7.200000,2,3,-0.833375,-5.569273,51.985767,55.144024,54.538322
1,7.200000,2,1,-0.833375,4.260725,56.604107,54.915310,54.093788
3,7.200000,4,3,0.000000,-5.569273,61.655327,57.102364,56.134693
0,7.200000,1,0,4.260725,0.000013,52.688133,55.095882,54.711800
2,7.400000,2,3,-0.860301,-5.675696,55.638844,54.825592,54.680134
1,7.400000,2,1,-0.860301,4.260725,51.590649,54.872944,54.144035
3,7.400000,4,3,0.000000,-5.675696,53.366451,55.484409,55.968475
0,7.400000,1,0,4.260725,0.000013,54.113670,55.397205,54.711800
2,7.600000,2,3,-0.885307,-5.740047,59.833519,55.048420,54.749634
1,7.600000,2,1,-0.885307,4.253737,53.269859,55.276985,54.177536
3,7.600000,4,3,0.000000,-5.740047,60.667789,55.482712,55.866718
0,7.600000,1,0,4.253737,0.000013,48.216309,56.227917,54.724144
2,7.800000,2,3,-0.907568,-5.805923,54.935326,54.663452,54.826172
1,7.800000,2,1,-0.907568,4.249680,55.622803,55.131302,54.211273
3,7.800000,4,3,0.000000,-5.805923,57.416466,55.309303,55.761551
0,7.800000,1,0,4.249680,0.000014,53.581158,56.532162,54.731300
2,8.000000,2,3,-0.902091,-5.856183,54.720581,54.263527,54.923195
1,8.000000,2,1,-0.902091,4.249680,56.121288,54.781063,54.201134
3,8.000000,4,3,0.000000,-5.856183,57.522240,55.421593,55.680626
0,8.000000,1,0,4.249680,0.000014,54.865974,56.789852,54.731300
2,8.200000,2,3,-0.908889,-5.895762,64.159737,54.639912,54.979858
1,8.200000,2,1,-0.908889,4.254598,52.040344,55.053356,54.222809
3,8.200000,4,3,0.000000,-5.895762,54.841663,54.819931,55.616470
0,8.200000,1,0,4.254598,0.000015,55.400562,56.177029,54.722626
2,8.400000,2,3,-0.922040,-5.925040,61.349941,54.958416,55.007622
1,8.400000,2,1,-0.922040,4.247622,52.056087,54.856636,54.234219
3,8.400000,4,3,0.000000,-5.925040,60.711155,55.410210,55.568768
0,8.400000,1,0,4.247622,0.000015,56.697464,56.835255,54.734932
2,8.600000,2,3,-0.938764,-5.949243,50.067951,55.228088,55.020477
1,8.600000,2,1,-0.938764,4.236991,59.252460,55.028488,54.245468
3,8.600000,4,3,0.000000,-5.949243,54.677872,56.182430,55.529175
0,8.600000,1,0,4.236991,0.000015,57.156593,56.942570,54.753662
2,8.800000,2,3,-0.954323,-5.993136,57.837292,56.277328,55.069031
1,8.800000,2,1,-0.954323,4.234028,53.367809,55.183418,54.268677
3,8.800000,4,3,0.000000,-5.993136,59.189434,55.474667,55.457001
0,8.800000,1,0,4.234028,0.000016,58.006664,56.650455,54.758881
2,9.000000,2,3,-0.995889,-6.007385,56.205124,56.267757,55.022224
1,9.000000,2,1,-0.995889,4.227954,54.134827,55.043858,54.333809
3,9.000000,4,3,0.000000,-6.007385,53.180351,57.076004,55.433464
0,9.000000,1,0,4.227954,0.000016,52.010048,56.273308,54.769562
2,9.200000,2,3,-1.037455,-6.009736,53.956383,56.221275,54.954670
1,9.200000,2,1,-1.037455,4.221834,55.387714,55.103935,54.398468
3,9.200000,4,3,0.000000,-6.009736,59.922726,56.343521,55.429581
0,9.200000,1,0,4.221834,0.000016,55.265499,55.709568,54.780312
2,9.400000,2,3,-1.084063,-6.026628,54.482082,56.055515,54.903198
1,9.400000,2,1,-1.084063,4.217444,49.218754,55.046535,54.474987
3,9.400000,4,3,0.000000,-6.026628,52.694382,55.218555,55.401604
0,9.400000,1,0,4.217444,0.000017,52.902115,55.728642,54.788017
2,9.600000,2,3,-1.128790,-6.033616,52.839439,56.378368,54.837479
1,9.600000,2,1,-1.128790,4.220845,50.406384,55.718185,54.561562
3,9.600000,4,3,0.000000,-6.033616,58.093517,55.288574,55.390007
0,9.600000,1,0,4.220845,0.000017,51.119793,55.502903,54.782051
2,9.800000,2,3,-1.173516,-6.054129,54.411102,56.150101,54.795105
1,9.800000,2,1,-1.173516,4.207449,53.157330,55.868279,54.617546
3,9.800000,4,3,0.000000,-6.054129,54.241955,56.838127,55.355904
0,9.800000,1,0,4.207449,0.000017,55.759193,55.047188,54.805542
2,10.000000,2,3,-1.216877,-6.106741,54.198650,55.858688,54.811314
1,10.000000,2,1,-1.216877,4.188863,56.927887,55.662132,54.661621
3,10.000000,4,3,0.000000,-6.106741,55.261520,56.332108,55.267937
0,10.000000,1,0,4.188863,0.000018,56.355839,55.019573,54.838058
2,10.200000,2,3,-1.248092,-6.132020,54.671608,55.469429,54.800915
1,10.200000,2,1,-1.248092,4.169924,47.289707,55.685291,54.683388
3,10.200000,4,3,0.000000,-6.132020,58.619984,55.737320,55.225418
0,10.200000,1,0,4.169924,0.000018,49.955986,54.617393,54.871086
2,10.400000,2,3,-1.285196,-6.143602,56.951462,55.160019,54.756092
1,10.400000,2,1,-1.285196,4.172723,53.710728,55.704491,54.753860
3,10.400000,4,3,0.000000,-6.143602,50.197838,53.591774,55.205879
0,10.400000,1,0,4.172723,0.000018,52.999859,54.768234,54.866211
2,10.600000,2,3,-1.317273,-6.118736,53.582844,54.909168,54.655415
1,10.600000,2,1,-1.317273,4.177321,51.852982,55.641022,54.818222
3,10.600000,4,3,0.000000,-6.118736,55.645477,54.375233,55.247780
0,10.600000,1,0,4.177321,0.000019,55.899872,54.635342,54.858200
2,10.800000,2,3,-1.334816,-6.111925,48.704391,55.139183,54.612068
1,10.800000,2,1,-1.334816,4.181919,58.529247,55.601879,54.856895
3,10.800000,4,3,0.000000,-6.111925,56.687149,56.352394,55.259232
0,10.800000,1,0,4.181919,0.000019,54.468895,55.029957,54.850182
2,11.000000,2,3,-1.352171,-6.153204,57.106182,55.129845,54.654652
1,11.000000,2,1,-1.352171,4.177643,50.322601,55.934952,54.879677
3,11.000000,4,3,0.000000,-6.153204,57.410400,55.383175,55.189651
0,11.000000,1,0,4.177643,0.000019,52.351589,53.931828,54.857639
2,11.200000,2,3,-1.366716,-6.164658,50.721115,55.029202,54.649158
1,11.200000,2,1,-1.366716,4.172288,48.919136,55.987823,54.895657
3,11.200000,4,3,0.000000,-6.164658,53.911251,55.832470,55.170269
0,11.200000,1,0,4.172288,0.000020,54.205349,54.679165,54.866974
2,11.400000,2,3,-1.369488,-6.184446,61.403145,54.603054,54.679359
1,11.400000,2,1,-1.369488,4.169170,51.133766,55.731750,54.895054
3,11.400000,4,3,0.000000,-6.184446,52.460548,55.074291,55.136696
0,11.400000,1,0,4.169170,0.000020,54.707005,54.179173,54.872406
2,11.600000,2,3,-1.378887,-6.213577,58.768250,55.276115,54.714272
1,11.600000,2,1,-1.378887,4.171624,57.631783,55.456806,54.915627
3,11.600000,4,3,0.000000,-6.213577,57.674591,56.225483,55.087086
0,11.600000,1,0,4.171624,0.000021,54.657269,54.015625,54.868130
2,11.800000,2,3,-1.394551,-6.224977,51.067410,55.579010,54.706741
1,11.800000,2,1,-1.394551,4.173630,51.268753,54.967587,54.946228
3,11.800000,4,3,0.000000,-6.224977,54.904816,57.060139,55.067608
0,11.800000,1,0,4.173630,0.000021,49.870296,53.988358,54.864635
2,12.000000,2,3,-1.402736,-6.279501,56.479214,55.899750,54.788353
1,12.000000,2,1,-1.402736,4.175637,54.189629,54.604618,54.963844
3,12.000000,4,3,0.000000,-6.279501,52.675991,57.066795,54.973969
0,12.000000,1,0,4.175637,0.000021,58.723976,53.387970,54.861137
2,12.200000,2,3,-1.426933,-6.328160,51.349640,55.433109,54.831192
1,12.200000,2,1,-1.426933,4.195345,58.384377,54.995846,55.039383
3,12.200000,4,3,0.000000,-6.328160,56.531265,54.158161,54.889709
0,12.200000,1,0,4.195345,0.000022,50.024345,53.902523,54.826736
2,12.400000,2,3,-1.441659,-6.351779,50.923737,55.324268,54.846722
1,12.400000,2,1,-1.441659,4.200945,51.888664,55.018665,55.074173
3,12.400000,4,3,0.000000,-6.351779,53.386944,54.498474,54.848579
0,12.400000,1,0,4.200945,0.000022,58.540318,54.166897,54.816940
2,12.600000,2,3,-1.450652,-6.353922,56.390720,55.469513,54.834763
1,12.600000,2,1,-1.450652,4.204791,51.057880,55.072006,55.096096
3,12.600000,4,3,0.000000,-6.353922,46.964737,56.745781,54.844837
0,12.600000,1,0,4.204791,0.000022,57.086334,53.676979,54.810207
2,12.800000,2,3,-1.470849,-6.391601,49.464832,56.357586,54.865265
1,12.800000,2,1,-1.470849,4.221209,52.818295,55.022072,55.158367
3,12.800000,4,3,0.000000,-6.391601,53.408508,55.391968,54.778870
0,12.800000,1,0,4.221209,0.000023,60.585327,53.799431,54.781422
2,13.000000,2,3,-1.484942,-6.401580,53.327892,55.681362,54.858093
1,13.000000,2,1,-1.484942,4.244809,55.959511,55.907398,55.222099
3,13.000000,4,3,0.000000,-6.401580,51.526657,55.112598,54.761330
0,13.000000,1,0,4.244809,0.000023,53.707333,53.713600,54.739906
2,13.200000,2,3,-1.490290,-6.455170,53.993858,55.050045,54.941872
1,13.200000,2,1,-1.490290,4.249971,48.680840,56.140636,55.239807
3,13.200000,4,3,0.000000,-6.455170,58.023502,53.490055,54.666656
0,13.200000,1,0,4.249971,0.000023,59.673656,53.663578,54.730804
2,13.400000,2,3,-1.482902,-6.452180,57.736973,55.537971,54.949478
1,13.400000,2,1,-1.482902,4.240246,55.728859,56.464497,55.210964
3,13.400000,4,3,0.000000,-6.452180,47.802090,53.906963,54.671959
0,13.400000,1,0,4.240246,0.000024,54.999561,53.134670,54.747948
2,13.600000,2,3,-1.501002,-6.467647,57.290550,55.862278,54.944923
1,13.600000,2,1,-1.501002,4.223858,50.466911,55.688717,55.213852
3,13.600000,4,3,0.000000,-6.467647,58.317551,55.812225,54.644493
0,13.600000,1,0,4.223858,0.000024,56.519554,53.857269,54.776772
2,13.800000,2,3,-1.525689,-6.494027,50.726742,56.036354,54.947853
1,13.800000,2,1,-1.525689,4.226877,56.615067,55.543770,55.260498
3,13.800000,4,3,0.000000,-6.494027,51.324112,53.947231,54.597488
0,13.800000,1,0,4.226877,0.000024,52.992687,53.491440,54.771469
2,14.000000,2,3,-1.554054,-6.494027,50.559906,56.637913,54.898697
1,14.000000,2,1,-1.554054,4.218978,60.124928,55.766659,55.294827
3,14.000000,4,3,0.000000,-6.494027,53.214836,54.754993,54.597488
0,14.000000,1,0,4.218978,0.000025,54.491009,53.682903,54.785339
2,14.200000,2,3,-1.578700,-6.502855,48.159843,56.903362,54.871189
1,14.200000,2,1,-1.578700,4.211079,58.483799,55.332993,55.322838
3,14.200000,4,3,0.000000,-6.502855,50.497181,55.314613,54.581715
0,14.200000,1,0,4.211079,0.000025,57.858601,54.051373,54.799194
2,14.400000,2,3,-1.603347,-6.511544,50.398396,55.903156,54.843369
1,14.400000,2,1,-1.603347,4.211080,56.631046,55.036827,55.363930
3,14.400000,4,3,0.000000,-6.511544,56.684696,54.166161,54.566162
0,14.400000,1,0,4.211080,0.000026,55.864468,53.924564,54.799194
2,14.600000,2,3,-1.626307,-6.499503,56.812660,56.104366,54.782089
1,14.600000,2,1,-1.626307,4.211080,55.817879,55.455193,55.402069
3,14.600000,4,3,0.000000,-6.499503,55.171906,53.928936,54.587708
0,14.600000,1,0,4.211080,0.000026,54.062542,53.893406,54.799194
2,14.800000,2,3,-1.626306,-6.491672,64.078171,55.184082,54.768333
1,14.800000,2,1,-1.626306,4.221993,61.082382,55.370003,55.420151
3,14.800000,4,3,0.000000,-6.491672,58.503513,55.667309,54.601692
0,14.800000,1,0,4.221993,0.000026,55.429783,54.119156,54.780052
2,15.000000,2,3,-1.626306,-6.510960,55.763115,55.293049,54.802185
1,15.000000,2,1,-1.626306,4.224514,53.240181,55.546303,55.424320
3,15.000000,4,3,0.000000,-6.510960,58.665241,54.509476,54.567211
0,15.000000,1,0,4.224514,0.000027,55.257328,54.006866,54.775627
2,15.200000,2,3,-1.626306,-6.527877,48.741272,55.361191,54.831795
1,15.200000,2,1,-1.626306,4.224514,55.456680,55.430489,55.424320
3,15.200000,4,3,0.000000,-6.527877,52.172451,54.792206,54.536873
0,15.200000,1,0,4.224514,0.000027,51.059860,53.935616,54.775627
2,15.400000,2,3,-1.604350,-6.568916,54.458069,55.608730,54.941330
1,15.400000,2,1,-1.604350,4.214683,59.568546,55.876308,55.371590
3,15.400000,4,3,0.000000,-6.568916,53.852421,55.358067,54.462929
0,15.400000,1,0,4.214683,0.000027,55.660904,53.894329,54.792881
2,15.600000,2,3,-1.585486,-6.592109,52.208126,55.368687,55.013851
1,15.600000,2,1,-1.585486,4.199185,52.404282,55.223354,55.314301
3,15.600000,4,3,0.000000,-6.592109,58.175838,54.955074,54.420914
0,15.600000,1,0,4.199185,0.000028,55.516029,53.649410,54.820030
2,15.800000,2,3,-1.565473,-6.609338,53.539276,55.551998,55.077667
1,15.800000,2,1,-1.565473,4.207694,60.205902,55.076260,55.295052
3,15.800000,4,3,0.000000,-6.609338,54.598270,54.995720,54.389603
0,15.800000,1,0,4.207694,0.000028,58.336330,53.844055,54.805134
2,16.000000,2,3,-1.554858,-6.616827,58.148808,55.649117,55.108551
1,16.000000,2,1,-1.554858,4.219386,57.272747,55.071728,55.296856
3,16.000000,4,3,0.000000,-6.616827,55.955956,54.111408,54.375961
0,16.000000,1,0,4.219386,0.000028,52.877857,53.554161,54.784630
2,16.200000,2,3,-1.544243,-6.610761,53.219494,55.359009,55.116299
1,16.200000,2,1,-1.544243,4.210924,61.173183,55.102909,55.264870
3,16.200000,4,3,0.000000,-6.610761,54.085545,54.288452,54.387009
0,16.200000,1,0,4.210924,0.000029,52.799572,54.067924,54.799477
2,16.400000,2,3,-1.557967,-6.614753,52.039375,55.912594,55.099720
1,16.400000,2,1,-1.557967,4.202462,56.781471,55.118904,55.273697
3,16.400000,4,3,0.000000,-6.614753,52.024700,53.959431,54.379738
0,16.400000,1,0,4.202462,0.000029,53.040874,53.601131,54.814301
2,16.600000,2,3,-1.570182,-6.596344,60.841972,55.838600,55.047379
1,16.600000,2,1,-1.570182,4.186220,52.018208,55.139164,55.266937
3,16.600000,4,3,0.000000,-6.596344,55.655407,55.360432,54.413223
0,16.600000,1,0,4.186220,0.000029,50.683319,53.582535,54.842693
2,16.800000,2,3,-1.587783,-6.619710,51.582390,55.781185,55.057251
1,16.800000,2,1,-1.587783,4.171900,54.576004,55.926476,55.272446
3,16.800000,4,3,0.000000,-6.619710,56.722954,53.373390,54.370705
0,16.800000,1,0,4.171900,0.000030,58.881432,53.899326,54.867668
2,17.000000,2,3,-1.587782,-6.594939,54.255100,55.597549,55.014767
1,17.000000,2,1,-1.587782,4.128545,55.745659,56.458885,55.199448
3,17.000000,4,3,0.000000,-6.594939,54.597157,54.299294,54.415779
0,17.000000,1,0,4.128545,0.000030,55.880745,53.952965,54.942924
2,17.200000,2,3,-1.597190,-6.597945,57.194698,55.966118,55.003761
1,17.200000,2,1,-1.597190,4.082759,53.149921,56.045475,55.137814
3,17.200000,4,3,0.000000,-6.597945,56.400627,54.512337,54.410316
0,17.200000,1,0,4.082759,0.000030,52.623680,54.384819,55.021839
2,17.400000,2,3,-1.609382,-6.587392,54.994522,55.593895,54.964565
1,17.400000,2,1,-1.609382,4.038213,53.736267,56.025074,55.082703
3,17.400000,4,3,0.000000,-6.587392,57.533085,52.977570,54.429474
0,17.400000,1,0,4.038213,0.000031,56.050167,54.663486,55.098068
2,17.600000,2,3,-1.604206,-6.561970,58.453793,55.966187,54.929558
1,17.600000,2,1,-1.604206,4.005766,55.497894,56.226482,55.018257
3,17.600000,4,3,0.000000,-6.561970,56.640713,54.483849,54.475479
0,17.600000,1,0,4.005766,0.000031,55.766472,55.298031,55.153263
2,17.800000,2,3,-1.612098,-6.561970,48.968109,55.445595,54.915878
1,17.800000,2,1,-1.612098,3.969193,53.274242,56.299595,54.968876
3,17.800000,4,3,0.000000,-6.561970,53.039017,54.628105,54.475479
0,17.800000,1,0,3.969193,0.000032,55.332264,55.856346,55.215141
2,18.000000,2,3,-1.621567,-6.589531,51.298237,55.549561,54.947208
1,18.000000,2,1,-1.621567,3.947198,45.687145,56.313164,54.947243
3,18.000000,4,3,0.000000,-6.589531,53.361790,53.120434,54.425591
0,18.000000,1,0,3.947198,0.000032,54.489594,55.618210,55.252182
2,18.200000,2,3,-1.637772,-6.578745,57.680481,55.881096,54.900436
1,18.200000,2,1,-1.637772,3.912901,52.268131,57.311832,54.915913
3,18.200000,4,3,0.000000,-6.578745,60.615219,56.166988,54.445145
0,18.200000,1,0,3.912901,0.000032,58.207253,54.820599,55.309692
2,18.400000,2,3,-1.657363,-6.620434,52.580868,55.639671,54.938744
1,18.400000,2,1,-1.657363,3.883765,53.099049,57.070580,54.899345
3,18.400000,4,3,0.000000,-6.620434,59.310040,53.361671,54.369385
0,18.400000,1,0,3.883765,0.000033,56.622868,55.017097,55.358311
2,18.600000,2,3,-1.683250,-6.601418,59.314125,55.245171,54.860756
1,18.600000,2,1,-1.683250,3.854629,53.649258,57.065575,54.893700
3,18.600000,4,3,0.000000,-6.601418,50.013977,54.624687,54.404007
0,18.600000,1,0,3.854629,0.000033,56.432617,55.455105,55.406715
2,18.800000,2,3,-1.709394,-6.598879,59.344467,55.423893,54.810654
1,18.800000,2,1,-1.709394,3.819106,52.802311,57.491276,54.877388
3,18.800000,4,3,0.000000,-6.598879,54.288464,53.892063,54.408623
0,18.800000,1,0,3.819106,0.000033,57.964783,55.427834,55.465435
2,19.000000,2,3,-1.712885,-6.586987,57.030502,54.513962,54.783684
1,19.000000,2,1,-1.712885,3.783218,51.829277,58.067299,54.820862
3,19.000000,4,3,0.000000,-6.586987,58.533596,53.951210,54.430206
0,19.000000,1,0,3.783218,0.000034,58.531288,55.495274,55.524437
2,19.200000,2,3,-1.720687,-6.568534,52.325684,54.248661,54.737495
1,19.200000,2,1,-1.720687,3.735135,51.057281,57.978630,54.750168
3,19.200000,4,3,0.000000,-6.568534,52.391994,54.382511,54.463619
0,19.200000,1,0,3.735135,0.000034,54.843113,55.018738,55.602989
2,19.400000,2,3,-1.729066,-6.558576,57.022503,54.542984,54.705120
1,19.400000,2,1,-1.729066,3.692111,50.543991,57.442516,54.688988
3,19.400000,4,3,0.000000,-6.558576,61.128422,54.571842,54.481606
0,19.400000,1,0,3.692111,0.000034,50.177444,55.531765,55.672802
2,19.600000,2,3,-1.748117,-6.524489,51.711868,54.327564,54.610756
1,19.600000,2,1,-1.748117,3.649087,60.964333,57.150627,54.646458
3,19.600000,4,3,0.000000,-6.524489,59.700394,55.149372,54.542957
0,19.600000,1,0,3.649087,0.000035,52.559803,55.520771,55.742165
2,19.800000,2,3,-1.760419,-6.507098,55.355198,54.228767,54.557663
1,19.800000,2,1,-1.760419,3.607698,55.944031,56.080772,54.594627
3,19.800000,4,3,0.000000,-6.507098,50.037285,54.203823,54.574123
0,19.800000,1,0,3.607698,0.000035,56.486759,55.929451,55.808479
2,20.000000,2,3,-1.770771,-6.493236,54.717091,54.203930,54.514179
1,20.000000,2,1,-1.770771,3.601049,53.724907,55.755569,54.601234
3,20.000000,4,3,0.000000,-6.493236,54.170433,55.568535,54.598900
0,20.000000,1,0,3.601049,0.000035,50.514046,56.354446,55.819099
2,20.200000,2,3,-1.783752,-6.499315,56.094547,55.268078,54.501751
1,20.200000,2,1,-1.783752,3.598268,55.063717,55.564926,54.619431
3,20.200000,4,3,0.000000,-6.499315,52.412006,55.679173,54.588043
0,20.200000,1,0,3.598268,0.000036,55.955051,55.842701,55.823532
2,20.400000,2,3,-1.814560,-6.504481,51.521610,55.271042,54.455456
1,20.400000,2,1,-1.814560,3.602278,55.294952,55.551216,54.681305
3,20.400000,4,3,0.000000,-6.504481,54.979675,53.494358,54.578804
0,20.400000,1,0,3.602278,0.000036,56.959480,55.869888,55.817139
2,20.600000,2,3,-1.838925,-6.470751,56.563232,55.267403,54.349834
1,20.600000,2,1,-1.838925,3.608874,52.731930,55.064602,54.736031
3,20.600000,4,3,0.000000,-6.470751,52.135780,54.170624,54.638977
0,20.600000,1,0,3.608874,0.000037,47.531155,55.703289,55.806602
2,20.800000,2,3,-1.849716,-6.456391,52.409191,55.145481,54.303787
1,20.800000,2,1,-1.849716,3.615470,59.364002,54.998886,54.766640
3,20.800000,4,3,0.000000,-6.456391,50.933826,55.338642,54.664490
0,20.800000,1,0,3.615470,0.000037,55.962093,55.831169,55.796062
2,21.000000,2,3,-1.858360,-6.463298,56.567120,55.038513,54.300598
1,21.000000,2,1,-1.858360,3.599482,58.669300,55.103355,54.753723
3,21.000000,4,3,0.000000,-6.463298,56.166870,54.511326,54.652222
0,21.000000,1,0,3.599482,0.000037,62.971672,56.164490,55.821602
2,21.200000,2,3,-1.872552,-6.479277,50.747387,54.231491,54.303879
1,21.200000,2,1,-1.872552,3.593981,55.501274,54.578056,54.769012
3,21.200000,4,3,0.000000,-6.479277,53.702663,55.312706,54.623798
0,21.200000,1,0,3.593981,0.000038,56.500038,55.887077,55.830372
2,21.400000,2,3,-1.876830,-6.490352,49.842316,54.229492,54.316341
1,21.400000,2,1,-1.876830,3.616373,59.975533,53.934807,54.815788
3,21.400000,4,3,0.000000,-6.490352,54.566715,53.855026,54.604050
0,21.400000,1,0,3.616373,0.000038,62.263851,55.628479,55.794621
2,21.600000,2,3,-1.879242,-6.497076,57.401745,54.095249,54.324242
1,21.600000,2,1,-1.879242,3.638608,59.775616,54.293392,54.858841
3,21.600000,4,3,0.000000,-6.497076,55.374485,54.803062,54.592041
0,21.600000,1,0,3.638608,0.000038,55.221035,56.340931,55.759003
2,21.800000,2,3,-1.885028,-6.531916,59.489262,54.656155,54.377319
1,21.800000,2,1,-1.885028,3.648728,57.755402,53.981735,54.886536
3,21.800000,4,3,0.000000,-6.531916,57.682720,54.519661,54.529617
0,21.800000,1,0,3.648728,0.000039,56.735481,56.504223,55.742752
2,22.000000,2,3,-1.896839,-6.562891,55.803997,54.787186,54.412186
1,22.000000,2,1,-1.896839,3.658514,53.104156,54.278198,54.924023
3,22.000000,4,3,0.000000,-6.562891,55.599941,53.750847,54.473816
0,22.000000,1,0,3.658514,0.000039,55.661388,56.621662,55.727013
2,22.200000,2,3,-1.908651,-6.574166,51.330456,54.607418,54.411209
1,22.200000,2,1,-1.908651,3.658514,54.777195,54.086269,54.944473
3,22.200000,4,3,0.000000,-6.574166,59.286926,53.794529,54.453434
0,22.200000,1,0,3.658514,0.000039,62.704216,57.360943,55.727013
2,22.400000,2,3,-1.896280,-6.574166,50.684971,54.257790,54.433659
1,22.400000,2,1,-1.896280,3.658514,58.320560,54.689899,54.923058
3,22.400000,4,3,0.000000,-6.574166,57.366604,54.345573,54.453434
0,22.400000,1,0,3.658514,0.000040,58.112385,56.570419,55.727013
2,22.600000,2,3,-1.883436,-6.594360,60.636917,54.234703,54.493393
1,22.600000,2,1,-1.883436,3.658514,52.818562,53.905121,54.900772
3,22.600000,4,3,0.000000,-6.594360,58.046673,54.404179,54.416832
0,22.600000,1,0,3.658514,0.000040,54.728718,57.416420,55.727013
2,22.800000,2,3,-1.864857,-6.618154,55.979134,54.107750,54.569519
1,22.800000,2,1,-1.864857,3.676005,51.025108,53.272614,54.898884
3,22.800000,4,3,0.000000,-6.618154,55.322006,54.330448,54.373543
0,22.800000,1,0,3.676005,0.000040,57.824841,57.013195,55.698830
2,23.000000,2,3,-1.853451,-6.636649,54.325333,54.519032,54.622925
1,23.000000,2,1,-1.853451,3.696389,60.036201,53.371006,54.914467
3,23.000000,4,3,0.000000,-6.636649,55.189396,55.277660,54.339775
0,23.000000,1,0,3.696389,0.000041,60.438313,57.231792,55.665894
2,23.200000,2,3,-1.844754,-6.641277,53.273182,55.064213,54.646637
1,23.200000,2,1,-1.844754,3.715440,52.537071,53.292419,54.932411
3,23.200000,4,3,0.000000,-6.641277,56.919308,54.330971,54.331306
0,23.200000,1,0,3.715440,0.000041,54.995472,57.348755,55.635017
2,23.400000,2,3,-1.850721,-6.636350,61.526169,55.016193,54.627251
1,23.400000,2,1,-1.850721,3.742668,55.729755,53.666592,54.989738
3,23.400000,4,3,0.000000,-6.636350,48.943886,56.188072,54.340321
0,23.400000,1,0,3.742668,0.000041,49.164215,57.589821,55.590736
2,23.600000,2,3,-1.860953,-6.663889,56.088570,54.559818,54.658031
1,23.600000,2,1,-1.860953,3.762627,56.851192,54.412960,55.041611
3,23.600000,4,3,0.000000,-6.663889,53.538223,53.030636,54.289848
0,23.600000,1,0,3.762627,0.000042,58.654041,57.255169,55.558159
2,23.800000,2,3,-1.882380,-6.618867,55.823959,55.120590,54.539383
1,23.800000,2,1,-1.882380,3.794228,55.564468,53.521896,55.132133
3,23.800000,4,3,0.000000,-6.618867,56.804337,54.197781,54.372242
0,23.800000,1,0,3.794228,0.000042,51.439713,57.049492,55.506386
2,24.000000,2,3,-1.911535,-6.600642,52.332726,55.723068,54.453983
1,24.000000,2,1,-1.911535,3.825829,48.297737,53.812805,55.234928
3,24.000000,4,3,0.000000,-6.600642,54.408398,53.799465,54.405418
0,24.000000,1,0,3.825829,0.000043,51.589577,56.006050,55.454361
2,24.200000,2,3,-1.944287,-6.572002,54.301113,55.491482,54.342323
1,24.200000,2,1,-1.944287,3.857315,55.415131,53.672222,55.342567
3,24.200000,4,3,0.000000,-6.572002,54.792976,53.888485,54.457348
0,24.200000,1,0,3.857315,0.000043,56.459496,55.362118,55.402275
2,24.400000,2,3,-1.977039,-6.577049,55.303852,55.347401,54.291550
1,24.400000,2,1,-1.977039,3.886583,53.531101,53.926079,55.445484
3,24.400000,4,3,0.000000,-6.577049,57.035278,53.357204,54.448215
0,24.400000,1,0,3.886583,0.000043,55.921864,55.514420,55.353638
2,24.600000,2,3,-1.996382,-6.572567,58.916828,55.172958,54.247700
1,24.600000,2,1,-1.996382,3.908251,54.153805,53.764935,55.513008
3,24.600000,4,3,0.000000,-6.572567,59.255386,55.253841,54.456329
0,24.600000,1,0,3.908251,0.000044,51.626354,54.857708,55.317486
2,24.800000,2,3,-2.011524,-6.604281,52.728142,55.138695,54.278221
1,24.800000,2,1,-2.011524,3.923207,57.653584,54.267277,55.562302
3,24.800000,4,3,0.000000,-6.604281,53.350704,54.575993,54.398804
0,24.800000,1,0,3.923207,0.000044,56.561249,54.336395,55.292465
2,25.000000,2,3,-2.024025,-6.609719,51.325424,54.874203,54.265224
1,25.000000,2,1,-2.024025,3.936725,53.694736,54.508434,55.604729
3,25.000000,4,3,0.000000,-6.609719,54.065674,55.374165,54.388908
0,25.000000,1,0,3.936725,0.000044,55.443027,54.203114,55.269798
2,25.200000,2,3,-2.007654,-6.614484,54.463531,55.124779,54.304070
1,25.200000,2,1,-2.007654,3.944771,59.708130,54.612667,55.591171
3,25.200000,4,3,0.000000,-6.614484,51.910946,55.122288,54.380230
0,25.200000,1,0,3.944771,0.000045,62.338005,53.895512,55.256287
2,25.400000,2,3,-1.996302,-6.632318,50.290638,54.532192,54.357491
1,25.400000,2,1,-1.996302,3.959998,51.900753,53.819820,55.597481
3,25.400000,4,3,0.000000,-6.632318,50.108086,54.623516,54.347687
0,25.400000,1,0,3.959998,0.000045,52.697121,54.602871,