2,0.200000,2,3,0.000000,0.000000,55.154629,NaN,55.840569
1,0.200000,2,1,0.000000,0.000000,55.172825,NaN,56.655968
3,0.200000,4,3,0.000000,0.000000,51.256027,53.321007,52.768661
0,0.200000,0,1,0.000000,0.000000,52.999393,NaN,53.889572
2,0.400000,2,3,0.000001,0.000001,55.042274,NaN,55.840569
1,0.400000,2,1,0.000001,0.000001,51.622383,NaN,56.655968
3,0.400000,4,3,0.000000,0.000001,53.531551,53.214298,52.768661
0,0.400000,0,1,0.000001,0.000001,55.243027,NaN,53.889572
2,0.600000,2,3,0.000001,0.183818,45.288807,51.896614,55.543804
1,0.600000,2,1,0.000001,0.000001,53.297089,56.904613,56.655968
3,0.600000,4,3,0.000000,0.183818,56.557835,53.068733,53.150330
0,0.600000,0,1,0.000001,0.000001,52.507313,51.918350,53.889572
2,0.800000,2,3,0.150801,0.246013,56.913887,53.381268,55.687866
1,0.800000,2,1,0.150801,-0.105948,58.398876,57.916008,56.269875
3,0.800000,4,3,0.000000,0.246013,51.194565,52.748283,53.276493
0,0.800000,0,1,0.000001,-0.105948,58.534267,53.538918,54.089664
2,1.000000,2,3,0.257218,0.340160,55.740578,53.470188,55.707664
1,1.000000,2,1,0.257218,-0.184862,56.912117,55.333069,55.982388
3,1.000000,4,3,0.000000,0.340160,51.298588,54.890423,53.464722
0,1.000000,0,1,0.000002,-0.184862,53.833458,54.641014,54.236340
2,1.200000,2,3,0.292411,0.420532,52.716816,54.560276,55.634583
1,1.200000,2,1,0.292411,-0.266953,50.025436,57.023331,55.796444
3,1.200000,4,3,0.000000,0.420532,57.187996,53.702991,53.622864
0,1.200000,0,1,0.000002,-0.266953,51.555550,54.528046,54.386848
2,1.400000,2,3,0.333175,0.530790,57.805668,54.678692,55.521198
1,1.400000,2,1,0.333175,-0.323706,55.864506,55.793301,55.639378
3,1.400000,4,3,0.000000,0.530790,52.054073,52.822956,53.836136
0,1.400000,0,1,0.000002,-0.323706,53.549568,55.291965,54.489693
2,1.600000,2,3,0.354476,0.611578,57.530891,55.805981,55.423191
1,1.600000,2,1,0.354476,-0.410330,59.718754,56.477715,55.462856
3,1.600000,4,3,0.000000,0.611578,54.205811,53.918922,53.989784
0,1.600000,0,1,0.000003,-0.410330,60.498116,55.471054,54.644814
2,1.800000,2,3,0.338023,0.685839,58.670666,56.141544,55.272011
1,1.800000,2,1,0.338023,-0.461792,53.175861,56.396378,55.404972
3,1.800000,4,3,0.000000,0.685839,51.365482,55.019363,54.129128
0,1.800000,0,1,0.000003,-0.461792,55.481083,55.127022,54.735931
2,2.000000,2,3,0.327553,0.732727,56.291794,55.854519,55.175323
1,2.000000,2,1,0.327553,-0.513255,55.342739,56.373623,55.336803
3,2.000000,4,3,0.000000,0.732727,54.296768,53.701344,54.216198
0,2.000000,0,1,0.000004,-0.513255,52.133820,54.994804,54.826286
2,2.200000,2,3,0.317082,0.789724,54.843082,54.997726,55.060478
1,2.200000,2,1,0.317082,-0.534656,57.447701,56.586464,55.318554
3,2.200000,4,3,0.000000,0.789724,49.158123,54.882828,54.321106
0,2.200000,0,1,0.000004,-0.534656,58.359650,55.105503,54.863647
2,2.400000,2,3,0.305155,0.833736,49.111664,55.017498,54.964333
1,2.400000,2,1,0.305155,-0.556057,52.963123,56.915104,55.302711
3,2.400000,4,3,0.000000,0.833736,54.716003,54.422794,54.401428
0,2.400000,0,1,0.000004,-0.556057,57.750900,55.757996,54.900871
2,2.600000,2,3,0.305155,0.883812,61.014839,54.860996,54.877533
1,2.600000,2,1,0.305155,-0.563154,55.799076,56.675915,55.290829
3,2.600000,4,3,0.000000,0.883812,51.428471,54.387352,54.492100
0,2.600000,0,1,0.000005,-0.563154,52.816708,55.660141,54.913193
2,2.800000,2,3,0.318184,0.918489,60.847328,54.206730,54.839790
1,2.800000,2,1,0.318184,-0.577839,57.169266,56.825867,55.244301
3,2.800000,4,3,0.000000,0.918489,49.717735,55.851799,54.554443
0,2.800000,0,1,0.000005,-0.577839,56.282669,55.037613,54.938637
2,3.000000,2,3,0.325291,0.923659,54.690914,54.506241,54.843178
1,3.000000,2,1,0.325291,-0.598120,62.625229,56.225739,55.198120
3,3.000000,4,3,0.000000,0.923659,55.367069,54.259315,54.563713
0,3.000000,0,1,0.000005,-0.598120,55.391430,54.937653,54.973675
2,3.200000,2,3,0.329821,0.958328,51.787132,54.568871,54.790432
1,3.200000,2,1,0.329821,-0.618400,53.887112,55.812260,55.156120
3,3.200000,4,3,0.000000,0.958328,51.988998,54.563236,54.625633
0,3.200000,0,1,0.000006,-0.618400,56.121887,54.760784,55.008602
2,3.400000,2,3,0.337730,0.994970,52.788700,54.134739,54.739906
1,3.400000,2,1,0.337730,-0.631266,51.247459,55.626102,55.120827
3,3.400000,4,3,0.000000,0.994970,55.642448,54.526772,54.690704
0,3.400000,0,1,0.000006,-0.631266,56.932358,55.339535,55.030701
2,3.600000,2,3,0.361157,1.018625,54.548157,53.217831,54.739506
1,3.600000,2,1,0.361157,-0.631266,55.113029,55.646061,55.080887
3,3.600000,4,3,0.000000,1.018625,53.561283,54.886478,54.732502
0,3.600000,0,1,0.000006,-0.631266,56.321228,54.600632,55.030701
2,3.800000,2,3,0.378877,1.018625,54.612473,53.831909,54.770691
1,3.800000,2,1,0.378877,-0.631265,58.618580,55.670605,55.050575
3,3.800000,4,3,0.000000,1.018625,53.109169,55.135075,54.732502
0,3.800000,0,1,0.000007,-0.631265,57.767353,54.566555,55.030701
2,4.000000,2,3,0.370667,1.018626,60.707005,54.914307,54.756252
1,4.000000,2,1,0.370667,-0.641689,57.378803,56.401886,55.046783
3,4.000000,4,3,0.000000,1.018626,57.740944,55.103924,54.732506
0,4.000000,0,1,0.000007,-0.641689,55.399578,54.696373,55.048576
2,4.200000,2,3,0.375457,1.022832,52.528751,54.042461,54.757278
1,4.200000,2,1,0.375457,-0.663021,58.929642,55.978519,55.001938
3,4.200000,4,3,0.000000,1.022832,54.943108,55.633549,54.739922
0,4.200000,0,1,0.000007,-0.663021,56.746429,55.828434,55.085056
2,4.400000,2,3,0.369339,1.030885,49.303825,53.807350,54.732315
1,4.400000,2,1,0.369339,-0.675358,53.220131,55.721699,54.991230
3,4.400000,4,3,0.000000,1.030885,56.771671,54.270077,54.754105
0,4.400000,0,1,0.000008,-0.675358,51.885628,56.163425,55.106102
2,4.600000,2,3,0.369339,1.050864,55.071377,53.620087,54.697021
1,4.600000,2,1,0.369339,-0.697848,57.871002,55.438919,54.952431
3,4.600000,4,3,0.000000,1.050864,53.069141,55.512760,54.789211
0,4.600000,0,1,0.000008,-0.697848,58.958122,55.895569,55.144356
2,4.800000,2,3,0.363084,1.055704,58.763100,53.939156,54.677368
1,4.800000,2,1,0.363084,-0.709706,52.477238,55.358311,54.942741
3,4.800000,4,3,0.000000,1.055704,58.667976,55.193195,54.797699
0,4.800000,0,1,0.000008,-0.709706,55.867504,55.679031,55.164474
2,5.000000,2,3,0.360128,1.051045,48.180458,54.370674,54.680389
1,5.000000,2,1,0.360128,-0.721564,57.771870,55.619835,54.927330
3,5.000000,4,3,0.000000,1.051045,50.038811,54.968456,54.789528
0,5.000000,0,1,0.000009,-0.721564,57.564339,55.734581,55.184555
2,5.200000,2,3,0.352833,1.057168,50.249344,54.379223,54.656586
1,5.200000,2,1,0.352833,-0.747158,53.671894,55.408405,54.895584
3,5.200000,4,3,0.000000,1.057168,56.097164,53.934826,54.800262
0,5.200000,0,1,0.000009,-0.747158,55.712524,55.949951,55.227768
2,5.400000,2,3,0.345538,1.065764,51.907085,54.368454,54.628326
1,5.400000,2,1,0.345538,-0.738926,58.159420,54.679482,54.922531
3,5.400000,4,3,0.000000,1.065764,55.245090,52.953873,54.815323
0,5.400000,0,1,0.000010,-0.738926,57.608166,55.582264,55.213890
2,5.600000,2,3,0.341197,1.082161,54.843918,54.157013,54.591331
1,5.600000,2,1,0.341197,-0.724861,58.321606,54.554264,54.954380
3,5.600000,4,3,0.000000,1.082161,53.928642,53.083481,54.843983
0,5.600000,0,1,0.000010,-0.724861,57.519001,55.905396,55.190132
2,5.800000,2,3,0.352571,1.069530,58.393303,53.531994,54.634140
1,5.800000,2,1,0.352571,-0.703086,56.331127,54.459091,54.972336
3,5.800000,4,3,0.000000,1.069530,58.475368,54.315701,54.821911
0,5.800000,0,1,0.000010,-0.703086,58.253540,55.682610,55.153252
2,6.000000,2,3,0.371638,1.055533,56.786762,53.888542,54.692825
1,6.000000,2,1,0.371638,-0.679966,52.287983,54.706196,54.979332
3,6.000000,4,3,0.000000,1.055533,56.722572,55.216381,54.797401
0,6.000000,0,1,0.000011,-0.679966,57.102371,55.440548,55.113953
2,6.200000,2,3,0.378951,1.028246,52.354530,54.561314,54.753899
1,6.200000,2,1,0.378951,-0.661752,53.763653,55.233490,54.998108
3,6.200000,4,3,0.000000,1.028246,52.507984,56.145821,54.749458
0,6.200000,0,1,0.000011,-0.661752,51.797836,55.967705,55.082897
2,6.400000,2,3,0.386263,0.995438,56.071774,54.852318,54.824295
1,6.400000,2,1,0.386263,-0.665630,58.760818,55.545650,54.978832
3,6.400000,4,3,0.000000,0.995438,51.474266,54.546307,54.691528
0,6.400000,0,1,0.000011,-0.665630,54.012085,55.560139,55.089516
2,6.600000,2,3,0.382987,0.995439,53.284744,55.426060,54.818562
1,6.600000,2,1,0.382987,-0.665629,50.990448,55.409225,54.984478
3,6.600000,4,3,0.000000,0.995439,51.390678,53.826706,54.691532
0,6.600000,0,1,0.000012,-0.665629,48.497925,55.734276,55.089516
2,6.800000,2,3,0.361203,1.013707,54.999474,55.801716,54.748253
1,6.800000,2,1,0.361203,-0.674201,53.748642,55.113026,55.007225
3,6.800000,4,3,0.000000,1.013707,55.659687,55.138836,54.723824
0,6.800000,0,1,0.000012,-0.674201,54.691978,56.216492,55.104137
2,7.000000,2,3,0.339418,1.020202,54.699944,55.449673,54.698334
1,7.000000,2,1,0.339418,-0.674201,57.604378,55.312531,55.044621
3,7.000000,4,3,0.000000,1.020202,53.896282,54.583786,54.735283
0,7.000000,0,1,0.000012,-0.674201,54.637009,56.387341,55.104137
2,7.200000,2,3,0.336571,1.020202,48.915337,55.327480,54.693291
1,7.200000,2,1,0.336571,-0.668527,55.897831,55.725803,55.059212
3,7.200000,4,3,0.000000,1.020202,54.539654,54.024315,54.735283
0,7.200000,0,1,0.000013,-0.668527,52.032619,57.014797,55.094463
2,7.400000,2,3,0.336572,1.033189,54.578232,55.214947,54.670280
1,7.400000,2,1,0.336572,-0.668527,47.552383,55.545818,55.059212
3,7.400000,4,3,0.000000,1.033189,57.130104,54.322166,54.758156
0,7.400000,0,1,0.000013,-0.668527,52.526707,56.631035,55.094463
2,7.600000,2,3,0.343860,1.053050,56.750340,54.495033,54.647957
1,7.600000,2,1,0.343860,-0.680293,54.548481,56.062187,55.026554
3,7.600000,4,3,0.000000,1.053050,55.665894,55.271439,54.793045
0,7.600000,0,1,0.000013,-0.680293,56.028416,56.575191,55.114517
2,7.800000,2,3,0.370389,1.058082,51.568695,53.905392,54.686100
1,7.800000,2,1,0.370389,-0.686315,50.335186,56.379250,54.970535
3,7.800000,4,3,0.000000,1.058082,59.594669,54.453564,54.801868
0,7.800000,0,1,0.000014,-0.686315,53.327835,56.709682,55.124763
2,8.000000,2,3,0.398722,1.079215,50.471279,53.813259,54.698845
1,8.000000,2,1,0.398722,-0.691138,50.920315,55.914021,54.913170
3,8.000000,4,3,0.000000,1.079215,54.510990,54.467041,54.838837
0,8.000000,0,1,0.000014,-0.691138,52.255817,56.908691,55.132969
2,8.200000,2,3,0.442245,1.089729,55.042633,53.782566,54.757088
1,8.200000,2,1,0.442245,-0.696174,50.462563,55.027870,54.828613
3,8.200000,4,3,0.000000,1.089729,58.496014,53.746822,54.857185
0,8.200000,0,1,0.000015,-0.696174,50.888008,56.448929,55.141525
2,8.400000,2,3,0.482921,1.130149,54.612942,53.677639,54.757538
1,8.400000,2,1,0.482921,-0.677472,53.200882,54.257004,54.790131
3,8.400000,4,3,0.000000,1.130149,59.474731,53.799118,54.927429
0,8.400000,0,1,0.000015,-0.677472,56.527203,56.221825,55.109715
2,8.600000,2,3,0.525646,1.170583,53.099300,53.945637,54.761566
1,8.600000,2,1,0.525646,-0.643768,58.476368,54.273571,54.774292
3,8.600000,4,3,0.000000,1.170583,58.767345,54.574383,54.997246
0,8.600000,0,1,0.000015,-0.643768,54.687645,55.989239,55.052147
2,8.800000,2,3,0.564177,1.199150,54.150990,54.063931,54.779083
1,8.800000,2,1,0.564177,-0.609781,56.348740,54.023567,54.766308
3,8.800000,4,3,0.000000,1.199150,60.784782,54.883934,55.046303
0,8.800000,0,1,0.000016,-0.609781,49.575027,55.544327,54.993790
2,9.000000,2,3,0.602709,1.199150,51.175949,54.418335,54.846539
1,9.000000,2,1,0.602709,-0.577346,56.758217,53.641869,54.755585
3,9.000000,4,3,0.000000,1.199150,57.176998,53.978043,55.046303
0,9.000000,0,1,0.000016,-0.577346,55.223991,55.279091,54.937798
2,9.200000,2,3,0.653775,1.217956,55.923389,54.766285,54.902699
1,9.200000,2,1,0.653775,-0.544911,58.578606,53.999767,54.722744
3,9.200000,4,3,0.000000,1.217956,50.177319,54.060444,55.078476
0,9.200000,0,1,0.000016,-0.544911,57.020454,56.053986,54.881523
2,9.400000,2,3,0.700930,1.238526,49.937096,54.615543,54.948761
1,9.400000,2,1,0.700930,-0.516607,56.105171,53.870483,54.689415
3,9.400000,4,3,0.000000,1.238526,52.899426,55.870430,55.113564
0,9.400000,0,1,0.000017,-0.516607,56.381580,56.011059,54.832172
2,9.600000,2,3,0.744479,1.230231,54.722874,55.470165,55.038025
1,9.600000,2,1,0.744479,-0.488303,59.955322,53.683876,54.662388
3,9.600000,4,3,0.000000,1.230231,56.263096,55.195553,55.099426
0,9.600000,0,1,0.000017,-0.488303,52.487556,55.415184,54.782597
2,9.800000,2,3,0.770896,1.216860,57.732754,55.177631,55.106037
1,9.800000,2,1,0.770896,-0.478152,53.751133,54.288692,54.633476
3,9.800000,4,3,0.000000,1.216860,55.472889,56.353821,55.076607
0,9.800000,0,1,0.000017,-0.478152,54.376049,55.104488,54.764763
2,10.000000,2,3,0.791027,1.200463,52.860161,55.037354,55.168106
1,10.000000,2,1,0.791027,-0.468001,54.191124,54.511906,54.615696
3,10.000000,4,3,0.000000,1.200463,55.058197,53.965755,55.048553
0,10.000000,0,1,0.000018,-0.468001,53.056343,54.908215,54.746895
2,10.200000,2,3,0.799792,1.223972,54.395573,55.609917,55.143097
1,10.200000,2,1,0.799792,-0.468001,57.594234,54.298359,54.600060
3,10.200000,4,3,0.000000,1.223972,54.623981,53.925716,55.088753
0,10.200000,0,1,0.000018,-0.468001,52.164089,54.849739,54.746895
2,10.400000,2,3,0.811975,1.252772,51.333069,55.392612,55.114838
1,10.400000,2,1,0.811975,-0.453112,52.778206,54.478294,54.604889
3,10.400000,4,3,0.000000,1.252772,60.975338,56.520386,55.137794
0,10.400000,0,1,0.000018,-0.453112,48.528118,54.551064,54.720642
2,10.600000,2,3,0.821658,1.239576,50.250992,54.921856,55.153725
1,10.600000,2,1,0.821658,-0.441784,58.424580,54.523289,54.607826
3,10.600000,4,3,0.000000,1.239576,57.249664,54.926800,55.115349
0,10.600000,0,1,0.000019,-0.441784,54.425350,54.568264,54.700623
2,10.800000,2,3,0.831340,1.252415,53.413029,54.698109,55.148369
1,10.800000,2,1,0.831340,-0.438362,51.876534,54.894413,54.596649
3,10.800000,4,3,0.000000,1.252415,60.959610,53.595055,55.137188
0,10.800000,0,1,0.000019,-0.438362,51.945217,54.371613,54.694565
2,11.000000,2,3,0.831341,1.291536,51.942215,54.853813,55.081757
1,11.000000,2,1,0.831341,-0.422874,51.526497,55.285038,54.624275
3,11.000000,4,3,0.000000,1.291536,57.344265,55.645802,55.203453
0,11.000000,0,1,0.000019,-0.422874,56.160046,54.659977,54.667122
2,11.200000,2,3,0.831341,1.268546,58.921284,55.301929,55.120953
1,11.200000,2,1,0.831341,-0.414844,57.268803,55.462780,54.638569
3,11.200000,4,3,0.000000,1.268546,58.461021,54.975143,55.164558
0,11.200000,0,1,0.000020,-0.414844,55.290455,54.717411,54.652866
2,11.400000,2,3,0.814245,1.259700,60.953144,55.714756,55.106903
1,11.400000,2,1,0.814245,-0.410400,51.749214,55.164383,54.676819
3,11.400000,4,3,0.000000,1.259700,49.558163,56.218052,55.149559
0,11.400000,0,1,0.000020,-0.410400,59.672489,54.703205,54.644966
2,11.600000,2,3,0.797149,1.236657,53.921696,55.898041,55.117035
1,11.600000,2,1,0.797149,-0.402139,58.889526,55.341843,54.721680
3,11.600000,4,3,0.000000,1.236657,57.606384,55.459690,55.110382
0,11.600000,0,1,0.000021,-0.402139,53.176342,54.485352,54.630272
2,11.800000,2,3,0.781299,1.210595,58.837513,55.414921,55.134403
1,11.800000,2,1,0.781299,-0.393877,52.740318,54.985828,54.764168
3,11.800000,4,3,0.000000,1.210595,54.753490,55.820679,55.065895
0,11.800000,0,1,0.000021,-0.393877,52.728561,54.836460,54.615551
2,12.000000,2,3,0.773946,1.167787,55.838123,55.431248,55.194496
1,12.000000,2,1,0.773946,-0.387451,50.898575,55.303543,54.788372
3,12.000000,4,3,0.000000,1.167787,51.962921,54.719963,54.992432
0,12.000000,0,1,0.000021,-0.387451,56.057274,55.297497,54.604088
2,12.200000,2,3,0.755444,1.158216,58.167534,55.430061,55.179390
1,12.200000,2,1,0.755444,-0.383294,57.291035,55.691895,54.828056
3,12.200000,4,3,0.000000,1.158216,52.104057,57.199131,54.975941
0,12.200000,0,1,0.000022,-0.383294,51.270973,55.059620,54.596668
2,12.400000,2,3,0.736966,1.122270,52.674614,54.957664,55.208916
1,12.400000,2,1,0.736966,-0.386309,52.747219,55.664658,54.855057
3,12.400000,4,3,0.000000,1.122270,50.400200,55.793468,54.913773
0,12.400000,0,1,0.000022,-0.386309,54.744820,55.305443,54.602055
2,12.600000,2,3,0.709048,1.100267,58.525574,55.525600,55.198929
1,12.600000,2,1,0.709048,-0.389325,55.502304,55.664917,54.898396
3,12.600000,4,3,0.000000,1.100267,57.958969,53.449017,54.875542
0,12.600000,0,1,0.000022,-0.389325,48.559414,54.836544,54.607437
2,12.800000,2,3,0.696889,1.113387,56.443848,55.157715,55.156132
1,12.800000,2,1,0.696889,-0.389325,53.362259,55.468575,54.919495
3,12.800000,4,3,0.000000,1.113387,54.584999,53.876083,54.898354
0,12.800000,0,1,0.000023,-0.389325,60.339512,53.907021,54.607437
2,13.000000,2,3,0.696889,1.105843,52.640518,55.053471,55.168922
1,13.000000,2,1,0.696889,-0.384491,55.937229,55.954319,54.927872
3,13.000000,4,3,0.000000,1.105843,56.038963,53.901283,54.885246
0,13.000000,0,1,0.000023,-0.384491,53.590195,54.577663,54.598808
2,13.200000,2,3,0.696889,1.102777,56.461876,55.159367,55.174118
1,13.200000,2,1,0.696889,-0.395773,51.979050,55.898399,54.908310
3,13.200000,4,3,0.000000,1.102777,53.657429,53.669910,54.879910
0,13.200000,0,1,0.000023,-0.395773,52.877640,54.200920,54.618935
2,13.400000,2,3,0.701414,1.115712,50.570454,54.918587,55.159866
1,13.400000,2,1,0.701414,-0.410128,55.205509,56.464787,54.875496
3,13.400000,4,3,0.000000,1.115712,57.111725,54.012531,54.902390
0,13.400000,0,1,0.000024,-0.410128,54.020138,54.517277,54.644493
2,13.600000,2,3,0.731384,1.127456,61.330914,55.463867,55.190727
1,13.600000,2,1,0.731384,-0.424484,60.514297,56.214539,54.798065
3,13.600000,4,3,0.000000,1.127456,52.990040,55.944786,54.922764
0,13.600000,0,1,0.000024,-0.424484,58.058929,54.506336,54.669983
2,13.800000,2,3,0.748051,1.100515,52.506271,55.267803,55.264206
1,13.800000,2,1,0.748051,-0.438955,55.375412,56.145020,54.743343
3,13.800000,4,3,0.000000,1.100515,57.504387,54.956673,54.875977
0,13.800000,0,1,0.000024,-0.438955,55.405117,53.835659,54.695625
2,14.000000,2,3,0.764718,1.095326,53.934383,55.360233,55.300850
1,14.000000,2,1,0.764718,-0.431104,57.344658,55.644840,54.727798
3,14.000000,4,3,0.000000,1.095326,57.773273,55.041843,54.866940
0,14.000000,0,1,0.000025,-0.431104,58.569748,53.786179,54.681725
2,14.200000,2,3,0.764719,1.095327,49.607487,54.570351,55.300850
1,14.200000,2,1,0.764719,-0.423253,54.441044,55.245247,54.741638
3,14.200000,4,3,0.000000,1.095327,51.668953,54.983955,54.866940
0,14.200000,0,1,0.000025,-0.423253,55.779430,53.395061,54.667805
2,14.400000,2,3,0.777164,1.092816,52.838463,54.406513,55.325855
1,14.400000,2,1,0.777164,-0.411495,52.483002,55.501690,54.740433
3,14.400000,4,3,0.000000,1.092816,50.576286,54.533691,54.862564
0,14.400000,0,1,0.000026,-0.411495,54.433914,52.840630,54.646923
2,14.600000,2,3,0.779514,1.112743,57.009029,54.910328,55.296463
1,14.600000,2,1,0.779514,-0.402630,53.353848,56.068451,54.751907
3,14.600000,4,3,0.000000,1.112743,55.223618,55.550804,54.897236
0,14.600000,0,1,0.000026,-0.402630,59.404739,53.006931,54.631157
2,14.800000,2,3,0.781864,1.077007,52.706978,54.071697,55.360046
1,14.800000,2,1,0.781864,-0.406204,56.753231,56.112774,54.741470
3,14.800000,4,3,0.000000,1.077007,59.730068,53.915894,54.834984
0,14.800000,0,1,0.000026,-0.406204,56.351933,52.952454,54.637512
2,15.000000,2,3,0.812791,1.087251,57.896233,54.931488,55.394424
1,15.000000,2,1,0.812791,-0.418726,57.401375,55.865162,54.664631
3,15.000000,4,3,0.000000,1.087251,54.062973,54.434074,54.852863
0,15.000000,0,1,0.000027,-0.418726,52.046154,53.255016,54.659775
2,15.200000,2,3,0.817441,1.097149,55.338863,55.504562,55.385712
1,15.200000,2,1,0.817441,-0.434233,56.682877,54.995083,54.628799
3,15.200000,4,3,0.000000,1.097149,56.838017,54.978863,54.870117
0,15.200000,0,1,0.000027,-0.434233,57.958206,53.168571,54.687271
2,15.400000,2,3,0.806812,1.097150,59.168465,55.689583,55.368046
1,15.400000,2,1,0.806812,-0.408899,55.163391,54.397953,54.692650
3,15.400000,4,3,0.000000,1.097150,54.762680,55.461323,54.870117
0,15.400000,0,1,0.000027,-0.408899,52.062462,53.136078,54.642311
2,15.600000,2,3,0.786368,1.088580,57.491913,55.639549,55.348274
1,15.600000,2,1,0.786368,-0.377885,57.062462,54.446510,54.783356
3,15.600000,4,3,0.000000,1.088580,55.606129,54.987625,54.855179
0,15.600000,0,1,0.000028,-0.377885,55.795563,53.422287,54.587013
2,15.800000,2,3,0.783632,1.091807,55.380791,55.584881,55.338333
1,15.800000,2,1,0.783632,-0.347832,58.491798,55.550709,54.840767
3,15.800000,4,3,0.000000,1.091807,52.651073,55.573910,54.860809
0,15.800000,0,1,0.000028,-0.347832,55.770931,53.297523,54.533165
2,16.000000,2,3,0.783633,1.088561,51.876320,56.123882,55.343750
1,16.000000,2,1,0.783633,-0.337658,53.417271,55.139359,54.858517
3,16.000000,4,3,0.000000,1.088561,51.222633,56.035660,54.855148
0,16.000000,0,1,0.000028,-0.337658,55.603325,53.805912,54.514870
2,16.200000,2,3,0.760340,1.076871,52.810989,56.434189,55.324387
1,16.200000,2,1,0.760340,-0.331993,53.587158,55.884151,54.908882
3,16.200000,4,3,0.000000,1.076871,57.151810,53.538933,54.834743
0,16.200000,0,1,0.000029,-0.331993,60.749939,53.361649,54.504673
2,16.400000,2,3,0.734374,1.104193,56.925282,56.106930,55.235023
1,16.400000,2,1,0.734374,-0.349815,53.506443,55.351723,54.923004
3,16.400000,4,3,0.000000,1.104193,48.719212,54.527168,54.882370
0,16.400000,0,1,0.000029,-0.349815,54.046829,52.551186,54.536728
2,16.600000,2,3,0.708408,1.116241,50.206520,55.731148,55.170822
1,16.600000,2,1,0.708408,-0.361281,54.466106,55.711620,54.948105
3,16.600000,4,3,0.000000,1.116241,60.099281,55.555515,54.903313
0,16.600000,0,1,0.000029,-0.361281,56.406799,52.510590,54.557297
2,16.800000,2,3,0.672921,1.108935,53.520535,55.570259,55.122978
1,16.800000,2,1,0.672921,-0.379626,52.731213,55.971603,54.977703
3,16.800000,4,3,0.000000,1.108935,56.581459,54.500538,54.890621
0,16.800000,0,1,0.000030,-0.379626,51.588020,52.504101,54.590134
2,17.000000,2,3,0.642439,1.105432,59.241631,55.518208,55.076981
1,17.000000,2,1,0.642439,-0.418513,62.431011,55.821598,54.963200
3,17.000000,4,3,0.000000,1.105432,54.785397,54.650177,54.884529
0,17.000000,0,1,0.000030,-0.418513,52.978706,52.806515,54.659401
2,17.200000,2,3,0.620379,1.097198,54.798843,55.112415,55.053329
1,17.200000,2,1,0.620379,-0.436256,60.745529,55.701763,54.970650
3,17.200000,4,3,0.000000,1.097198,49.424774,54.127754,54.870201
0,17.200000,0,1,0.000030,-0.436256,50.110935,52.633469,54.690857
2,17.400000,2,3,0.622576,1.103259,53.345963,54.497627,55.046715
1,17.400000,2,1,0.622576,-0.451561,58.944290,55.723110,54.940411
3,17.400000,4,3,0.000000,1.103259,53.012997,55.158218,54.880749
0,17.400000,0,1,0.000031,-0.451561,55.496792,53.066475,54.717926
2,17.600000,2,3,0.622577,1.114459,54.546474,54.650383,55.027508
1,17.600000,2,1,0.622577,-0.462171,55.525383,55.673195,54.922035
3,17.600000,4,3,0.000000,1.114459,54.607876,52.783924,54.900215
0,17.600000,0,1,0.000031,-0.462171,56.180664,53.193207,54.736649
2,17.800000,2,3,0.618737,1.149841,57.637711,54.533936,54.959976
1,17.800000,2,1,0.618737,-0.467629,53.425457,54.999416,54.919231
3,17.800000,4,3,0.000000,1.149841,55.342960,55.024162,54.961487
0,17.800000,0,1,0.000032,-0.467629,53.183414,53.453671,54.746265
2,18.000000,2,3,0.632379,1.146664,57.361794,54.146305,54.988983
1,18.000000,2,1,0.632379,-0.455665,57.157982,54.876659,54.916321
3,18.000000,4,3,0.000000,1.146664,52.099434,53.884998,54.956001
0,18.000000,0,1,0.000032,-0.455665,53.975597,53.674423,54.725174
2,18.200000,2,3,0.643941,1.169292,52.729492,54.251793,54.969910
1,18.200000,2,1,0.643941,-0.439831,60.444633,54.645435,54.923729
3,18.200000,4,3,0.000000,1.169292,56.245506,55.302254,54.995026
0,18.200000,0,1,0.000032,-0.439831,55.186657,53.448532,54.697189
2,18.400000,2,3,0.668050,1.138358,54.707527,54.648201,55.064476
1,18.400000,2,1,0.668050,-0.419052,57.547005,53.787128,54.917953
3,18.400000,4,3,0.000000,1.138358,57.385666,53.688725,54.941643
0,18.400000,0,1,0.000033,-0.419052,53.402664,53.244850,54.660362
2,18.600000,2,3,0.677250,1.145639,51.428673,54.588249,55.067757
1,18.600000,2,1,0.677250,-0.381350,54.091000,53.998161,54.967262
3,18.600000,4,3,0.000000,1.145639,52.467045,54.828678,54.954231
0,18.600000,0,1,0.000033,-0.381350,57.946060,53.279770,54.593216
2,18.800000,2,3,0.687642,1.145640,57.617397,53.901554,55.085510
1,18.800000,2,1,0.687642,-0.357943,57.184433,54.364235,54.989700
3,18.800000,4,3,0.000000,1.145640,53.423805,54.692139,54.954231
0,18.800000,0,1,0.000033,-0.357943,57.131050,53.098293,54.551323
2,19.000000,2,3,0.703270,1.148975,51.196877,53.942562,55.106476
1,19.000000,2,1,0.703270,-0.345056,57.023300,54.649593,54.984978
3,19.000000,4,3,0.000000,1.148975,55.870289,54.576839,54.959991
0,19.000000,0,1,0.000034,-0.345056,54.768490,53.968372,54.528183
2,19.200000,2,3,0.705406,1.139622,55.803940,54.421726,55.126038
1,19.200000,2,1,0.705406,-0.337740,49.977547,55.631668,54.993904
3,19.200000,4,3,0.000000,1.139622,56.520260,55.111889,54.943825
0,19.200000,0,1,0.000034,-0.337740,51.265022,53.865818,54.515030
2,19.400000,2,3,0.711505,1.113849,52.385616,54.565510,55.180115
1,19.400000,2,1,0.711505,-0.321263,55.110149,55.459213,55.011757
3,19.400000,4,3,0.000000,1.113849,57.220947,55.964497,54.899155
0,19.400000,0,1,0.000034,-0.321263,54.701378,54.147785,54.485344
2,19.600000,2,3,0.717605,1.070794,49.877335,54.554119,55.262989
1,19.600000,2,1,0.717605,-0.306783,52.163101,55.333481,55.026150
3,19.600000,4,3,0.000000,1.070794,56.950573,53.759853,54.824120
0,19.600000,0,1,0.000035,-0.306783,45.872559,54.334316,54.459183
2,19.800000,2,3,0.726155,1.095783,58.405266,54.300484,55.235344
1,19.800000,2,1,0.726155,-0.306783,52.305649,55.892731,55.011463
3,19.800000,4,3,0.000000,1.095783,50.745644,55.705959,54.867737
0,19.800000,0,1,0.000035,-0.306783,50.564964,54.647453,54.459183
2,20.000000,2,3,0.744390,1.066419,58.327217,54.686474,55.315201
1,20.000000,2,1,0.744390,-0.306783,56.719189,55.129364,54.980072
3,20.000000,4,3,0.000000,1.066419,56.065174,55.047020,54.816467
0,20.000000,0,1,0.000035,-0.306783,54.277714,55.148853,54.459183
2,20.200000,2,3,0.762626,1.082937,59.507114,55.159168,55.318069
1,20.200000,2,1,0.762626,-0.291227,54.292629,55.341187,54.975449
3,20.200000,4,3,0.000000,1.082937,57.187737,53.444405,54.845337
0,20.200000,0,1,0.000036,-0.291227,50.560154,55.870724,54.431015
2,20.400000,2,3,0.765063,1.100892,55.732788,55.199314,55.292107
1,20.400000,2,1,0.765063,-0.276155,54.394302,55.346401,54.997223
3,20.400000,4,3,0.000000,1.100892,55.566166,56.280907,54.876633
0,20.400000,0,1,0.000036,-0.276155,53.960396,55.739315,54.403648
2,20.600000,2,3,0.765063,1.091106,50.281952,56.293587,55.308491
1,20.600000,2,1,0.765063,-0.268238,56.042873,56.000961,55.010841
3,20.600000,4,3,0.000000,1.091106,52.501152,57.021477,54.859585
0,20.600000,0,1,0.000037,-0.268238,55.145802,55.739998,54.389248
2,20.800000,2,3,0.737431,1.052898,54.699150,56.172668,55.326164
1,20.800000,2,1,0.737431,-0.273852,53.981640,56.536407,55.048622
3,20.800000,4,3,0.000000,1.052898,57.562614,55.207249,54.792778
0,20.800000,0,1,0.000037,-0.273852,52.139282,56.233971,54.399464
2,21.000000,2,3,0.722983,1.047471,57.415283,55.713017,55.311089
1,21.000000,2,1,0.722983,-0.284604,53.495533,56.547829,55.054955
3,21.000000,4,3,0.000000,1.047471,53.580826,55.375885,54.783257
0,21.000000,0,1,0.000037,-0.284604,50.551723,56.222729,54.418999
2,21.200000,2,3,0.710511,1.051594,52.894234,56.400436,55.283306
1,21.200000,2,1,0.710511,-0.295356,54.450733,56.171440,55.057896
3,21.200000,4,3,0.000000,1.051594,55.747395,54.181137,54.790489
0,21.200000,0,1,0.000038,-0.295356,55.982315,56.064972,54.438499
2,21.400000,2,3,0.696695,1.074213,51.833565,56.657146,55.222050
1,21.400000,2,1,0.696695,-0.295356,55.542492,55.778347,55.081520
3,21.400000,4,3,0.000000,1.074213,51.523071,55.900261,54.830101
0,21.400000,0,1,0.000038,-0.295356,52.741982,55.420982,54.438499
2,21.600000,2,3,0.687572,1.074214,54.350906,55.712536,55.206657
1,21.600000,2,1,0.687572,-0.282293,53.420898,55.581558,55.119347
3,21.600000,4,3,0.000000,1.074214,53.278038,55.585537,54.830101
0,21.600000,0,1,0.000038,-0.282293,54.999378,55.446049,54.414806
2,21.800000,2,3,0.707813,1.068507,59.795845,55.594288,55.250378
1,21.800000,2,1,0.707813,-0.267468,51.775990,55.115139,55.110123
3,21.800000,4,3,0.000000,1.068507,60.224148,54.228485,54.820122
0,21.800000,0,1,0.000039,-0.267468,53.303711,54.526340,54.387848
2,22.000000,2,3,0.728575,1.090240,50.102013,55.112087,55.248749
1,22.000000,2,1,0.728575,-0.246415,51.804718,55.066410,55.110619
3,22.000000,4,3,0.000000,1.090240,54.306915,53.655003,54.858078
0,22.000000,0,1,0.000039,-0.246415,49.198116,54.236580,54.349453
2,22.200000,2,3,0.736899,1.127713,56.130375,54.197166,55.199608
1,22.200000,2,1,0.736899,-0.233330,59.566597,55.351933,55.118725
3,22.200000,4,3,0.000000,1.127713,51.924458,54.938133,54.923210
0,22.200000,0,1,0.000039,-0.233330,54.572414,53.833099,54.325523
2,22.400000,2,3,0.764858,1.123369,58.317291,54.354111,55.254051
1,22.400000,2,1,0.764858,-0.233330,56.948212,54.598301,55.071030
3,22.400000,4,3,0.000000,1.123369,56.895672,55.409504,54.915680
0,22.400000,0,1,0.000040,-0.233330,54.934544,54.063313,54.325523
2,22.600000,2,3,0.796977,1.119319,57.708599,54.359470,55.314678
1,22.600000,2,1,0.796977,-0.210270,53.009716,54.308571,55.055534
3,22.600000,4,3,0.000000,1.119319,56.244576,54.797039,54.908653
0,22.600000,0,1,0.000040,-0.210270,58.085175,53.907246,54.283218
2,22.800000,2,3,0.829096,1.142692,59.047264,55.129868,55.329288
1,22.800000,2,1,0.829096,-0.180560,56.681908,54.523899,55.051411
3,22.800000,4,3,0.000000,1.142692,51.489861,53.033432,54.949135
0,22.800000,0,1,0.000040,-0.180560,55.183289,54.205696,54.228466
2,23.000000,2,3,0.839606,1.205223,55.280308,55.800640,55.242096
1,23.000000,2,1,0.839606,-0.173535,50.219429,55.308765,55.045441
3,23.000000,4,3,0.000000,1.205223,57.411156,54.581635,55.056705
0,23.000000,0,1,0.000041,-0.173535,57.056572,54.052631,54.215477
2,23.200000,2,3,0.835103,1.262488,57.670456,55.157013,55.137650
1,23.200000,2,1,0.835103,-0.169332,50.263634,55.175747,55.060349
3,23.200000,4,3,0.000000,1.262488,60.604736,55.815792,55.154289
0,23.200000,0,1,0.000041,-0.169332,51.240585,53.392582,54.207703
2,23.400000,2,3,0.843428,1.258026,53.581234,55.111820,55.159355
1,23.400000,2,1,0.843428,-0.175008,55.045773,55.664829,55.036362
3,23.400000,4,3,0.000000,1.258026,48.935822,54.938141,55.146713
0,23.400000,0,1,0.000041,-0.175008,50.334167,54.456886,54.218208
2,23.600000,2,3,0.849147,1.262795,56.904541,54.853333,55.160965
1,23.600000,2,1,0.849147,-0.191152,52.370815,55.940666,54.998802
3,23.600000,4,3,0.000000,1.262795,60.135704,56.820751,55.154808
0,23.600000,0,1,0.000042,-0.191152,53.935555,54.734879,54.248020
2,23.800000,2,3,0.857892,1.236466,53.196583,55.184387,55.220268
1,23.800000,2,1,0.857892,-0.228913,58.177841,56.132122,54.918468
3,23.800000,4,3,0.000000,1.236466,60.471989,55.563862,55.110054
0,23.800000,0,1,0.000042,-0.228913,53.722065,54.729416,54.317436
2,24.000000,2,3,0.844647,1.260131,58.719151,55.619995,55.157852
1,24.000000,2,1,0.844647,-0.266675,55.593704,55.899475,54.875881
3,24.000000,4,3,0.000000,1.260131,55.464512,54.877022,55.150291
0,24.000000,0,1,0.000043,-0.266675,61.006317,54.814270,54.386414
2,24.200000,2,3,0.821553,1.269052,54.582321,55.924114,55.103424
1,24.200000,2,1,0.821553,-0.299520,56.315311,56.208225,54.858894
3,24.200000,4,3,0.000000,1.269052,53.268238,55.009087,55.165421
0,24.200000,0,1,0.000043,-0.299520,54.509678,54.344643,54.446053
2,24.400000,2,3,0.803012,1.279547,52.738750,55.567669,55.053818
1,24.400000,2,1,0.803012,-0.354651,55.846424,56.544067,54.794922
3,24.400000,4,3,0.000000,1.279547,57.111542,55.787876,55.183189
0,24.400000,0,1,0.000043,-0.354651,52.497562,53.705433,54.545433
2,24.600000,2,3,0.784471,1.269028,54.277191,55.089542,55.040073
1,24.600000,2,1,0.784471,-0.389820,53.807549,56.009258,54.765724
3,24.600000,4,3,0.000000,1.269028,51.495838,54.784790,55.165375
0,24.600000,0,1,0.000044,-0.389820,53.009010,53.825394,54.608356
2,24.800000,2,3,0.766454,1.269028,53.945930,54.753437,55.009140
1,24.800000,2,1,0.766454,-0.453360,57.587944,56.827190,54.685383
3,24.800000,4,3,0.000000,1.269028,55.240593,55.039246,55.165375
0,24.800000,0,1,0.000044,-0.453360,51.843651,54.011944,54.721123
2,25.000000,2,3,0.759505,1.269028,58.972527,54.922344,54.997185
1,25.000000,2,1,0.759505,-0.494091,55.416031,56.382889,54.625378
3,25.000000,4,3,0.000000,1.269028,50.632942,56.069489,55.165379
0,25.000000,0,1,0.000044,-0.494091,52.895920,54.845684,54.792801
2,25.200000,2,3,0.759505,1.251137,54.789371,55.595837,55.027939
1,25.200000,2,1,0.759505,-0.512048,57.001228,55.632336,54.593346
3,25.200000,4,3,0.000000,1.251137,53.835915,56.544815,55.135017
0,25.200000,0,1,0.000045,-0.512048,60.520325,54.973927,54.824249
2,25.400000,2,3,0.741086,1.215547,62.017067,54.463776,55.057365
1,25.400000,2,1,0.741086,-0.530006,55.144989,55.456745,54.594170
3,25.400000,4,3,0.000000,1.215547,59.011406,56.407589,55.074364
0,25.400000,0,1,0.000045,-0.530006,51.212646,54.870274,54.855614
2,25.600000,2,3,0.758481,1.236657,60.453056,54.200165,55.051006
1,25.600000,2,1,0.758481,-0.537916,56.327282,55.133575,54.548870
3,25.600000,4,3,0.000000,1.236657,54.598991,55.072876,55.110382
0,25.600000,0,1,0.000045,-0.537916,59.180630,55