0,0.200000,1,0,0.000000,0.000000,58.749268,NaN,56.677505
1,0.200000,1,2,0.000000,0.000000,58.040325,NaN,58.489014
3,0.200000,4,3,0.000000,0.000000,45.927593,45.861309,46.337864
2,0.200000,3,2,0.000000,0.000000,56.208157,NaN,54.623550
0,0.400000,1,0,0.000001,0.000001,54.774525,NaN,56.677505
1,0.400000,1,2,0.000001,0.000001,54.871441,NaN,58.489014
3,0.400000,4,3,0.000000,0.000001,46.231033,46.157921,46.337864
2,0.400000,3,2,0.000001,0.000001,55.006191,NaN,54.623550
0,0.600000,1,0,0.000001,0.000001,61.337627,56.637550,56.677505
1,0.600000,1,2,0.000001,0.000001,64.679184,62.752586,58.489014
3,0.600000,4,3,0.000000,0.109537,49.366325,45.720051,46.748512
2,0.600000,3,2,0.109537,0.000001,53.258041,56.379639,54.426636
0,0.800000,1,0,-0.202244,0.000001,52.334316,55.809177,56.971684
1,0.800000,1,2,-0.202244,0.024102,58.714664,57.665150,58.202827
3,0.800000,4,3,0.000000,0.230146,50.454231,47.414017,47.183395
2,0.800000,3,2,0.230146,0.024102,55.704353,55.056499,54.250137
0,1.000000,1,0,-0.282735,0.000002,60.080574,59.356323,57.086578
1,1.000000,1,2,-0.282735,0.090513,57.173351,59.344055,58.012970
3,1.000000,4,3,0.000000,0.342994,51.747856,47.755043,47.575111
2,1.000000,3,2,0.342994,0.090513,56.554230,54.440620,54.164177
0,1.200000,1,0,-0.342341,0.000002,57.322865,58.743786,57.170887
1,1.200000,1,2,-0.342341,0.175512,58.715858,58.934139,57.822784
3,1.200000,4,3,0.000000,0.438987,46.261166,47.612469,47.897545
2,1.200000,3,2,0.438987,0.175512,52.837849,54.354546,54.143723
0,1.400000,1,0,-0.393029,0.000002,48.201839,58.491776,57.242069
1,1.400000,1,2,-0.393029,0.257573,55.654045,58.099403,57.645203
3,1.400000,4,3,0.000000,0.528459,50.509521,49.181751,48.189693
2,1.400000,3,2,0.528459,0.257573,51.175304,55.520954,54.129917
0,1.600000,1,0,-0.408475,0.000003,58.453609,57.894009,57.263668
1,1.600000,1,2,-0.408475,0.339634,58.948902,57.069324,57.512894
3,1.600000,4,3,0.000000,0.600520,45.387955,49.129055,48.419411
2,1.600000,3,2,0.600520,0.339634,57.391556,54.022591,54.148544
0,1.800000,1,0,-0.447022,0.000003,58.165043,58.790928,57.317383
1,1.800000,1,2,-0.447022,0.424137,61.691093,58.155155,57.343586
3,1.800000,4,3,0.000000,0.672126,53.733261,48.285652,48.642960
2,1.800000,3,2,0.672126,0.424137,49.405312,54.646183,54.172523
0,2.000000,1,0,-0.479317,0.000004,64.618156,59.726391,57.362183
1,2.000000,1,2,-0.479317,0.487701,57.780224,57.469795,57.209839
3,2.000000,4,3,0.000000,0.747969,43.957993,49.406101,48.874825
2,2.000000,3,2,0.747969,0.487701,59.588951,54.816738,54.149693
0,2.200000,1,0,-0.502654,0.000004,55.382339,60.127266,57.394440
1,2.200000,1,2,-0.502654,0.563820,54.947918,57.238350,57.069309
3,2.200000,4,3,0.000000,0.803602,46.699730,49.714035,49.041809
2,2.200000,3,2,0.803602,0.563820,54.399364,54.941547,54.187752
0,2.400000,1,0,-0.525181,0.000004,60.361588,60.011639,57.425491
1,2.400000,1,2,-0.525181,0.634752,58.658466,57.541523,56.935570
3,2.400000,4,3,0.000000,0.855048,47.201580,49.107197,49.193977
2,2.400000,3,2,0.855048,0.634752,49.235703,54.990147,54.223824
0,2.600000,1,0,-0.544435,0.000005,56.939102,59.855820,57.451958
1,2.600000,1,2,-0.544435,0.705684,54.881382,57.081814,56.804939
3,2.600000,4,3,0.000000,0.917747,49.541996,49.742966,49.376587
2,2.600000,3,2,0.917747,0.705684,53.410038,54.502216,54.239033
0,2.800000,1,0,-0.559232,0.000005,63.008030,59.263523,57.472252
1,2.800000,1,2,-0.559232,0.765786,53.504898,57.416672,56.695244
3,2.800000,4,3,0.000000,0.981428,46.954605,50.283291,49.558968
2,2.800000,3,2,0.981428,0.765786,52.460648,55.070629,54.232426
0,3.000000,1,0,-0.581044,0.000005,60.479542,58.434570,57.502102
1,3.000000,1,2,-0.581044,0.810029,61.693031,56.551559,56.597572
3,3.000000,4,3,0.000000,1.039723,52.335533,48.771965,49.723282
2,3.000000,3,2,1.039723,0.810029,53.346897,54.874931,54.206444
0,3.200000,1,0,-0.576878,0.000006,60.598347,58.511528,57.496407
1,3.200000,1,2,-0.576878,0.838686,53.867706,56.732265,56.561134
3,3.200000,4,3,0.000000,1.138990,51.829544,48.977444,49.997478
2,3.200000,3,2,1.138990,0.838686,49.617069,54.973457,54.074928
0,3.400000,1,0,-0.584477,0.000006,63.717472,59.203835,57.506794
1,3.400000,1,2,-0.584477,0.876001,52.893009,56.443642,56.493988
3,3.400000,4,3,0.000000,1.229721,51.573421,49.523422,50.242184
2,3.400000,3,2,1.229721,0.876001,55.196220,54.538960,53.974377
0,3.600000,1,0,-0.600520,0.000006,51.304359,59.082085,57.528687
1,3.600000,1,2,-0.600520,0.922572,53.116348,55.894127,56.399689
3,3.600000,4,3,0.000000,1.293213,49.926571,50.049980,50.410202
2,3.600000,3,2,1.293213,0.922572,51.592197,54.444149,53.942329
0,3.800000,1,0,-0.581467,0.000007,57.592720,58.678387,57.502682
1,3.800000,1,2,-0.581467,0.969142,54.448013,55.513775,56.357986
3,3.800000,4,3,0.000000,1.339262,49.403545,51.103470,50.530457
2,3.800000,3,2,1.339262,0.969142,53.273548,53.998356,53.943314
0,4.000000,1,0,-0.562413,0.000007,57.897003,58.079308,57.476616
1,4.000000,1,2,-0.562413,1.006337,61.149441,55.925835,56.330402
3,4.000000,4,3,0.000000,1.375254,48.103195,50.867188,50.623528
2,4.000000,3,2,1.375254,1.006337,53.023254,54.175087,53.945595
0,4.200000,1,0,-0.553391,0.000007,56.260147,57.927799,57.464249
1,4.200000,1,2,-0.553391,1.046863,56.349178,55.718330,56.282337
3,4.200000,4,3,0.000000,1.407946,48.944489,51.388504,50.707382
2,4.200000,3,2,1.407946,1.046863,60.103104,53.951664,53.960442
0,4.400000,1,0,-0.555928,0.000008,57.033688,58.461468,57.467728
1,4.400000,1,2,-0.555928,1.091780,53.789463,55.572891,56.209534
3,4.400000,4,3,0.000000,1.437345,46.089417,49.844421,50.782242
2,4.400000,3,2,1.437345,1.091780,52.169609,54.575115,53.989788
0,4.600000,1,0,-0.558464,0.000008,52.389694,58.200588,57.471207
1,4.600000,1,2,-0.558464,1.138309,56.717556,56.042622,56.133739
3,4.600000,4,3,0.000000,1.495075,50.077679,52.521824,50.927750
2,4.600000,3,2,1.495075,1.138309,58.412884,54.589031,53.968613
0,4.800000,1,0,-0.569544,0.000008,53.419624,58.167496,57.486382
1,4.800000,1,2,-0.569544,1.176393,55.082397,56.551891,56.057259
3,4.800000,4,3,0.000000,1.512071,48.276043,50.817890,50.970219
2,4.800000,3,2,1.512071,1.176393,55.814053,55.012371,54.008446
0,5.000000,1,0,-0.594898,0.000009,57.837532,57.821167,57.521023
1,5.000000,1,2,-0.594898,1.213545,57.018921,57.238075,55.959240
3,5.000000,4,3,0.000000,1.560731,55.389313,52.073589,51.090904
2,5.000000,3,2,1.560731,1.213545,52.894138,54.922947,53.986725
0,5.200000,1,0,-0.628768,0.000009,57.668232,58.144321,57.567131
1,5.200000,1,2,-0.628768,1.233989,60.494461,56.448235,55.873341
3,5.200000,4,3,0.000000,1.589528,47.908520,51.353661,51.161697
2,5.200000,3,2,1.589528,1.233989,53.719925,54.905521,53.970932
0,5.400000,1,0,-0.598675,0.000010,54.459042,58.038990,57.526176
1,5.400000,1,2,-0.598675,1.266515,48.330349,55.578026,55.869476
3,5.400000,4,3,0.000000,1.640816,59.123466,50.856262,51.286648
2,5.400000,3,2,1.640816,1.266515,57.464775,54.297409,53.935383
0,5.600000,1,0,-0.565548,0.000010,60.275406,57.866535,57.480911
1,5.600000,1,2,-0.565548,1.304481,55.873001,55.599461,55.861786
3,5.600000,4,3,0.000000,1.692356,47.029644,52.632656,51.410782
2,5.600000,3,2,1.692356,1.304481,57.799065,54.488155,53.909588
0,5.800000,1,0,-0.537034,0.000010,58.543953,57.324001,57.441799
1,5.800000,1,2,-0.537034,1.351791,54.741329,56.260532,55.831871
3,5.800000,4,3,0.000000,1.728684,54.343216,50.986687,51.497433
2,5.800000,3,2,1.728684,1.351791,52.937511,54.466427,53.930462
0,6.000000,1,0,-0.508521,0.000011,58.182003,57.437943,57.402546
1,6.000000,1,2,-0.508521,1.410954,57.861183,55.774235,55.782909
3,6.000000,4,3,0.000000,1.784617,45.540070,51.373379,51.629509
2,6.000000,3,2,1.784617,1.410954,46.995789,55.197479,53.936592
0,6.200000,1,0,-0.458566,0.000011,62.578709,56.864365,57.333427
1,6.200000,1,2,-0.458566,1.455525,63.604252,55.727821,55.791527
3,6.200000,4,3,0.000000,1.826645,50.721378,51.796413,51.727707
2,6.200000,3,2,1.826645,1.455525,60.062714,55.253429,53.941414
0,6.400000,1,0,-0.408611,0.000011,57.271046,56.927544,57.263870
1,6.400000,1,2,-0.408611,1.507427,52.766926,55.501411,55.788410
3,6.400000,4,3,0.000000,1.877533,54.181015,51.317123,51.845428
2,6.400000,3,2,1.877533,1.507427,53.589867,54.998474,53.943340
0,6.600000,1,0,-0.364998,0.000012,59.287205,57.364983,57.202774
1,6.600000,1,2,-0.364998,1.561145,52.508312,55.738556,55.772228
3,6.600000,4,3,0.000000,1.949865,51.228710,51.359814,52.010586
2,6.600000,3,2,1.949865,1.561145,54.370316,54.952297,53.907982
0,6.800000,1,0,-0.329334,0.000012,59.910206,56.941856,57.152557
1,6.800000,1,2,-0.329334,1.614726,55.920624,55.951839,55.743477
3,6.800000,4,3,0.000000,2.016725,50.293842,52.223206,52.161049
2,6.800000,3,2,2.016725,1.614726,50.057274,54.959099,53.882683
0,7.000000,1,0,-0.303744,0.000012,55.582748,57.055042,57.116386
1,7.000000,1,2,-0.303744,1.660559,54.848114,55.963463,55.710899
3,7.000000,4,3,0.000000,2.037150,52.258770,52.635674,52.206604
2,7.000000,3,2,2.037150,1.660559,56.542385,54.351284,53.931034
0,7.200000,1,0,-0.268153,0.000013,57.412529,57.003143,57.065872
1,7.200000,1,2,-0.268153,1.706370,49.263062,55.561157,55.694412
3,7.200000,4,3,0.000000,2.049728,51.811180,52.792496,52.234558
2,7.200000,3,2,2.049728,1.706370,57.484451,55.001751,53.993958
0,7.400000,1,0,-0.224778,0.000013,57.296009,56.665638,57.003990
1,7.400000,1,2,-0.224778,1.762645,55.469879,55.516987,55.673573
3,7.400000,4,3,0.000000,2.052397,55.381149,51.581886,52.240482
2,7.400000,3,2,2.052397,1.762645,50.815754,54.622025,54.094685
0,7.600000,1,0,-0.181403,0.000013,58.773247,56.654430,56.941750
1,7.600000,1,2,-0.181403,1.812392,54.519581,55.371189,55.663261
3,7.600000,4,3,0.000000,2.073813,53.244282,51.603195,52.287895
2,7.600000,3,2,2.073813,1.812392,57.085972,55.487019,54.147549
0,7.800000,1,0,-0.144770,0.000014,56.247532,57.032413,56.888908
1,7.800000,1,2,-0.144770,1.857051,55.415249,56.097790,55.650261
3,7.800000,4,3,0.000000,2.100137,48.021538,52.434364,52.345886
2,7.800000,3,2,2.100137,1.857051,53.974400,56.031853,54.181622
0,8.000000,1,0,-0.125094,0.000014,56.482231,57.495785,56.860420
1,8.000000,1,2,-0.125094,1.884090,53.326973,56.941280,55.638321
3,8.000000,4,3,0.000000,2.112411,48.625488,52.260368,52.372822
2,8.000000,3,2,2.112411,1.884090,57.945251,56.018120,54.208984
0,8.200000,1,0,-0.122832,0.000015,53.909580,57.339272,56.857143
1,8.200000,1,2,-0.122832,1.904645,62.295280,56.790081,55.608597
3,8.200000,4,3,0.000000,2.140566,50.490383,51.379463,52.434357
2,8.200000,3,2,2.140566,1.904645,52.560665,55.768620,54.194908
0,8.400000,1,0,-0.118135,0.000015,58.990776,57.185959,56.850327
1,8.400000,1,2,-0.118135,1.917767,53.810429,57.103436,55.594887
3,8.400000,4,3,0.000000,2.173972,49.089558,53.465206,52.506912
2,8.400000,3,2,2.173972,1.917767,55.676094,55.857349,54.157249
0,8.600000,1,0,-0.126400,0.000015,62.328297,56.731819,56.862316
1,8.600000,1,2,-0.126400,1.930889,56.917141,57.462383,55.559990
3,8.600000,4,3,0.000000,2.165929,55.759281,52.989311,52.489487
2,8.600000,3,2,2.165929,1.930889,53.449429,55.364147,54.196541
0,8.800000,1,0,-0.134665,0.000016,58.238796,56.738808,56.874290
1,8.800000,1,2,-0.134665,1.948652,54.038502,57.571476,55.517365
3,8.800000,4,3,0.000000,2.163802,57.745922,52.444122,52.484879
2,8.800000,3,2,2.163802,1.948652,52.539268,55.183243,54.233334
0,9.000000,1,0,-0.142573,0.000016,55.699352,56.606560,56.885735
1,9.000000,1,2,-0.142573,1.974255,48.922470,57.085461,55.462246
3,9.000000,4,3,0.000000,2.161082,51.649509,52.997383,52.478973
2,9.000000,3,2,2.161082,1.974255,51.132984,55.392704,54.285511
0,9.200000,1,0,-0.134123,0.000016,51.160240,56.679199,56.873505
1,9.200000,1,2,-0.134123,1.999858,57.085396,56.579681,55.433922
3,9.200000,4,3,0.000000,2.182986,57.050026,53.285511,52.526413
2,9.200000,3,2,2.182986,1.999858,53.872063,55.563263,54.292309
0,9.400000,1,0,-0.125672,0.000017,61.376930,56.674507,56.861263
1,9.400000,1,2,-0.125672,1.992098,59.211998,56.132553,55.460693
3,9.400000,4,3,0.000000,2.194003,48.610771,52.825542,52.550194
2,9.400000,3,2,2.194003,1.992098,51.042904,55.935421,54.257767
0,9.600000,1,0,-0.133971,0.000017,52.703205,56.378448,56.873287
1,9.600000,1,2,-0.133971,1.984338,55.701252,56.401905,55.459801
3,9.600000,4,3,0.000000,2.235228,50.791145,53.801865,52.638721
2,9.600000,3,2,2.235228,1.984338,47.392883,55.894749,54.167130
0,9.800000,1,0,-0.142270,0.000017,58.065899,57.039375,56.885300
1,9.800000,1,2,-0.142270,1.960880,54.793518,55.950062,55.484779
3,9.800000,4,3,0.000000,2.277931,56.313011,52.147079,52.729671
2,9.800000,3,2,2.277931,1.960880,53.948639,55.649021,54.043503
0,10.000000,1,0,-0.142270,0.000018,56.198277,56.882256,56.885300
1,10.000000,1,2,-0.142270,1.949749,53.529610,56.009068,55.503082
3,10.000000,4,3,0.000000,2.331988,49.983322,52.871368,52.843716
2,10.000000,3,2,2.331988,1.949749,58.619995,55.448566,53.920303
0,10.200000,1,0,-0.142269,0.000018,56.275795,57.070839,56.885300
1,10.200000,1,2,-0.142269,1.939791,57.838322,56.177773,55.519432
3,10.200000,4,3,0.000000,2.369506,54.808022,53.883011,52.922173
2,10.200000,3,2,2.369506,1.939791,50.548656,55.141125,53.829689
0,10.400000,1,0,-0.133015,0.000018,49.753864,56.802315,56.871906
1,10.400000,1,2,-0.133015,1.936026,56.021446,56.364513,55.540764
3,10.400000,4,3,0.000000,2.402516,54.388031,53.263321,52.990738
2,10.400000,3,2,2.402516,1.936026,43.280998,54.396187,53.758976
0,10.600000,1,0,-0.123761,0.000019,65.061798,56.618153,56.858498
1,10.600000,1,2,-0.123761,1.949808,53.540539,55.775902,55.533348
3,10.600000,4,3,0.000000,2.425298,58.792213,52.187008,53.037804
2,10.600000,3,2,2.425298,1.949808,55.715744,54.478771,53.741600
0,10.800000,1,0,-0.100715,0.000019,59.757141,56.756134,56.825027
1,10.800000,1,2,-0.100715,1.963591,57.105251,55.367428,55.548515
3,10.800000,4,3,0.000000,2.464079,54.479305,53.922497,53.117462
2,10.800000,3,2,2.464079,1.963591,52.197899,54.258675,53.693192
0,11.000000,1,0,-0.077670,0.000019,58.752388,56.607212,56.791454
1,11.000000,1,2,-0.077670,2.014574,56.992764,55.239307,55.502712
3,11.000000,4,3,0.000000,2.475951,51.922703,51.860336,53.141731
2,11.000000,3,2,2.475951,2.014574,53.131050,53.767944,53.768837
0,11.200000,1,0,-0.039121,0.000020,51.921680,56.996559,56.735062
1,11.200000,1,2,-0.039121,2.065558,54.492912,54.853813,55.482262
3,11.200000,4,3,0.000000,2.486152,56.681740,52.232056,53.162537
2,11.200000,3,2,2.486152,2.065558,55.670326,53.564671,53.847157
0,11.400000,1,0,0.010415,0.000020,58.162376,56.349651,56.662170
1,11.400000,1,2,0.010415,2.107169,53.401287,54.923958,55.495300
3,11.400000,4,3,0.000000,2.509146,48.634430,53.709953,53.209301
2,11.400000,3,2,2.509146,2.107169,52.472824,53.958714,53.882721
0,11.600000,1,0,0.054942,0.000021,61.663193,56.559765,56.596226
1,11.600000,1,2,0.054942,2.135743,58.737160,55.173744,55.521496
3,11.600000,4,3,0.000000,2.478486,51.211948,52.762165,53.146904
2,11.600000,3,2,2.478486,2.135743,53.763561,54.231785,53.995117
0,11.800000,1,0,0.105440,0.000021,63.170368,56.246391,56.520950
1,11.800000,1,2,0.105440,2.148031,50.547298,56.555870,55.583984
3,11.800000,4,3,0.000000,2.459951,59.010845,53.089527,53.109009
2,11.800000,3,2,2.459951,2.148031,46.957546,53.716835,54.053139
0,12.000000,1,0,0.118052,0.000021,55.611290,56.781319,56.502068
1,12.000000,1,2,0.118052,2.170422,58.954693,56.545563,55.568024
3,12.000000,4,3,0.000000,2.464167,50.934032,51.483425,53.117638
2,12.000000,3,2,2.464167,2.170422,46.769875,53.917164,54.087215
0,12.200000,1,0,0.130665,0.000022,55.123123,56.275784,56.483154
1,12.200000,1,2,0.130665,2.188651,48.092957,57.129898,55.558849
3,12.200000,4,3,0.000000,2.500865,48.656143,54.545284,53.192482
2,12.200000,3,2,2.500865,2.188651,50.930729,54.429981,54.052593
0,12.400000,1,0,0.124364,0.000022,57.527958,56.021614,56.492607
1,12.400000,1,2,0.124364,2.226204,58.664543,56.162861,55.486935
3,12.400000,4,3,0.000000,2.485693,52.304550,51.552723,53.161602
2,12.400000,3,2,2.485693,2.226204,56.754414,53.839581,54.151146
0,12.600000,1,0,0.154609,0.000022,57.069965,55.570637,56.447155
1,12.600000,1,2,0.154609,2.262707,51.616737,56.334389,55.476631
3,12.600000,4,3,0.000000,2.537625,56.459843,53.185650,53.266937
2,12.600000,3,2,2.537625,2.262707,55.218426,53.934662,54.122395
0,12.800000,1,0,0.176612,0.000023,59.229435,55.684868,56.413967
1,12.800000,1,2,0.176612,2.297347,52.052692,56.136536,55.455803
3,12.800000,4,3,0.000000,2.575061,53.856171,52.980324,53.342239
2,12.800000,3,2,2.575061,2.297347,56.943829,53.911919,54.117180
0,13.000000,1,0,0.204863,0.000023,56.916191,56.142948,56.371204
1,13.000000,1,2,0.204863,2.330851,57.938835,56.060223,55.447128
3,13.000000,4,3,0.000000,2.620638,52.990288,53.152912,53.433220
2,13.000000,3,2,2.620638,2.330851,52.121891,53.270950,54.094620
0,13.200000,1,0,0.231210,0.000023,50.852730,55.792542,56.331177
1,13.200000,1,2,0.231210,2.388119,55.563080,56.121796,55.395950
3,13.200000,4,3,0.000000,2.660544,52.038605,53.990284,53.512257
2,13.200000,3,2,2.660544,2.388119,52.562870,53.192825,54.127045
0,13.400000,1,0,0.257557,0.000024,56.245392,54.916515,56.290993
1,13.400000,1,2,0.257557,2.455538,58.791225,55.610653,55.327591
3,13.400000,4,3,0.000000,2.682319,49.768318,53.389370,53.555141
2,13.400000,3,2,2.682319,2.455538,50.425068,53.151016,54.211830
0,13.600000,1,0,0.288930,0.000024,54.044212,55.397175,56.242954
1,13.600000,1,2,0.288930,2.508242,58.355621,55.700306,55.291916
3,13.600000,4,3,0.000000,2.705380,54.943043,54.653419,53.600376
2,13.600000,3,2,2.705380,2.508242,53.990864,52.672470,54.266544
0,13.800000,1,0,0.300477,0.000024,56.359917,55.739292,56.225220
1,13.800000,1,2,0.300477,2.570138,55.162254,56.038044,55.207245
3,13.800000,4,3,0.000000,2.721131,57.860165,53.948700,53.631165
2,13.800000,3,2,2.721131,2.570138,55.214355,53.273754,54.351166
0,14.000000,1,0,0.309656,0.000025,49.639389,55.958508,56.211102
1,14.000000,1,2,0.309656,2.616948,55.020454,55.997494,55.143532
3,14.000000,4,3,0.000000,2.742042,52.680908,53.095718,53.671906
2,14.000000,3,2,2.742042,2.616948,55.451473,53.574806,54.398376
0,14.200000,1,0,0.307490,0.000025,48.897469,55.604603,56.214436
1,14.200000,1,2,0.307490,2.663682,55.872833,56.549713,55.060169
3,14.200000,4,3,0.000000,2.802813,50.508995,53.984497,53.789444
2,14.200000,3,2,2.802813,2.663682,48.664764,52.503616,54.372818
0,14.400000,1,0,0.305079,0.000026,56.379147,54.917114,56.218147
1,14.400000,1,2,0.305079,2.706386,52.714596,56.613533,54.982689
3,14.400000,4,3,0.000000,2.839505,55.471828,54.013123,53.859795
2,14.400000,3,2,2.839505,2.706386,53.617825,53.676929,54.383774
0,14.600000,1,0,0.302668,0.000026,57.558800,55.657528,56.221855
1,14.600000,1,2,0.302668,2.736273,51.508915,56.652428,54.926880
3,14.600000,4,3,0.000000,2.874446,58.907211,53.831604,53.926373
2,14.600000,3,2,2.874446,2.736273,54.303307,53.227936,54.374565
0,14.800000,1,0,0.302668,0.000026,62.806004,55.896114,56.221855
1,14.800000,1,2,0.302668,2.773935,58.363327,56.316711,54.861435
3,14.800000,4,3,0.000000,2.886338,49.433681,53.867302,53.948936
2,14.800000,3,2,2.886338,2.773935,53.014805,53.049282,54.421436
0,15.000000,1,0,0.312948,0.000027,58.287102,55.700520,56.206039
1,15.000000,1,2,0.312948,2.804134,51.516319,56.177601,54.826664
3,15.000000,4,3,0.000000,2.914795,52.194710,53.790249,54.002747
2,15.000000,3,2,2.914795,2.804134,53.144211,52.818237,54.424599
0,15.200000,1,0,0.327695,0.000027,59.150585,55.725880,56.183304
1,15.200000,1,2,0.327695,2.834334,56.176865,56.145248,54.799614
3,15.200000,4,3,0.000000,2.950448,54.884075,53.477192,54.069794
2,15.200000,3,2,2.950448,2.834334,56.938427,53.890610,54.414696
0,15.400000,1,0,0.342443,0.000027,54.049553,56.168064,56.160522
1,15.400000,1,2,0.342443,2.844393,52.044041,55.598953,54.807827
3,15.400000,4,3,0.000000,2.978155,55.051971,54.548698,54.121609
2,15.400000,3,2,2.978155,2.844393,52.051743,54.419750,54.382599
0,15.600000,1,0,0.361836,0.000028,51.424923,55.796783,56.130493
1,15.600000,1,2,0.361836,2.858212,59.518707,55.914394,54.817585
3,15.600000,4,3,0.000000,2.978155,53.032635,54.014824,54.121609
2,15.600000,3,2,2.978155,2.858212,55.019485,53.984203,54.407742
0,15.800000,1,0,0.378006,0.000028,57.307896,56.539692,56.105392
1,15.800000,1,2,0.378006,2.880616,52.687710,55.906303,54.806671
3,15.800000,4,3,0.000000,2.997772,59.615250,54.782131,54.158146
2,15.800000,3,2,2.997772,2.880616,52.381889,54.155766,54.412804
0,16.000000,1,0,0.378006,0.000028,63.150185,56.915401,56.105392
1,16.000000,1,2,0.378006,2.892492,61.050102,56.230606,54.785851
3,16.000000,4,3,0.000000,3.010412,56.593277,54.482430,54.181625
2,16.000000,3,2,3.010412,2.892492,55.910599,54.452484,54.411415
0,16.200000,1,0,0.388485,0.000029,59.111645,56.728317,56.089096
1,16.200000,1,2,0.388485,2.917212,46.327209,55.734024,54.760826
3,16.200000,4,3,0.000000,3.023089,55.149029,52.513218,54.205120
2,16.200000,3,2,3.023089,2.917212,58.023117,54.167130,54.433273
0,16.400000,1,0,0.388486,0.000029,62.554073,56.804413,56.089096
1,16.400000,1,2,0.388486,2.936445,57.031330,55.802151,54.726944
3,16.400000,4,3,0.000000,3.061756,58.029461,53.615265,54.276474
2,16.400000,3,2,3.061756,2.936445,55.181889,54.808506,54.397980
0,16.600000,1,0,0.381612,0.000029,58.218456,57.258465,56.099792
1,16.600000,1,2,0.381612,2.955957,57.327351,55.172939,54.680283
3,16.600000,4,3,0.000000,3.106766,55.551788,55.346092,54.358948
2,16.600000,3,2,3.106766,2.955957,56.139385,54.794510,54.351501
0,16.800000,1,0,0.374738,0.000030,59.813560,57.066624,56.110474
1,16.800000,1,2,0.374738,2.955957,53.666756,54.903145,54.668091
3,16.800000,4,3,0.000000,3.104661,57.257259,55.052536,54.355103
2,16.800000,3,2,3.104661,2.955957,52.575798,55.142921,54.355350
0,17.000000,1,0,0.369923,0.000030,59.058704,56.748741,56.117950
1,17.000000,1,2,0.369923,2.948719,55.812950,55.325813,54.672394
3,17.000000,4,3,0.000000,3.132815,57.521641,54.327831,54.406391
2,17.000000,3,2,3.132815,2.948719,52.604195,53.774948,54.290527
0,17.200000,1,0,0.369924,0.000030,57.740616,56.834095,56.117950
1,17.200000,1,2,0.369924,2.971831,48.816322,55.152004,54.631325
3,17.200000,4,3,0.000000,3.166653,55.222069,55.407215,54.467716
2,17.200000,3,2,3.166653,2.971831,56.218498,53.608547,54.270805
0,17.400000,1,0,0.390737,0.000031,55.200130,57.311806,56.085594
1,17.400000,1,2,0.390737,2.988974,51.072655,54.668774,54.637856
3,17.400000,4,3,0.000000,3.179171,54.360947,54.874996,54.490314
2,17.400000,3,2,3.179171,2.988974,53.008965,53.212353,54.279316
0,17.600000,1,0,0.404467,0.000031,56.296192,57.564976,56.064194
1,17.600000,1,2,0.404467,3.005764,54.680790,54.879765,54.632416
3,17.600000,4,3,0.000000,3.215846,55.247734,54.187454,54.556252
2,17.600000,3,2,3.215846,3.005764,56.318546,53.457043,54.242691
0,17.800000,1,0,0.423947,0.000032,54.690704,57.894539,56.033760
1,17.800000,1,2,0.423947,3.022554,54.167221,54.489273,54.637199
3,17.800000,4,3,0.000000,3.221348,54.459023,54.812801,54.566113
2,17.800000,3,2,3.221348,3.022554,56.454010,52.810593,54.263496
0,18.000000,1,0,0.457662,0.000032,54.991520,57.382294,55.980888
1,18.000000,1,2,0.457662,3.056287,58.094814,54.331730,54.637169
3,18.000000,4,3,0.000000,3.225402,59.037590,55.123371,54.573372
2,18.000000,3,2,3.225402,3.056287,57.642826,53.166462,54.318016
0,18.200000,1,0,0.491376,0.000032,60.808395,56.685619,55.927753
1,18.200000,1,2,0.491376,3.092123,56.421013,54.667404,54.633392
3,18.200000,4,3,0.000000,3.222805,53.372108,54.693756,54.568722
2,18.200000,3,2,3.222805,3.092123,49.138020,53.261532,54.388206
0,18.400000,1,0,0.507173,0.000033,53.321815,56.702877,55.902771
1,18.400000,1,2,0.507173,3.127959,54.124977,55.187943,54.597664
3,18.400000,4,3,0.000000,3.236886,53.729229,54.870789,54.593903
2,18.400000,3,2,3.236886,3.127959,54.052460,53.488346,54.427742
0,18.600000,1,0,0.535306,0.000033,54.969429,55.911873,55.858131
1,18.600000,1,2,0.535306,3.167837,55.452263,55.340179,54.576672
3,18.600000,4,3,0.000000,3.246215,53.524120,54.701260,54.610554
2,18.600000,3,2,3.246215,3.167837,59.047867,53.721657,54.483017
0,18.800000,1,0,0.552086,0.000033,59.398247,55.749275,55.831421
1,18.800000,1,2,0.552086,3.215162,54.748295,55.448772,54.521881
3,18.800000,4,3,0.000000,3.267836,55.190857,55.452606,54.649048
2,18.800000,3,2,3.267836,3.215162,54.899452,53.103607,54.529305
0,19.000000,1,0,0.567242,0.000034,53.230534,55.639977,55.807236
1,19.000000,1,2,0.567242,3.241630,52.174149,55.116657,54.501522
3,19.000000,4,3,0.000000,3.252745,55.421940,56.788990,54.622192
2,19.000000,3,2,3.252745,3.241630,51.746742,53.664268,54.603729
0,19.200000,1,0,0.582399,0.000034,57.517971,55.498791,55.782997
1,19.200000,1,2,0.582399,3.250882,64.461685,54.773312,54.512154
3,19.200000,4,3,0.000000,3.208481,59.594105,54.240639,54.543045
2,19.200000,3,2,3.208481,3.250882,51.390369,54.076996,54.698822
0,19.400000,1,0,0.596994,0.000034,52.896160,55.783142,55.759605
1,19.400000,1,2,0.596994,3.250883,55.287464,54.661766,54.538391
3,19.400000,4,3,0.000000,3.208482,48.732349,55.029217,54.543045
2,19.400000,3,2,3.208482,3.250883,50.812332,54.851143,54.698822
0,19.600000,1,0,0.611459,0.000035,47.207546,55.898678,55.736366
1,19.600000,1,2,0.611459,3.232088,52.613438,54.493172,54.597946
3,19.600000,4,3,0.000000,3.191994,54.129902,54.104950,54.513412
2,19.600000,3,2,3.191994,3.232088,51.646122,55.080421,54.694740
0,19.800000,1,0,0.625039,0.000035,51.716217,55.659649,55.714512
1,19.800000,1,2,0.625039,3.211719,56.076782,54.531593,54.658401
3,19.800000,4,3,0.000000,3.194267,55.997505,54.312767,54.517502
2,19.800000,3,2,3.194267,3.211719,52.845657,54.789890,54.654594
0,20.000000,1,0,0.638619,0.000035,56.358528,55.318924,55.692612
1,20.000000,1,2,0.638619,3.213760,54.067554,54.631252,54.678871
3,20.000000,4,3,0.000000,3.200660,50.901806,55.140251,54.528999
2,20.000000,3,2,3.200660,3.213760,57.298943,54.489441,54.646862
0,20.200000,1,0,0.655594,0.000036,51.834709,55.104305,55.665173
1,20.200000,1,2,0.655594,3.207779,51.425285,54.861519,54.719482
3,20.200000,4,3,0.000000,3.185048,51.669231,54.224167,54.500908
2,20.200000,3,2,3.185048,3.207779,54.959572,54.892452,54.663971
0,20.400000,1,0,0.686125,0.000036,55.484901,54.915569,55.615646
1,20.400000,1,2,0.686125,3.185438,56.013226,54.531853,54.812447
3,20.400000,4,3,0.000000,3.187489,51.522789,54.222908,54.505302
2,20.400000,3,2,3.187489,3.185438,55.395863,55.335358,54.619896
0,20.600000,1,0,0.688833,0.000037,53.524670,54.614716,55.611240
1,20.600000,1,2,0.688833,3.157690,52.152927,55.025593,54.865639
3,20.600000,4,3,0.000000,3.192754,54.803253,54.093018,54.514786
2,20.600000,3,2,3.192754,3.157690,52.526707,54.493279,54.560902
0,20.800000,1,0,0.691542,0.000037,52.148468,55.406441,55.606834
1,20.800000,1,2,0.691542,3.168539,53.080276,55.471329,54.851444
3,20.800000,4,3,0.000000,3.184799,57.803173,53.798687,54.500458
2,20.800000,3,2,3.184799,3.168539,58.468254,54.442364,54.594543
0,21.000000,1,0,0.700942,0.000037,56.090145,55.858852,55.591530
1,21.000000,1,2,0.700942,3.177705,51.975636,55.863941,54.851852
3,21.000000,4,3,0.000000,3.184799,59.443119,54.031033,54.500458
2,21.000000,3,2,3.184799,3.177705,55.046421,54.218521,54.610901
0,21.200000,1,0,0.691318,0.000038,54.322865,56.814411,55.607201
1,21.200000,1,2,0.691318,3.194825,54.442093,55.416531,54.805099
3,21.200000,4,3,0.000000,3.193166,54.478188,53.290611,54.515526
2,21.200000,3,2,3.193166,3.194825,50.325211,53.714546,54.626503
0,21.400000,1,0,0.691318,0.000038,56.240318,56.420036,55.607201
1,21.400000,1,2,0.691318,3.221970,57.456680,55.326397,54.757439
3,21.400000,4,3,0.000000,3.213192,55.880856,54.348679,54.551498
2,21.400000,3,2,3.213192,3.221970,57.652321,53.557301,54.639175
0,21.600000,1,0,0.676989,0.000038,57.430367,56.357277,55.630493
1,21.600000,1,2,0.676989,3.247233,54.612892,55.781147,54.687546
3,21.600000,4,3,0.000000,3.221179,55.579422,52.681061,54.565811
2,21.600000,3,2,3.221179,3.247233,55.811184,53.653934,54.669865
0,21.800000,1,0,0.662660,0.000039,58.929092,56.138054,55.653732
1,21.800000,1,2,0.662660,3.259068,55.120716,55.605915,54.641113
3,21.800000,4,3,0.000000,3.247969,55.777779,53.235996,54.613682
2,21.800000,3,2,3.247969,3.259068,51.001308,54.179482,54.643303
0,22.000000,1,0,0.665180,0.000039,54.892399,55.946526,55.649651
1,22.000000,1,2,0.665180,3.280068,51.991074,55.322647,54.608192
3,22.000000,4,3,0.000000,3.264587,55.334038,54.869904,54.643272
2,22.000000,3,2,3.264587,3.280068,60.088455,53.947704,54.651093
0,22.200000,1,0,0.667487,0.000039,54.671505,55.976269,55.645912
1,22.200000,1,2,0.667487,3.300707,53.900188,54.605694,54.575439
3,22.200000,4,3,0.000000,3.257384,48.811337,54.307747,54.630455
2,22.200000,3,2,3.257384,3.300707,56.760365,53.966145,54.700455
0,22.400000,1,0,0.676400,0.000040,55.207497,55.661205,55.631451
1,22.400000,1,2,0.676400,3.310779,57.603020,54.034733,54.573364
3,22.400000,4,3,0.000000,3.270666,54.532837,52.573608,54.654076
2,22.400000,3,2,3.270666,3.310779,60.578869,54.258709,54.694778
0,22.600000,1,0,0.687623,0.000040,50.342579,55.579636,55.613213
1,22.600000,1,2,0.687623,3.300730,53.293190,54.040787,54.611370
3,22.600000,4,3,0.000000,3.294177,56.410469,56.150162,54.695763
2,22.600000,3,2,3.294177,3.300730,53.021614,54.553680,54.635216
0,22.800000,1,0,0.687624,0.000040,54.802479,55.294647,55.613213
1,22.800000,1,2,0.687624,3.290549,57.123314,54.643806,54.629513
3,22.800000,4,3,0.000000,3.267714,60.273758,54.636932,54.648834
2,22.800000,3,2,3.267714,3.290549,57.465225,54.265354,54.664154
0,23.000000,1,0,0.687624,0.000041,56.264084,55.702259,55.613213
1,23.000000,1,2,0.687624,3.268591,54.830376,54.788086,54.668541
3,23.000000,4,3,0.000000,3.287013,55.381603,53.967129,54.683075
2,23.000000,3,2,3.287013,3.268591,58.314442,54.793442,54.590683
0,23.200000,1,0,0.690407,0.000041,58.796272,55.975597,55.608688
1,23.200000,1,2,0.690407,3.239581,49.045723,54.795845,54.724800
3,23.200000,4,3,0.000000,3.302571,53.631176,54.299458,54.710609
2,23.200000,3,2,3.302571,3.239581,51.603706,54.788742,54.510750
0,23.400000,1,0,0.673048,0.000041,57.689362,55.775311,55.636894
1,23.400000,1,2,0.673048,3.225229,49.862125,55.418301,54.719490
3,23.400000,4,3,0.000000,3.311357,54.926025,54.551804,54.726120
2,23.400000,3,2,3.311357,3.225229,55.531883,54.048313,54.469017
0,23.600000,1,0,0.655690,0.000042,48.947266,55.629402,55.665024
1,23.600000,1,2,0.655690,3.227669,60.025932,55.198574,54.684471
3,23.600000,4,3,0.000000,3.319304,53.994385,55.734112,54.740135
2,23.600000,3,2,3.319304,3.227669,53.687302,54.356182,54.459061
0,23.800000,1,0,0.655690,0.000042,55.964359,55.201317,55.665024
1,23.800000,1,2,0.655690,3.222993,51.272129,54.878731,54.692757
3,23.800000,4,3,0.000000,3.302837,56.453480,55.749935,54.711075
2,23.800000,3,2,3.302837,3.222993,55.783825,54.409222,54.480370
0,24.000000,1,0,0.655691,0.000043,57.803596,55.404964,55.665024
1,24.000000,1,2,0.655691,3.222993,58.951656,54.795383,54.692757
3,24.000000,4,3,0.000000,3.305374,51.645073,55.521984,54.715561
2,24.000000,3,2,3.305374,3.222993,53.093597,55.197334,54.475784
0,24.200000,1,0,0.664802,0.000043,56.227177,55.905674,55.650269
1,24.200000,1,2,0.664802,3.209493,56.902302,54.663548,54.732704
3,24.200000,4,3,0.000000,3.292989,57.538361,54.474415,54.693661
2,24.200000,3,2,3.292989,3.209493,53.075470,54.997112,54.473778
0,24.400000,1,0,0.678705,0.000043,54.238953,56.289959,55.627716
1,24.400000,1,2,0.678705,3.195994,52.854580,54.554558,54.780930
3,24.400000,4,3,0.000000,3.315799,53.766647,53.891048,54.733955
2,24.400000,3,2,3.315799,3.195994,54.003017,54.184750,54.407993
0,24.600000,1,0,0.716422,0.000044,54.850929,55.904415,55.566284
1,24.600000,1,2,0.716422,3.204290,57.812984,54.088814,54.832466
3,24.600000,4,3,0.000000,3.361120,55.022678,56.292316,54.813583
2,24.600000,3,2,3.361120,3.204290,52.901207,54.242077,54.340500
0,24.800000,1,0,0.747217,0.000044,58.046104,55.284664,55.515869
1,24.800000,1,2,0.747217,3.210277,53.461475,54.964222,54.875732
3,24.800000,4,3,0.000000,3.342013,52.581318,55.139008,54.780083
2,24.800000,3,2,3.342013,3.210277,57.380493,54.130226,54.386292
0,25.000000,1,0,0.768262,0.000044,47.286171,55.087986,55.481281
1,25.000000,1,2,0.768262,3.217122,53.390221,54.646839,54.900421
3,25.000000,4,3,0.000000,3.344216,48.869556,55.909328,54.783951
2,25.000000,3,2,3.344216,3.217122,51.346180,54.494576,54.394737
0,25.200000,1,0,0.800129,0.000045,60.687439,54.546284,55.428696
1,25.200000,1,2,0.800129,3.221605,52.927181,54.661362,54.947868
3,25.200000,4,3,0.000000,3.329299,51.651337,54.215881,54.757736
2,25.200000,3,2,3.329299,3.221605,55.655399,54.539253,54.429977
0,25.400000,1,0,0.817897,0.000045,56.796654,54.430786,55.399269
1,25.400000,1,2,0.817897,3.221606,54.398689,55.316246,54.978550
3,25.400000,4,3,0.000000,3.345906,52.373852,54.015121,54.786919
2,25.400000,3,2,3.345906,3.221606,56.210983,54.783154,54.399818
0,25.600000,1,0,0.835665,0.000045,53.148438,53.720982,55.369755
1,25.600000,1,2,0.835665,3.218562,51.087677,55.297783,55.014374
3,25.600000,4,3,0.000000,3.357388,55.321400,54.222237,54.807053
2,25.600000,3,2,3.357388,3.218562,55.060059,54.662712,54.373375
0,25.800000,1,0,0.854793,0.000046,63.639420,53.837494,55.337898
1,25.800000,1,2,0.854793,3.215519,50.028488,54.669117,55.05240