0,0.200000,0,1,0.000000,0.000000,58.528099,NaN,54.733437
3,0.200000,4,3,0.000000,0.000000,59.311638,56.344028,56.101074
2,0.200000,3,2,0.000000,0.000000,56.153030,NaN,49.774517
1,0.200000,1,2,0.000000,0.000000,53.088665,NaN,57.524696
0,0.400000,0,1,0.000001,0.000001,56.019726,NaN,54.733437
3,0.400000,4,3,0.000000,0.000001,56.339409,56.193333,56.101074
2,0.400000,3,2,0.000001,0.000001,47.136097,NaN,49.774517
1,0.400000,1,2,0.000001,0.000001,56.761768,NaN,57.524696
0,0.600000,0,1,0.000001,0.000001,56.396343,56.497578,54.733437
3,0.600000,4,3,0.000000,0.000001,57.582882,56.071404,56.101074
2,0.600000,3,2,0.000001,0.129693,52.780590,48.693558,50.129765
1,0.600000,1,2,0.000001,0.129693,57.037373,53.023880,57.346371
0,0.800000,0,1,0.000001,-0.139372,56.952778,55.032612,54.976486
3,0.800000,4,3,0.000000,-0.151555,52.721416,57.195850,55.862839
2,0.800000,3,2,-0.151555,0.212972,52.722202,51.394638,50.744850
1,0.800000,1,2,-0.139372,0.212972,58.044449,55.198162,57.033226
0,1.000000,0,1,0.000002,-0.259536,52.092205,55.672482,55.181755
3,1.000000,4,3,0.000000,-0.251414,56.839073,55.627586,55.702965
2,1.000000,3,2,-0.251414,0.296251,55.424698,52.412594,51.201462
1,1.000000,1,2,-0.259536,0.296251,57.472466,56.809475,56.738983
0,1.200000,0,1,0.000002,-0.272814,60.021786,55.275261,55.204201
3,1.200000,4,3,0.000000,-0.357734,57.485603,55.300247,55.530121
2,1.200000,3,2,-0.357734,0.384892,51.180019,51.703445,51.667328
1,1.200000,1,2,-0.272814,0.384892,55.882126,56.602982,56.588520
0,1.400000,0,1,0.000002,-0.280685,51.989189,55.630901,55.217487
3,1.400000,4,3,0.000000,-0.422519,55.972557,55.366898,55.423431
2,1.400000,3,2,-0.422519,0.453790,48.153656,52.227997,51.975597
1,1.400000,1,2,-0.280685,0.453790,56.305344,55.817963,56.473793
0,1.600000,0,1,0.000003,-0.272448,50.808937,55.189732,55.203587
3,1.600000,4,3,0.000000,-0.485381,54.152142,54.135666,55.318901
2,1.600000,3,2,-0.485381,0.515870,52.299023,53.093018,52.256004
1,1.600000,1,2,-0.272448,0.515870,59.346626,56.558552,56.392601
0,1.800000,0,1,0.000003,-0.272448,55.912949,55.893337,55.203587
3,1.800000,4,3,0.000000,-0.506322,52.676689,54.933895,55.283852
2,1.800000,3,2,-0.506322,0.559448,45.021034,53.547428,52.398018
1,1.800000,1,2,-0.272448,0.559448,52.805656,56.591095,56.326439
0,2.000000,0,1,0.000004,-0.283246,54.580608,54.638847,55.221809
3,2.000000,4,3,0.000000,-0.545466,55.959900,55.228455,55.218033
2,2.000000,3,2,-0.545466,0.573309,49.956406,54.611195,52.513313
1,2.000000,1,2,-0.283246,0.573309,50.350185,56.395153,56.288818
0,2.200000,0,1,0.000004,-0.294043,53.742863,56.083805,55.239998
3,2.200000,4,3,0.000000,-0.601231,56.265240,54.506863,55.123581
2,2.200000,3,2,-0.601231,0.604331,51.865513,53.900143,52.699486
1,2.200000,1,2,-0.294043,0.604331,58.143642,57.324047,56.224724
0,2.400000,0,1,0.000004,-0.310624,57.594795,56.040413,55.267868
3,2.400000,4,3,0.000000,-0.645857,55.394871,52.485416,55.047390
2,2.400000,3,2,-0.645857,0.630587,55.975441,54.142780,52.849205
1,2.400000,1,2,-0.310624,0.630587,53.174732,56.351044,56.158676
0,2.600000,0,1,0.000005,-0.329212,55.993454,55.410473,55.299034
3,2.600000,4,3,0.000000,-0.650489,49.625504,54.741108,55.039452
2,2.600000,3,2,-0.650489,0.658589,48.948223,53.654701,52.917450
1,2.600000,1,2,-0.329212,0.658589,53.015167,56.307774,56.086376
0,2.800000,0,1,0.000005,-0.338853,57.687469,55.524006,55.315163
3,2.800000,4,3,0.000000,-0.684027,51.068905,54.804214,54.981800
2,2.800000,3,2,-0.684027,0.683030,50.364132,54.130257,53.037643
1,2.800000,1,2,-0.338853,0.683030,58.491787,55.975685,56.033180
0,3.000000,0,1,0.000005,-0.349386,51.881950,54.416378,55.332752
3,3.000000,4,3,0.000000,-0.714395,56.987568,57.950630,54.929329
2,3.000000,3,2,-0.714395,0.707471,54.646824,54.375381,53.150063
1,3.000000,1,2,-0.349386,0.707471,54.879887,56.351116,55.978325
0,3.200000,0,1,0.000006,-0.329340,53.852470,54.723450,55.299248
3,3.200000,4,3,0.000000,-0.805677,51.156528,54.307407,54.770073
2,3.200000,3,2,-0.805677,0.731003,54.477688,53.881638,53.381836
1,3.200000,1,2,-0.329340,0.731003,53.590282,55.821785,55.972843
0,3.400000,0,1,0.000006,-0.309294,57.270893,55.366890,55.265640
3,3.400000,4,3,0.000000,-0.811402,51.602577,53.929459,54.760002
2,3.400000,3,2,-0.811402,0.738275,56.509834,54.390022,53.407768
1,3.400000,1,2,-0.309294,0.738275,55.266773,55.635010,55.992920
0,3.600000,0,1,0.000006,-0.290688,56.346905,55.187481,55.234352
3,3.600000,4,3,0.000000,-0.811402,57.631771,55.182919,54.760006
2,3.600000,3,2,-0.811402,0.774836,56.061123,53.782524,53.480373
1,3.600000,1,2,-0.290688,0.774836,56.523102,55.838963,55.964691
0,3.800000,0,1,0.000007,-0.290687,54.130669,55.812012,55.234352
3,3.800000,4,3,0.000000,-0.843432,56.706562,55.026997,54.703510
2,3.800000,3,2,-0.843432,0.818646,49.804161,53.410240,53.629456
1,3.800000,1,2,-0.290687,0.818646,56.601818,56.145279,55.895493
0,4.000000,0,1,0.000007,-0.290687,58.153961,56.622456,55.234352
3,4.000000,4,3,0.000000,-0.851216,54.778957,54.848042,54.689735
2,4.000000,3,2,-0.851216,0.845823,54.868877,53.555088,53.697495
1,4.000000,1,2,-0.290687,0.845823,54.115601,56.768269,55.852341
0,4.200000,0,1,0.000007,-0.290686,50.722210,56.165230,55.234352
3,4.200000,4,3,0.000000,-0.879376,51.894524,53.984837,54.639763
2,4.200000,3,2,-0.879376,0.870186,49.421280,53.583469,53.798920
1,4.200000,1,2,-0.290686,0.870186,60.493637,56.181931,55.813515
0,4.400000,0,1,0.000008,-0.290686,59.362835,55.826931,55.234352
3,4.400000,4,3,0.000000,-0.886902,54.550228,55.016239,54.626366
2,4.400000,3,2,-0.886902,0.899617,52.069992,53.750309,53.869724
1,4.400000,1,2,-0.290686,0.899617,56.273323,56.561604,55.766426
0,4.600000,0,1,0.000008,-0.298235,52.897194,55.496815,55.247055
3,4.600000,4,3,0.000000,-0.884786,52.235260,54.666813,54.630135
2,4.600000,3,2,-0.884786,0.928115,53.654335,53.900383,53.919983
1,4.600000,1,2,-0.298235,0.928115,52.024460,57.015553,55.708473
0,4.800000,0,1,0.000008,-0.315206,53.987343,55.638580,55.275566
3,4.800000,4,3,0.000000,-0.894900,57.956390,54.801208,54.612114
2,4.800000,3,2,-0.894900,0.939532,52.383080,54.638363,53.960831
1,4.800000,1,2,-0.315206,0.939532,54.675644,56.427212,55.662613
0,5.000000,0,1,0.000009,-0.327541,57.322189,55.088745,55.296242
3,5.000000,4,3,0.000000,-0.907571,49.319801,54.314754,54.589493
2,5.000000,3,2,-0.907571,0.970236,52.261742,54.292076,54.042660
1,5.000000,1,2,-0.327541,0.970236,62.279221,56.245735,55.592712
0,5.200000,0,1,0.000009,-0.340007,57.351383,54.917812,55.317097
3,5.200000,4,3,0.000000,-0.920478,57.203270,54.585274,54.566406
2,5.200000,3,2,-0.920478,1.000941,51.931892,54.592968,54.124313
1,5.200000,1,2,-0.340007,1.000941,54.832447,56.177036,55.522141
0,5.400000,0,1,0.000010,-0.352622,53.215775,55.248188,55.338158
3,5.400000,4,3,0.000000,-0.935172,56.833084,54.325871,54.540058
2,5.400000,3,2,-0.935172,1.013224,52.495117,54.777637,54.174519
1,5.400000,1,2,-0.352622,1.013224,55.382988,55.550423,55.481232
0,5.600000,0,1,0.000010,-0.352622,50.161442,54.950348,55.338158
3,5.600000,4,3,0.000000,-0.935171,54.323109,54.083714,54.540058
2,5.600000,3,2,-0.935171,1.019821,57.655735,54.965015,54.186760
1,5.600000,1,2,-0.352622,1.019821,58.506210,55.589321,55.470367
0,5.800000,0,1,0.000010,-0.365226,56.613174,55.491734,55.359161
3,5.800000,4,3,0.000000,-0.935171,52.819397,55.820187,54.540062
2,5.800000,3,2,-0.935171,1.019821,56.592064,55.194668,54.186760
1,5.800000,1,2,-0.365226,1.019821,58.933811,55.415520,55.449577
0,6.000000,0,1,0.000011,-0.365225,55.506390,55.607800,55.359161
3,6.000000,4,3,0.000000,-0.969369,62.084190,55.240311,54.478493
2,6.000000,3,2,-0.969369,1.022957,49.411041,54.954430,54.255779
1,6.000000,1,2,-0.365225,1.022957,57.867119,55.018414,55.444397
0,6.200000,0,1,0.000011,-0.355044,53.792053,55.924442,55.342201
3,6.200000,4,3,0.000000,-1.014497,53.724590,54.917282,54.396713
2,6.200000,3,2,-1.014497,1.026167,56.277134,55.066990,54.344498
1,6.200000,1,2,-0.355044,1.026167,54.166553,54.780216,55.455910
0,6.400000,0,1,0.000011,-0.355044,54.507797,56.953331,55.342201
3,6.400000,4,3,0.000000,-1.057118,53.934902,54.767895,54.318909
2,6.400000,3,2,-1.057118,1.026167,56.556530,54.865700,54.422127
1,6.400000,1,2,-0.355044,1.026167,52.007046,54.786644,55.455910
0,6.600000,0,1,0.000012,-0.345831,52.624081,56.369995,55.326828
3,6.600000,4,3,0.000000,-1.084652,60.654922,52.777550,54.268341
2,6.600000,3,2,-1.084652,1.022122,57.085926,54.783329,54.464668
1,6.600000,1,2,-0.345831,1.022122,54.953682,54.921261,55.477764
0,6.800000,0,1,0.000012,-0.300207,53.681335,55.827114,55.250381
3,6.800000,4,3,0.000000,-1.048851,56.796738,55.573685,54.334042
2,6.800000,3,2,-1.048851,1.018550,56.490311,55.245655,54.393257
1,6.800000,1,2,-0.300207,1.018550,62.171890,54.028568,55.558472
0,7.000000,0,1,0.000012,-0.266894,57.533722,54.749607,55.194218
3,7.000000,4,3,0.000000,-1.065399,52.029137,53.897839,54.303726
2,7.000000,3,2,-1.065399,0.996907,53.904350,55.067329,54.383984
1,7.000000,1,2,-0.266894,0.996907,53.963551,53.991787,55.647930
0,7.200000,0,1,0.000013,-0.262578,54.367378,54.969326,55.186920
3,7.200000,4,3,0.000000,-1.040852,54.563282,53.689400,54.348667
2,7.200000,3,2,-1.040852,0.972614,53.503113,55.377182,54.294670
1,7.200000,1,2,-0.262578,0.972614,50.563168,54.764763,55.694210
0,7.400000,0,1,0.000013,-0.262577,59.553753,55.018486,55.186920
3,7.400000,4,3,0.000000,-1.027324,54.941463,55.673714,54.373356
2,7.400000,3,2,-1.027324,0.980488,54.607853,54.202892,54.284279
1,7.400000,1,2,-0.262577,0.980488,56.252678,54.753838,55.681492
0,7.600000,0,1,0.000013,-0.287619,49.755455,55.700466,55.229195
3,7.600000,4,3,0.000000,-1.043802,46.773853,54.190071,54.343277
2,7.600000,3,2,-1.043802,0.995571,55.143642,54.105576,54.342140
1,7.600000,1,2,-0.287619,0.995571,56.117382,55.405380,55.616451
0,7.800000,0,1,0.000014,-0.317721,57.792088,55.340649,55.279793
3,7.800000,4,3,0.000000,-1.052758,56.416168,53.739113,54.326889
2,7.800000,3,2,-1.052758,1.031532,55.905678,54.392181,54.423946
1,7.800000,1,2,-0.317721,1.031532,47.860397,55.655342,55.508514
0,8.000000,0,1,0.000014,-0.326551,58.216270,56.495262,55.294594
3,8.000000,4,3,0.000000,-1.052757,50.912979,56.112991,54.326893
2,8.000000,3,2,-1.052757,1.062879,57.400230,54.833775,54.480679
1,8.000000,1,2,-0.326551,1.062879,55.110367,55.303043,55.442337
0,8.200000,0,1,0.000015,-0.345690,54.277504,56.749710,55.326599
3,8.200000,4,3,0.000000,-1.087028,50.674423,53.883434,54.263969
2,8.200000,3,2,-1.087028,1.081465,54.379250,54.768417,54.575676
1,8.200000,1,2,-0.345690,1.081465,55.975372,54.922657,55.379833
0,8.400000,0,1,0.000015,-0.352403,51.182919,57.118374,55.337803
3,8.400000,4,3,0.000000,-1.074590,53.789024,55.173344,54.286850
2,8.400000,3,2,-1.074590,1.100052,53.446663,54.093250,54.586670
1,8.400000,1,2,-0.352403,1.100052,53.996983,55.212059,55.337715
0,8.600000,0,1,0.000015,-0.362267,56.196644,57.340607,55.354244
3,8.600000,4,3,0.000000,-1.098637,56.556141,53.239738,54.242573
2,8.600000,3,2,-1.098637,1.126148,54.387012,54.483826,54.675934
1,8.600000,1,2,-0.362267,1.126148,53.560394,54.835735,55.277565
0,8.800000,0,1,0.000016,-0.369515,57.937740,56.925014,55.366310
3,8.800000,4,3,0.000000,-1.084382,51.782722,55.200146,54.268841
2,8.800000,3,2,-1.084382,1.155094,57.093941,54.339859,54.701950
1,8.800000,1,2,-0.369515,1.155094,51.361187,55.081837,55.216682
0,9.000000,0,1,0.000016,-0.372852,57.378868,57.158875,55.371861
3,9.000000,4,3,0.000000,-1.098610,55.209133,54.803921,54.242622
2,9.000000,3,2,-1.098610,1.173066,55.947704,55.046425,54.758751
1,9.000000,1,2,-0.372852,1.173066,53.713261,55.590580,55.180679
0,9.200000,0,1,0.000016,-0.389627,55.990902,57.275570,55.399719
3,9.200000,4,3,0.000000,-1.098609,56.623306,54.485916,54.242622
2,9.200000,3,2,-1.098609,1.178002,59.924957,54.623562,54.767433
1,9.200000,1,2,-0.389627,1.178002,53.269104,56.249287,55.143875
0,9.400000,0,1,0.000017,-0.404739,55.864902,56.607105,55.424755
3,9.400000,4,3,0.000000,-1.098609,58.182014,55.453770,54.242622
2,9.400000,3,2,-1.098609,1.174333,57.866653,54.610455,54.760979
1,9.400000,1,2,-0.404739,1.174333,54.732780,57.048565,55.124428
0,9.600000,0,1,0.000017,-0.443612,54.405201,55.909367,55.488892
3,9.600000,4,3,0.000000,-1.120953,60.869129,54.504513,54.201317
2,9.600000,3,2,-1.120953,1.178975,55.220276,54.330650,54.808346
1,9.600000,1,2,-0.443612,1.178975,54.785778,56.276077,55.050144
0,9.800000,0,1,0.000017,-0.460296,63.144135,55.605080,55.516304
3,9.800000,4,3,0.000000,-1.131963,54.983452,54.971325,54.180908
2,9.800000,3,2,-1.131963,1.171778,53.614849,54.926208,54.815022
1,9.800000,1,2,-0.460296,1.171778,55.980980,56.017513,55.033882
0,10.000000,0,1,0.000018,-0.476979,52.280670,55.262905,55.543644
3,10.000000,4,3,0.000000,-1.161217,53.712025,54.998253,54.126492
2,10.000000,3,2,-1.161217,1.149540,57.348934,55.319180,54.827293
1,10.000000,1,2,-0.476979,1.149540,57.885738,55.559170,55.043411
0,10.200000,0,1,0.000018,-0.470433,55.211685,55.417561,55.532925
3,10.200000,4,3,0.000000,-1.173500,53.995975,53.751129,54.103561
2,10.200000,3,2,-1.173500,1.118459,54.458073,55.755943,54.794380
1,10.200000,1,2,-0.470433,1.118459,57.825459,55.062473,55.107704
0,10.400000,0,1,0.000018,-0.461293,58.252232,55.603439,55.517941
3,10.400000,4,3,0.000000,-1.166735,54.724995,54.697060,54.116196
2,10.400000,3,2,-1.166735,1.084620,55.066753,56.234135,54.722939
1,10.400000,1,2,-0.461293,1.084620,58.089161,55.096451,55.180687
0,10.600000,0,1,0.000019,-0.456333,59.188721,55.604618,55.509800
3,10.600000,4,3,0.000000,-1.178732,49.639950,54.012409,54.093777
2,10.600000,3,2,-1.178732,1.037973,55.069679,55.896584,54.661598
1,10.600000,1,2,-0.456333,1.037973,57.964424,55.213432,55.267677
0,10.800000,0,1,0.000019,-0.456333,58.233967,55.575367,55.509800
3,10.800000,4,3,0.000000,-1.185420,53.057865,54.168949,54.081261
2,10.800000,3,2,-1.185420,0.991325,53.016663,55.537437,54.590431
1,10.800000,1,2,-0.456333,0.991325,61.696426,55.301060,55.345711
0,11.000000,0,1,0.000019,-0.442029,56.324699,55.710499,55.486290
3,11.000000,4,3,0.000000,-1.202171,55.525745,54.022408,54.049843
2,11.000000,3,2,-1.202171,0.952362,46.443336,55.056717,54.550667
1,11.000000,1,2,-0.442029,0.952362,54.805458,54.974369,55.434139
0,11.200000,0,1,0.000020,-0.427726,58.731880,55.254837,55.462730
3,11.200000,4,3,0.000000,-1.216040,57.036556,54.197701,54.023766
2,11.200000,3,2,-1.216040,0.948831,58.054359,54.941246,54.569191
1,11.200000,1,2,-0.427726,0.948831,58.975254,54.678131,55.463585
0,11.400000,0,1,0.000020,-0.414058,57.449329,55.154118,55.440170
3,11.400000,4,3,0.000000,-1.247198,54.641346,54.109131,53.964951
2,11.400000,3,2,-1.247198,0.951646,55.184975,54.535191,54.629845
1,11.400000,1,2,-0.414058,0.951646,54.732552,54.616081,55.481468
0,11.600000,0,1,0.000021,-0.419459,59.291771,55.302834,55.449093
3,11.600000,4,3,0.000000,-1.251514,52.835865,53.141033,53.956779
2,11.600000,3,2,-1.251514,0.954460,55.639370,55.587189,54.642532
1,11.600000,1,2,-0.419459,0.954460,50.592625,55.506050,55.467934
0,11.800000,0,1,0.000021,-0.424860,53.760201,55.414131,55.458008
3,11.800000,4,3,0.000000,-1.245905,55.118900,54.355492,53.967400
2,11.800000,3,2,-1.245905,0.954461,58.300625,55.770351,54.632553
1,11.800000,1,2,-0.424860,0.954461,53.407078,55.224194,55.459026
0,12.000000,0,1,0.000021,-0.415571,50.399113,54.905670,55.442673
3,12.000000,4,3,0.000000,-1.245905,53.325035,53.481834,53.967400
2,12.000000,3,2,-1.245905,0.952415,56.520962,55.480671,54.628914
1,12.000000,1,2,-0.415571,0.952415,60.223179,55.258984,55.477707
0,12.200000,0,1,0.000022,-0.428749,56.854313,55.108044,55.464424
3,12.200000,4,3,0.000000,-1.241081,53.132481,53.446331,53.976524
2,12.200000,3,2,-1.241081,0.956245,50.703796,55.148502,54.627144
1,12.200000,1,2,-0.428749,0.956245,62.608124,56.037910,55.449665
0,12.400000,0,1,0.000022,-0.443185,57.397457,55.394947,55.488197
3,12.400000,4,3,0.000000,-1.248316,51.508114,55.087296,53.962833
2,12.400000,3,2,-1.248316,0.956245,52.015694,55.876305,54.640022
1,12.400000,1,2,-0.443185,0.956245,50.817467,55.785122,55.425804
0,12.600000,0,1,0.000022,-0.457620,52.883144,55.074947,55.511917
3,12.600000,4,3,0.000000,-1.259063,53.784492,54.109386,53.942467
2,12.600000,3,2,-1.259063,0.956245,55.836227,55.034851,54.659119
1,12.600000,1,2,-0.457620,0.956245,52.036118,54.625835,55.401894
0,12.800000,0,1,0.000023,-0.438576,52.115440,54.642921,55.480614
3,12.800000,4,3,0.000000,-1.264375,53.151203,53.365246,53.932388
2,12.800000,3,2,-1.264375,0.973947,52.629803,54.683323,54.699909
1,12.800000,1,2,-0.438576,0.973947,51.888737,54.097126,55.404121
0,13.000000,0,1,0.000023,-0.407337,52.260788,55.012028,55.429062
3,13.000000,4,3,0.000000,-1.259752,55.706955,54.175308,53.941162
2,13.000000,3,2,-1.259752,1.000256,53.713833,55.021023,54.738205
1,13.000000,1,2,-0.407337,1.000256,54.619034,53.473278,55.412292
0,13.200000,0,1,0.000023,-0.371132,51.916878,54.625366,55.369011
3,13.200000,4,3,0.000000,-1.283136,54.961628,55.542477,53.896713
2,13.200000,3,2,-1.283136,1.026724,52.019405,54.674606,54.825729
1,13.200000,1,2,-0.371132,1.026724,49.832180,54.331406,55.428410
0,13.400000,0,1,0.000024,-0.362532,55.082184,55.225689,55.354698
3,13.400000,4,3,0.000000,-1.313522,52.665443,54.299561,53.838680
2,13.400000,3,2,-1.313522,1.053193,55.941761,54.579777,54.924690
1,13.400000,1,2,-0.362532,1.053193,51.095009,54.662807,55.398811
0,13.600000,0,1,0.000024,-0.342425,55.341526,54.877048,55.321159
3,13.600000,4,3,0.000000,-1.313521,51.967804,53.570427,53.838684
2,13.600000,3,2,-1.313521,1.081713,58.279018,54.852089,54.973999
1,13.600000,1,2,-0.342425,1.081713,54.643177,54.876640,55.384846
0,13.800000,0,1,0.000024,-0.342424,54.330410,54.626102,55.321159
3,13.800000,4,3,0.000000,-1.337053,47.973339,54.344398,53.793526
2,13.800000,3,2,-1.337053,1.110234,49.194012,55.152782,55.063416
1,13.800000,1,2,-0.342424,1.110234,58.127090,55.667614,55.337376
0,14.000000,0,1,0.000025,-0.342424,51.099339,54.452763,55.321159
3,14.000000,4,3,0.000000,-1.350915,54.182846,54.352459,53.766838
2,14.000000,3,2,-1.350915,1.119362,52.672241,54.960564,55.102676
1,14.000000,1,2,-0.342424,1.119362,52.236404,55.692356,55.322136
0,14.200000,0,1,0.000025,-0.348338,55.785133,55.033527,55.331039
3,14.200000,4,3,0.000000,-1.350915,53.817619,54.475952,53.766838
2,14.200000,3,2,-1.350915,1.112606,56.348156,55.213295,55.091148
1,14.200000,1,2,-0.348338,1.112606,57.796574,55.789188,55.323547
0,14.400000,0,1,0.000026,-0.370714,51.744633,55.297588,55.368320
3,14.400000,4,3,0.000000,-1.350914,52.997787,56.385090,53.766838
2,14.400000,3,2,-1.350914,1.112606,58.862007,54.917057,55.091148
1,14.400000,1,2,-0.370714,1.112606,49.108677,56.143742,55.286106
0,14.600000,0,1,0.000026,-0.386100,58.417782,55.407181,55.393883
3,14.600000,4,3,0.000000,-1.369842,50.562832,51.992393,53.730289
2,14.600000,3,2,-1.369842,1.132026,53.065483,54.923786,55.156387
1,14.600000,1,2,-0.386100,1.132026,54.079315,55.917248,55.227615
0,14.800000,0,1,0.000026,-0.401485,55.178333,55.077862,55.419388
3,14.800000,4,3,0.000000,-1.312937,59.592731,54.323982,53.839798
2,14.800000,3,2,-1.312937,1.160400,60.376060,54.807827,55.107887
1,14.800000,1,2,-0.401485,1.160400,52.968704,55.500999,55.153625
0,15.000000,0,1,0.000027,-0.406560,55.771629,55.905228,55.427784
3,15.000000,4,3,0.000000,-1.296393,53.809116,54.383682,53.871433
2,15.000000,3,2,-1.296393,1.182054,55.193790,55.143559,55.116592
1,15.000000,1,2,-0.406560,1.182054,52.982376,55.895493,55.108181
0,15.200000,0,1,0.000027,-0.426778,55.086117,55.977764,55.461182
3,15.200000,4,3,0.000000,-1.275216,57.217484,53.198669,53.911789
2,15.200000,3,2,-1.275216,1.212063,59.827385,54.852066,55.131615
1,15.200000,1,2,-0.426778,1.212063,55.689438,55.253582,55.022270
0,15.400000,0,1,0.000027,-0.424102,54.305286,55.715694,55.456764
3,15.400000,4,3,0.000000,-1.240288,49.273590,53.504826,53.978020
2,15.400000,3,2,-1.240288,1.221874,55.461540,55.194412,55.088833
1,15.400000,1,2,-0.424102,1.221874,57.699600,55.382969,55.010010
0,15.600000,0,1,0.000028,-0.420536,50.692635,55.797832,55.450882
3,15.600000,4,3,0.000000,-1.205924,55.555763,54.445705,54.042797
2,15.600000,3,2,-1.205924,1.231685,47.959873,55.227676,55.046844
1,15.600000,1,2,-0.420536,1.231685,55.832859,55.235931,54.999268
0,15.800000,0,1,0.000028,-0.410089,57.630634,55.808064,55.433624
3,15.800000,4,3,0.000000,-1.192592,47.803001,54.845490,54.067822
2,15.800000,3,2,-1.192592,1.221465,52.366447,54.763203,55.006416
1,15.800000,1,2,-0.410089,1.221465,58.264164,55.078426,55.034775
0,16.000000,0,1,0.000028,-0.410089,53.373051,56.151794,55.433624
3,16.000000,4,3,0.000000,-1.160728,57.676796,53.981251,54.127403
2,16.000000,3,2,-1.160728,1.243155,53.684891,54.681664,54.988907
1,16.000000,1,2,-0.410089,1.243155,55.654575,55.270054,54.997509
0,16.200000,0,1,0.000029,-0.410088,54.229530,55.309776,55.433624
3,16.200000,4,3,0.000000,-1.127056,52.916714,53.899338,54.190010
2,16.200000,3,2,-1.127056,1.264394,57.746429,54.922920,54.967468
1,16.200000,1,2,-0.410088,1.264394,58.278011,55.773937,54.960892
0,16.400000,0,1,0.000029,-0.410088,59.539043,55.509720,55.433624
3,16.400000,4,3,0.000000,-1.085652,57.774227,53.893860,54.266502
2,16.400000,3,2,-1.085652,1.273358,54.353287,54.599010,54.911335
1,16.400000,1,2,-0.410088,1.273358,47.757458,55.697113,54.945400
0,16.600000,0,1,0.000029,-0.401615,60.149780,55.488140,55.419605
3,16.600000,4,3,0.000000,-1.062560,50.116840,56.040077,54.308929
2,16.600000,3,2,-1.062560,1.288779,54.724518,54.783661,54.898018
1,16.600000,1,2,-0.401615,1.288779,53.870823,55.766716,54.933380
0,16.800000,0,1,0.000030,-0.412625,57.298767,56.450935,55.437820
3,16.800000,4,3,0.000000,-1.062560,56.673691,55.023277,54.308929
2,16.800000,3,2,-1.062560,1.279544,53.763969,55.280384,54.881966
1,16.800000,1,2,-0.412625,1.279544,56.756630,56.072521,54.930305
0,17.000000,0,1,0.000030,-0.423636,53.875481,55.852207,55.456001
3,17.000000,4,3,0.000000,-1.069382,54.562305,53.523247,54.296413
2,17.000000,3,2,-1.069382,1.282445,54.872223,54.774319,54.898865
1,17.000000,1,2,-0.423636,1.282445,57.085274,55.846905,54.906181
0,17.200000,0,1,0.000030,-0.430981,57.785316,56.129276,55.468117
3,17.200000,4,3,0.000000,-1.045657,55.306686,55.589466,54.339886
2,17.200000,3,2,-1.045657,1.285347,52.942406,54.941563,54.862637
1,17.200000,1,2,-0.430981,1.285347,54.504402,56.052387,54.888382
0,17.400000,0,1,0.000031,-0.430981,53.843723,56.142689,55.468117
3,17.400000,4,3,0.000000,-1.045656,52.388817,53.538223,54.339886
2,17.400000,3,2,-1.045656,1.282073,55.177784,54.562229,54.856926
1,17.400000,1,2,-0.430981,1.282073,53.780895,55.100723,54.894073
0,17.600000,0,1,0.000031,-0.420383,58.267982,56.726109,55.450638
3,17.600000,4,3,0.000000,-1.014491,55.750645,52.831547,54.396725
2,17.600000,3,2,-1.014491,1.289874,56.049332,54.384838,54.816116
1,17.600000,1,2,-0.420383,1.289874,52.496460,55.132046,54.898933
0,17.800000,0,1,0.000032,-0.409786,53.473885,56.744835,55.433128
3,17.800000,4,3,0.000000,-0.963067,51.017151,53.338085,54.489864
2,17.800000,3,2,-0.963067,1.314131,56.055149,54.569042,54.768463
1,17.800000,1,2,-0.409786,1.314131,55.086834,54.474396,54.875183
0,18.000000,0,1,0.000032,-0.389176,60.321529,56.306324,55.398998
3,18.000000,4,3,0.000000,-0.963067,54.462555,52.699242,54.489868
2,18.000000,3,2,-0.963067,1.334736,50.601048,54.981762,54.804626
1,18.000000,1,2,-0.389176,1.334736,57.983807,54.163078,54.875191
0,18.200000,0,1,0.000032,-0.392588,50.521156,55.847065,55.404655
3,18.200000,4,3,0.000000,-0.926174,53.661053,56.626072,54.556198
2,18.200000,3,2,-0.926174,1.342172,56.233170,54.754044,54.752892
1,18.200000,1,2,-0.392588,1.342172,54.491463,55.079308,54.856293
0,18.400000,0,1,0.000033,-0.392588,47.943619,56.118530,55.404655
3,18.400000,4,3,0.000000,-0.960282,59.817997,54.136581,54.494888
2,18.400000,3,2,-0.960282,1.334304,52.760532,53.849037,54.798985
1,18.400000,1,2,-0.392588,1.334304,58.410423,55.683556,54.870003
0,18.600000,0,1,0.000033,-0.392588,57.347916,56.564529,55.404655
3,18.600000,4,3,0.000000,-0.943143,53.872887,53.838745,54.525742
2,18.600000,3,2,-0.943143,1.344562,52.374825,54.057831,54.786919
1,18.600000,1,2,-0.392588,1.344562,47.533752,55.714714,54.852123
0,18.800000,0,1,0.000033,-0.397169,62.238358,56.850990,55.412247
3,18.800000,4,3,0.000000,-0.925164,55.868629,53.876255,54.558006
2,18.800000,3,2,-0.925164,1.366866,56.227951,53.664539,54.794502
1,18.800000,1,2,-0.397169,1.366866,56.565205,55.212421,54.805122
0,19.000000,0,1,0.000034,-0.391352,52.731930,55.982037,55.402611
3,19.000000,4,3,0.000000,-0.904266,53.461746,53.978409,54.595398
2,19.000000,3,2,-0.904266,1.392036,59.486584,53.919212,54.801994
1,19.000000,1,2,-0.391352,1.392036,53.788017,54.715500,54.771164
0,19.200000,0,1,0.000034,-0.378269,60.932514,56.489502,55.380894
3,19.200000,4,3,0.000000,-0.873791,54.438107,55.325684,54.649693
2,19.200000,3,2,-0.873791,1.417205,56.345058,54.485126,54.792694
1,19.200000,1,2,-0.378269,1.417205,58.597301,54.416321,54.749905
0,19.400000,0,1,0.000034,-0.367779,53.553345,56.455170,55.363453
3,19.400000,4,3,0.000000,-0.853515,49.095749,55.124565,54.685669
2,19.400000,3,2,-0.853515,1.439431,54.878914,53.700542,54.796112
1,19.400000,1,2,-0.367779,1.439431,50.059799,54.010273,54.729218
0,19.600000,0,1,0.000035,-0.356132,53.596298,56.036076,55.344055
3,19.600000,4,3,0.000000,-0.848193,54.298088,56.581329,54.695087
2,19.600000,3,2,-0.848193,1.482135,52.571243,53.441212,54.861458
1,19.600000,1,2,-0.356132,1.482135,55.518379,54.372231,54.674286
0,19.800000,0,1,0.000035,-0.353275,56.605927,56.066738,55.339291
3,19.800000,4,3,0.000000,-0.855734,53.690289,54.765938,54.681736
2,19.800000,3,2,-0.855734,1.511420,61.577946,54.181435,54.925453
1,19.800000,1,2,-0.353275,1.511420,54.483547,54.814739,54.627327
0,20.000000,0,1,0.000035,-0.353274,54.483425,56.077312,55.339291
3,20.000000,4,3,0.000000,-0.830691,48.134663,54.242088,54.726021
2,20.000000,3,2,-0.830691,1.544518,59.995342,54.127224,54.939400
1,20.000000,1,2,-0.353274,1.544518,60.655659,54.736679,54.568222
0,20.200000,0,1,0.000036,-0.348759,54.066685,55.911533,55.331757
3,20.200000,4,3,0.000000,-0.780608,55.382881,54.756496,54.814041
2,20.200000,3,2,-0.780608,1.558779,55.911541,54.308620,54.877235
1,20.200000,1,2,-0.348759,1.558779,51.001232,54.689377,54.550758
0,20.400000,0,1,0.000036,-0.345801,58.591728,55.351059,55.326820
3,20.400000,4,3,0.000000,-0.751862,56.045437,55.889801,54.864243
2,20.400000,3,2,-0.751862,1.573041,53.356400,54.215927,54.852001
1,20.400000,1,2,-0.345801,1.573041,55.997715,54.906811,54.530464
0,20.600000,0,1,0.000037,-0.326081,54.848267,55.451622,55.293846
3,20.600000,4,3,0.000000,-0.756272,53.487942,54.637005,54.856560
2,20.600000,3,2,-0.756272,1.585643,56.618252,55.113190,54.881638
1,20.600000,1,2,-0.326081,1.585643,54.152489,54.061249,54.543247
0,20.800000,0,1,0.000037,-0.298698,59.884922,55.458805,55.247887
3,20.800000,4,3,0.000000,-0.761506,55.123566,54.781937,54.847427
2,20.800000,3,2,-0.761506,1.576721,55.077396,54.880650,54.875217
1,20.800000,1,2,-0.298698,1.576721,51.952232,53.920135,54.608208
0,21.000000,0,1,0.000037,-0.261307,54.070820,55.539680,55.184814
3,21.000000,4,3,0.000000,-0.756105,50.442543,54.699635,54.856850
2,21.000000,3,2,-0.756105,1.569088,51.889862,55.287872,54.852509
1,21.000000,1,2,-0.261307,1.569088,57.267445,53.644981,54.688240
0,21.200000,0,1,0.000038,-0.219687,57.555145,55.414993,55.114174
3,21.200000,4,3,0.000000,-0.752462,55.874523,54.743469,54.863197
2,21.200000,3,2,-0.752462,1.553285,54.758224,55.591419,54.818535
1,21.200000,1,2,-0.219687,1.553285,51.143963,53.704449,54.789452
0,21.400000,0,1,0.000038,-0.187422,60.211346,55.675285,55.059097
3,21.400000,4,3,0.000000,-0.757204,52.518024,54.317333,54.854935
2,21.400000,3,2,-0.757204,1.544930,56.049782,56.182423,54.812210
1,21.400000,1,2,-0.187422,1.544930,50.904297,54.209740,54.860489
0,21.600000,0,1,0.000038,-0.178630,50.615208,55.565132,55.044037
3,21.600000,4,3,0.000000,-0.738367,56.520546,53.888847,54.887730
2,21.600000,3,2,-0.738367,1.515854,52.841194,56.656479,54.727997
1,21.600000,1,2,-0.178630,1.515854,61.314732,53.909790,54.926292
0,21.800000,0,1,0.000039,-0.178629,57.530025,55.365871,55.044037
3,21.800000,4,3,0.000000,-0.721802,59.729053,54.038177,54.916496
2,21.800000,3,2,-0.721802,1.486779,52.950390,56.322044,54.647171
1,21.800000,1,2,-0.178629,1.486779,50.963245,54.556969,54.976551
0,22.000000,0,1,0.000039,-0.172298,57.806320,55.365799,55.033184
3,22.000000,4,3,0.000000,-0.721802,54.369308,54.292194,54.916496
2,22.000000,3,2,-0.721802,1.486779,53.123745,55.697765,54.647171
1,22.000000,1,2,-0.172298,1.486779,55.385628,54.099030,54.987461
0,22.200000,0,1,0.000039,-0.168327,60.452812,55.362106,55.026367
3,22.200000,4,3,0.000000,-0.716687,55.120701,55.006107,54.925362
2,22.200000,3,2,-0.716687,1.486780,56.731918,55.648972,54.638077
1,22.200000,1,2,-0.168327,1.486780,54.832916,54.210297,54.994301
0,22.400000,0,1,0.000040,-0.158118,53.121475,55.905094,55.008827
3,22.400000,4,3,0.000000,-0.732356,55.394276,54.662540,54.898178
2,22.400000,3,2,-0.732356,1.499553,47.839611,55.075996,54.688560
1,22.400000,1,2,-0.158118,1.499553,49.495880,54.556911,54.989883
0,22.600000,0,1,0.000040,-0.169148,47.906445,55.633095,55.027779
3,22.600000,4,3,0.000000,-0.724812,53.690681,55.697823,54.911270
2,22.600000,3,2,-0.724812,1.508614,51.918839,55.221794,54.691246
1,22.600000,1,2,-0.169148,1.508614,54.720055,54.992878,54.955227
0,22.800000,0,1,0.000040,-0.175497,57.220993,56.126328,55.038673
3,22.800000,4,3,0.000000,-0.759614,55.826870,56.304802,54.850727
2,22.800000,3,2,-0.759614,1.511736,54.329247,55.165112,54.758179
1,22.800000,1,2,-0.175497,1.511736,56.649895,54.908573,54.938850
0,23.000000,0,1,0.000041,-0.179976,53.035080,56.571541,55.046349
3,23.000000,4,3,0.000000,-0.796761,55.173363,53.629883,54.785728
2,23.000000,3,2,-0.796761,1.515990,58.208908,55.629707,54.830780
1,23.000000,1,2,-0.179976,1.515990,53.843941,54.799637,54.923729
0,23.200000,0,1,0.000041,-0.182279,53.099232,56.908203,55.050293
3,23.200000,4,3,0.000000,-0.791882,53.242260,54.540920,54.794289
2,23.200000,3,2,-0.791882,1.528425,58.615112,55.555290,54.843979
1,23.200000,1,2,-0.182279,1.528425,55.241264,54.614155,54.898155
0,23.400000,0,1,0.000041,-0.172922,55.965359,56.690742,55.034256
3,23.400000,4,3,0.000000,-0.802360,55.916496,55.505569,54.775902
2,23.400000,3,2,-0.802360,1.539072,55.132931,55.474941,54.880795
1,23.400000,1,2,-0.172922,1.539072,56.550468,54.126442,54.895916
0,23.600000,0,1,0.000042,-0.142788,55.636333,56.039906,54.982445
3,23.600000,4,3,0.000000,-0.843773,54.027126,55.607224,54.702908
2,23.600000,3,2,-0.843773,1.539072,57.807850,55.242355,54.952606
1,23.600000,1,2,-0.142788,1.539072,57.987591,54.343014,54.948143
0,23.800000,0,1,0.000042,-0.111602,54.078072,54.791473,54.928558
3,23.800000,4,3,0.000000,-0.884066,54.575993,55.276020,54.631416
2,23.800000,3,2,-0.884066,1.539073,52.915298,54.921001,55.022022
1,23.800000,1,2,-0.111602,1.539073,54.055359,54.116489,55.001930
0,24.000000,0,1,0.000043,-0.092621,52.061718,54.954624,54.895634
3,24.000000,4,3,0.000000,-0.917631,53.618484,55.519276,54.571503
2,24.000000,3,2,-0.917631,1.554211,61.153130,55.425163,55.105339
1,24.000000,1,2,-0.092621,1.554211,51.586849,53.865067,55.008537
0,24.200000,0,1,0.000043,-0.073640,48.692322,55.461651,54.862606
3,24.200000,4,3,0.000000,-0.947583,56.331669,56.014568,54.517754
2,24.200000,3,2,-0.947583,1.561846,58.816936,55.208790,55.169205
1,24.200000,1,2,-0.073640,1.561846,52.355434,53.967285,55.028030
0,24.400000,0,1,0.000043,-0.058545,52.076515,55.180294,54.836269
3,24.400000,4,3,0.000000,-0.959633,56.030025,55.497654,54.496056
2,24.400000,3,2,-0.959633,1.561847,55.974667,55.505711,55.189606
1,24.400000,1,2,-0.058545,1.561847,54.013489,54.160210,55.053905
0,24.600000,0,1,0.000044,-0.054825,52.721630,55.774151,54.829769
3,24.600000,4,3,0.000000,-0.983484,55.914162,53.512791,54.452980
2,24.600000,3,2,-0.983484,1.569126,57.307541,55.367222,55.242119
1,24.600000,1,2,-0.054825,1.569126,54.406670,54.917053,55.047810
0,24.800000,0,1,0.000044,-0.036024,53.372768,55.384060,54.796860
3,24.800000,4,3,0.000000,-0.956228,45.896099,54.609161,54.502190
2,24.800000,3,2,-0.956228,1.565380,60.158058,55.639568,55.189819
1,24.800000,1,2,-0.036024,1.565380,49.979687,55.016918,55.086369
0,25.000000,0,1,0.000044,-0.036024,53.815369,55.571987,54.796860
3,25.000000,4,3,0.000000,-0.960499,47.643993,53.897217,54.494495
2,25.000000,3,2,-0.960499,1.561635,53.701164,55.927872,55.190712
1,25.000000,1,2,-0.036024,1.561635,58.308594,55.065434,55.092758
0,25.200000,0,1,0.000045,-0.046017,56.118916,56.054668,54.814362
3,25.200000,4,3,0.000000,-0.939617,59.119518,56.000450,54.532074
2,25.200000,3,2,-0.939617,1.568911,53.856384,55.177074,55.167679
1,25.200000,1,2,-0.046017,1.568911,53.324276,55.357925,55.063255
0,25.400000,0,1,0.000045,-0.053572,54.511002,56.002087,54.827583
3,25.400000,4,3,0.000000,-0.964330,55.908691,54.435158,54.487587
2,25.400000,3,2,-0.964330,1.578465,59.598492,54.930222,55.225586
1,25.400000,1,2,-0.053572,1.578465,57.994511,55.236908,55