3,0.200000,4,3,0.000000,0.000000,55.574562,52.624371,53.280983
2,0.200000,2,3,0.000000,0.000000,50.127949,NaN,52.129963
1,0.200000,2,1,0.000000,0.000000,56.595566,NaN,55.507919
0,0.200000,1,0,0.000000,0.000000,60.111107,NaN,57.790756
3,0.400000,4,3,0.000000,0.000001,51.857670,53.485649,53.280983
2,0.400000,2,3,0.000001,0.000001,47.647251,NaN,52.129963
1,0.400000,2,1,0.000001,0.000001,54.647846,NaN,55.507919
0,0.400000,1,0,0.000001,0.000001,63.010841,NaN,57.790756
3,0.600000,4,3,0.000000,0.000001,58.367405,53.241150,53.280983
2,0.600000,2,3,0.029875,0.000001,53.505676,54.424202,52.196716
1,0.600000,2,1,0.029875,0.000001,59.097588,56.284245,55.458752
0,0.600000,1,0,0.000001,0.000001,61.410545,60.054855,57.790756
3,0.800000,4,3,0.000000,0.029660,48.344074,52.942623,53.340607
2,0.800000,2,3,0.125963,0.029660,54.087719,49.870358,52.343704
1,0.800000,2,1,0.125963,0.049502,60.379883,54.636055,55.381630
0,0.800000,1,0,0.049502,0.000001,61.509201,57.838985,57.724686
3,1.000000,4,3,0.000000,0.040280,51.327217,53.041927,53.361877
2,1.000000,2,3,0.180594,0.040280,48.826668,52.112938,52.439995
1,1.000000,2,1,0.180594,0.056359,48.549828,57.694836,55.301968
0,1.000000,1,0,0.056359,0.000002,59.865799,58.693268,57.715500
3,1.200000,4,3,0.000000,0.065260,57.187965,53.031475,53.411751
2,1.200000,2,3,0.250883,0.065260,53.969318,53.540073,52.538246
1,1.200000,2,1,0.250883,0.088267,52.193237,56.209129,55.237541
0,1.200000,1,0,0.088267,0.000002,66.823792,58.156460,57.672661
3,1.400000,4,3,0.000000,0.090081,51.972771,53.961269,53.461075
2,1.400000,2,3,0.293509,0.090081,54.749260,52.875282,52.576618
1,1.400000,2,1,0.293509,0.129304,52.660049,55.596516,55.234867
0,1.400000,1,0,0.129304,0.000002,58.210411,58.254028,57.617310
3,1.600000,4,3,0.000000,0.099548,52.573750,53.670700,53.479828
2,1.600000,2,3,0.349725,0.099548,50.304779,53.460724,52.676716
1,1.600000,2,1,0.349725,0.187516,57.804173,55.452164,55.238228
0,1.600000,1,0,0.187516,0.000003,54.363506,57.473881,57.538315
3,1.800000,4,3,0.000000,0.117698,54.292828,53.250420,53.515694
2,1.800000,2,3,0.406985,0.117698,50.250523,53.372097,52.759758
1,1.800000,2,1,0.406985,0.218930,60.572563,54.693321,55.194633
0,1.800000,1,0,0.218930,0.000003,58.979282,57.366848,57.495438
3,2.000000,4,3,0.000000,0.147421,53.229237,53.576817,53.574173
2,2.000000,2,3,0.443221,0.147421,54.447868,53.416523,52.773521
1,2.000000,2,1,0.443221,0.256812,55.826027,55.507462,55.197414
0,2.000000,1,0,0.256812,0.000004,61.267353,57.393677,57.443516
3,2.200000,4,3,0.000000,0.169764,55.598427,53.760769,53.617924
2,2.200000,2,3,0.500241,0.169764,53.916748,52.333698,52.846527
1,2.200000,2,1,0.500241,0.276604,54.355667,55.593918,55.134323
0,2.200000,1,0,0.276604,0.000004,59.727978,57.442184,57.416290
3,2.400000,4,3,0.000000,0.196942,53.393208,53.109188,53.670906
2,2.400000,2,3,0.578755,0.196942,59.624538,52.918816,52.953716
1,2.400000,2,1,0.578755,0.279937,58.010818,55.607414,55.005787
0,2.400000,1,0,0.279937,0.000004,59.217041,56.691570,57.411697
3,2.600000,4,3,0.000000,0.240206,56.408932,53.399971,53.754723
2,2.600000,2,3,0.646221,0.240206,52.489902,52.912174,53.003883
1,2.600000,2,1,0.646221,0.291633,58.501213,55.037144,54.909447
0,2.600000,1,0,0.291633,0.000005,54.654930,56.069221,57.395569
3,2.800000,4,3,0.000000,0.274487,50.588268,52.694988,53.820679
2,2.800000,2,3,0.727839,0.274487,52.026241,53.570995,53.101341
1,2.800000,2,1,0.727839,0.323748,47.341896,55.138584,54.823204
0,2.800000,1,0,0.323748,0.000005,57.590019,55.960056,57.351158
3,3.000000,4,3,0.000000,0.315984,52.256699,53.290100,53.899986
2,3.000000,2,3,0.773882,0.315984,47.268593,53.756569,53.110657
1,3.000000,2,1,0.773882,0.356434,52.357109,54.768211,54.799820
0,3.000000,1,0,0.356434,0.000005,56.686817,56.582150,57.305771
3,3.200000,4,3,0.000000,0.344187,52.371044,53.126167,53.953556
2,3.200000,2,3,0.821477,0.344187,52.290310,54.011478,53.150295
1,3.200000,2,1,0.821477,0.390916,52.202656,54.758453,54.776810
0,3.200000,1,0,0.390916,0.000006,58.694233,55.804031,57.257683
3,3.400000,4,3,0.000000,0.367859,51.604214,54.280235,53.998322
2,3.400000,2,3,0.864900,0.367859,55.343117,54.415855,53.190521
1,3.400000,2,1,0.864900,0.425398,49.522362,54.347458,54.761093
0,3.400000,1,0,0.425398,0.000006,56.861561,55.864555,57.209377
3,3.600000,4,3,0.000000,0.378924,44.057396,53.634163,54.019180
2,3.600000,2,3,0.909266,0.378924,49.925919,54.216778,53.258003
1,3.600000,2,1,0.909266,0.479727,48.193314,54.786015,54.778603
0,3.600000,1,0,0.479727,0.000006,55.829437,56.014568,57.132835
3,3.800000,4,3,0.000000,0.395765,53.125801,53.571255,54.050850
2,3.800000,2,3,0.953063,0.395765,51.572906,54.245605,53.312328
1,3.800000,2,1,0.953063,0.518868,58.030258,54.880165,54.770424
0,3.800000,1,0,0.518868,0.000007,52.176159,55.567837,57.077354
3,4.000000,4,3,0.000000,0.424182,53.729038,53.527821,54.104084
2,4.000000,2,3,0.969692,0.424182,47.014343,55.009743,53.288605
1,4.000000,2,1,0.969692,0.558009,52.292377,54.752216,54.809921
0,4.000000,1,0,0.558009,0.000007,55.840401,55.385075,57.021584
3,4.200000,4,3,0.000000,0.433844,48.358086,55.052341,54.122124
2,4.200000,2,3,0.986503,0.433844,51.646748,54.202087,53.302994
1,4.200000,2,1,0.986503,0.590382,55.043171,55.134678,54.837135
0,4.200000,1,0,0.590382,0.000007,58.565697,56.491413,56.975243
3,4.400000,4,3,0.000000,0.428971,52.522850,54.109402,54.113029
2,4.400000,2,3,1.017053,0.428971,53.442448,54.319122,53.374031
1,4.400000,2,1,1.017053,0.613536,52.968281,55.337521,54.824211
0,4.400000,1,0,0.613536,0.000008,51.246727,56.472496,56.941978
3,4.600000,4,3,0.000000,0.428972,56.817631,54.255508,54.113029
2,4.600000,2,3,1.054218,0.428972,55.231247,53.836250,53.448063
1,4.600000,2,1,1.054218,0.636691,52.723774,55.782875,54.799679
0,4.600000,1,0,0.636691,0.000008,54.978756,55.964943,56.908607
3,4.800000,4,3,0.000000,0.432464,53.250935,52.975578,54.119553
2,4.800000,2,3,1.074461,0.432464,55.491680,54.693737,53.481262
1,4.800000,2,1,1.074461,0.653427,56.961411,55.669617,54.793533
0,4.800000,1,0,0.653427,0.000008,52.107513,56.625416,56.884426
3,5.000000,4,3,0.000000,0.465310,52.168396,52.808628,54.180672
2,5.000000,2,3,1.092680,0.465310,55.234528,54.645550,53.452278
1,5.000000,2,1,1.092680,0.670163,53.719631,55.373268,54.790932
0,5.000000,1,0,0.670163,0.000009,58.417942,56.488865,56.860191
3,5.200000,4,3,0.000000,0.501577,49.058578,54.204174,54.247757
2,5.200000,2,3,1.136875,0.501577,56.195522,53.321953,53.467995
1,5.200000,2,1,1.136875,0.684230,53.919563,55.755917,54.737949
0,5.200000,1,0,0.684230,0.000009,58.148247,56.051533,56.839775
3,5.400000,4,3,0.000000,0.516148,55.466164,54.266457,54.274597
2,5.400000,2,3,1.168913,0.516148,55.107960,54.359833,53.502556
1,5.400000,2,1,1.168913,0.694622,49.841499,55.964352,54.699726
0,5.400000,1,0,0.694622,0.000010,51.986778,56.340210,56.824669
3,5.600000,4,3,0.000000,0.527008,59.541153,51.992111,54.294556
2,5.600000,2,3,1.200951,0.527008,54.802391,54.414646,53.544308
1,5.600000,2,1,1.200951,0.709376,52.689030,55.540981,54.669106
0,5.600000,1,0,0.709376,0.000010,63.141632,56.673233,56.803192
3,5.800000,4,3,0.000000,0.572636,53.767735,54.634773,54.378021
2,5.800000,2,3,1.222495,0.572636,60.158394,53.982212,53.496811
1,5.800000,2,1,1.222495,0.739699,55.981461,55.236401,54.684669
0,5.800000,1,0,0.739699,0.000010,56.702774,57.079262,56.758907
3,6.000000,4,3,0.000000,0.563277,53.814274,53.265720,54.360950
2,6.000000,2,3,1.236442,0.563277,55.152012,53.635338,53.542778
1,6.000000,2,1,1.236442,0.795381,51.692680,54.396259,54.758350
0,6.000000,1,0,0.795381,0.000011,59.608742,56.607059,56.677113
3,6.200000,4,3,0.000000,0.571936,57.685043,54.564568,54.376743
2,6.200000,2,3,1.240244,0.571936,46.654305,53.475113,53.533211
1,6.200000,2,1,1.240244,0.850688,58.436600,54.760906,54.848595
0,6.200000,1,0,0.850688,0.000011,60.071045,56.393444,56.595257
3,6.400000,4,3,0.000000,0.548801,52.638466,55.564373,54.334503
2,6.400000,2,3,1.249735,0.548801,54.005814,53.239651,53.597286
1,6.400000,2,1,1.249735,0.896960,50.179138,55.212090,54.912590
0,6.400000,1,0,0.896960,0.000011,59.337715,56.605133,56.526295
3,6.600000,4,3,0.000000,0.541060,56.786110,53.511478,54.320328
2,6.600000,2,3,1.260382,0.541060,48.583332,53.017971,53.633232
1,6.600000,2,1,1.260382,0.917799,49.133846,55.271545,54.930256
0,6.600000,1,0,0.917799,0.000012,58.049740,57.434456,56.495094
3,6.800000,4,3,0.000000,0.558650,53.431702,53.718895,54.352505
2,6.800000,2,3,1.282288,0.558650,56.944710,53.216423,53.641647
1,6.800000,2,1,1.282288,0.940103,54.083157,55.198757,54.930946
0,6.800000,1,0,0.940103,0.000012,57.240627,57.017570,56.461601
3,7.000000,4,3,0.000000,0.572784,55.434845,55.084023,54.378288
2,7.000000,2,3,1.282288,0.572784,55.057045,53.794579,53.614052
1,7.000000,2,1,1.282288,0.953406,50.592690,55.420734,54.953957
0,7.000000,1,0,0.953406,0.000012,54.863571,56.574650,56.441574
3,7.200000,4,3,0.000000,0.561723,55.905270,52.688446,54.358116
2,7.200000,2,3,1.282289,0.561723,55.953800,53.461395,53.635658
1,7.200000,2,1,1.282289,0.960893,55.099503,55.487194,54.966888
0,7.200000,1,0,0.960893,0.000013,55.997265,57.104549,56.430286
3,7.400000,4,3,0.000000,0.582116,56.308563,53.872272,54.395279
2,7.400000,2,3,1.282289,0.582116,56.184738,53.741081,53.595795
1,7.400000,2,1,1.282289,0.960894,54.783558,55.837761,54.966888
0,7.400000,1,0,0.960894,0.000013,55.906456,57.393444,56.430286
3,7.600000,4,3,0.000000,0.589244,48.782803,53.313446,54.408237
2,7.600000,2,3,1.287164,0.589244,52.173069,54.205803,53.591385
1,7.600000,2,1,1.287164,0.940906,53.268406,54.725700,54.923889
0,7.600000,1,0,0.940906,0.000013,54.222759,57.094128,56.460396
3,7.800000,4,3,0.000000,0.618697,57.927238,54.438339,54.461624
2,7.800000,2,3,1.282921,0.618697,53.855560,54.163017,53.525166
1,7.800000,2,1,1.282921,0.936848,60.485718,55.049416,54.924210
0,7.800000,1,0,0.936848,0.000014,59.452190,56.837872,56.466499
3,8.000000,4,3,0.000000,0.595863,52.301517,53.446484,54.420258
2,8.000000,2,3,1.273583,0.595863,52.668442,53.995373,53.551735
1,8.000000,2,1,1.273583,0.940163,59.301971,55.606918,54.946114
0,8.000000,1,0,0.940163,0.000014,46.610722,55.609528,56.461514
3,8.200000,4,3,0.000000,0.590424,57.249771,54.246368,54.410381
2,8.200000,2,3,1.267542,0.590424,54.817802,53.837116,53.550552
1,8.200000,2,1,1.267542,0.954735,62.870369,54.632858,54.981697
0,8.200000,1,0,0.954735,0.000015,55.995907,55.504963,56.439575
3,8.400000,4,3,0.000000,0.564253,53.310928,54.856495,54.362732
2,8.400000,2,3,1.269509,0.564253,56.356888,54.168381,53.605743
1,8.400000,2,1,1.269509,0.969974,59.120255,54.806557,55.004555
0,8.400000,1,0,0.969974,0.000015,53.070881,55.240505,56.416584
3,8.600000,4,3,0.000000,0.529441,56.614498,55.004951,54.299026
2,8.600000,2,3,1.264972,0.529441,51.283798,54.372032,53.664818
1,8.600000,2,1,1.264972,0.974748,52.472984,55.144077,55.020557
0,8.600000,1,0,0.974748,0.000015,54.487904,55.607178,56.409370
3,8.800000,4,3,0.000000,0.502765,54.827915,55.545815,54.249947
2,8.800000,2,3,1.258524,0.502765,52.997887,53.779716,53.704109
1,8.800000,2,1,1.258524,0.965964,55.284943,55.433487,55.016544
0,8.800000,1,0,0.965964,0.000016,50.331081,55.602306,56.422638
3,9.000000,4,3,0.000000,0.472617,52.568718,53.713612,54.194221
2,9.000000,2,3,1.255026,0.472617,56.685204,53.549583,53.755661
1,9.000000,2,1,1.255026,0.965965,60.193035,55.731464,55.022552
0,9.000000,1,0,0.965965,0.000016,54.139515,55.716953,56.422638
3,9.200000,4,3,0.000000,0.430932,51.964481,54.846489,54.116692
2,9.200000,2,3,1.251529,0.430932,54.876087,53.646671,53.829102
1,9.200000,2,1,1.251529,0.951273,57.660324,55.604412,55.003315
0,9.200000,1,0,0.951273,0.000016,54.879223,55.637943,56.444794
3,9.400000,4,3,0.000000,0.391992,56.267166,55.006008,54.043762
2,9.400000,2,3,1.256353,0.391992,57.831120,53.895779,53.912666
1,9.400000,2,1,1.256353,0.937473,58.064930,55.560429,54.971230
0,9.400000,1,0,0.937473,0.000017,54.306953,55.966805,56.465561
3,9.600000,4,3,0.000000,0.364422,58.051678,54.218300,53.991829
2,9.600000,2,3,1.272033,0.364422,54.589909,53.792324,53.994617
1,9.600000,2,1,1.272033,0.930116,51.566811,55.062729,54.931412
0,9.600000,1,0,0.930116,0.000017,59.717445,55.066704,56.476616
3,9.800000,4,3,0.000000,0.344897,54.774265,53.943459,53.954903
2,9.800000,2,3,1.287712,0.344897,55.035332,53.358589,54.060871
1,9.800000,2,1,1.287712,0.925501,55.180733,55.004387,54.896210
0,9.800000,1,0,0.925501,0.000017,52.163910,55.253777,56.483547
3,10.000000,4,3,0.000000,0.330675,55.668758,52.598366,53.927925
2,10.000000,2,3,1.316493,0.330675,52.050171,53.097027,54.141258
1,10.000000,2,1,1.316493,0.913180,57.952759,55.118450,54.824566
0,10.000000,1,0,0.913180,0.000018,51.657974,55.246506,56.502029
3,10.200000,4,3,0.000000,0.342681,54.474953,53.688049,53.950703
2,10.200000,2,3,1.349245,0.342681,51.674450,53.799442,54.179825
1,10.200000,2,1,1.349245,0.917817,56.625763,54.237015,54.775284
0,10.200000,1,0,0.917817,0.000018,57.492340,55.672855,56.495079
3,10.400000,4,3,0.000000,0.324376,51.378826,55.523243,53.915955
2,10.400000,2,3,1.381997,0.324376,53.121525,54.267773,54.274166
1,10.400000,2,1,1.381997,0.932741,58.920025,54.789940,54.743919
0,10.400000,1,0,0.932741,0.000018,54.572144,55.386421,56.472679
3,10.600000,4,3,0.000000,0.299076,59.061584,53.657345,53.867741
2,10.600000,2,3,1.423710,0.299076,53.360149,54.688076,54.396759
1,10.600000,2,1,1.423710,0.947665,59.131252,54.182587,54.696621
0,10.600000,1,0,0.947665,0.000019,57.853294,55.155846,56.450233
3,10.800000,4,3,0.000000,0.299076,53.086216,54.209549,53.867744
2,10.800000,2,3,1.457092,0.299076,49.487152,55.061207,54.457314
1,10.800000,2,1,1.457092,0.969876,55.458431,54.340416,54.676834
0,10.800000,1,0,0.969876,0.000019,56.773430,55.569496,56.416740
3,11.000000,4,3,0.000000,0.295908,53.838047,53.881165,53.861691
2,11.000000,2,3,1.478892,0.295908,55.135323,55.053947,54.502388
1,11.000000,2,1,1.478892,0.975745,52.372940,54.064156,54.648560
0,11.000000,1,0,0.975745,0.000019,62.745728,55.986893,56.407875
3,11.200000,4,3,0.000000,0.302988,52.566898,54.524872,53.875210
2,11.200000,2,3,1.500691,0.302988,57.660332,54.775871,54.528870
1,11.200000,2,1,1.500691,0.989312,56.320625,53.812382,54.633915
0,11.200000,1,0,0.989312,0.000020,54.819645,56.159107,56.387344
3,11.400000,4,3,0.000000,0.294767,49.669300,53.117790,53.859509
2,11.400000,2,3,1.528534,0.294767,51.613346,54.759304,54.593491
1,11.400000,2,1,1.528534,1.004588,51.789188,53.749550,54.611526
0,11.400000,1,0,1.004588,0.000020,57.384281,56.374290,56.364189
3,11.600000,4,3,0.000000,0.321103,56.913010,53.983227,53.909729
2,11.600000,2,3,1.547577,0.321103,51.509098,55.146381,54.580452
1,11.600000,2,1,1.547577,1.019863,48.543861,54.193508,54.604805
0,11.600000,1,0,1.019863,0.000021,51.791031,56.190205,56.340981
3,11.800000,4,3,0.000000,0.339178,53.880894,54.327667,53.944061
2,11.800000,2,3,1.566620,0.339178,51.537186,55.440926,54.582184
1,11.800000,2,1,1.566620,1.022683,49.881035,54.521389,54.575813
0,11.800000,1,0,1.022683,0.000021,56.176338,56.179016,56.336693
3,12.000000,4,3,0.000000,0.336304,56.908432,54.560093,53.938606
2,12.000000,2,3,1.563927,0.336304,54.803062,55.589447,54.582508
1,12.000000,2,1,1.563927,1.029893,56.444069,54.407894,54.593521
0,12.000000,1,0,1.029893,0.000021,53.998913,55.934532,56.325722
3,12.200000,4,3,0.000000,0.322387,50.496555,53.239162,53.912170
2,12.200000,2,3,1.558195,0.322387,55.785629,55.464420,54.597137
1,12.200000,2,1,1.558195,1.039353,52.491985,54.559978,54.620625
0,12.200000,1,0,1.039353,0.000022,52.888985,56.484745,56.311302
3,12.400000,4,3,0.000000,0.337662,55.391804,54.637283,53.941185
2,12.400000,2,3,1.565723,0.337662,49.752239,54.804127,54.583290
1,12.400000,2,1,1.565723,1.057696,52.157097,54.433105,54.639877
0,12.400000,1,0,1.057696,0.000022,55.109001,56.489620,56.283295
3,12.600000,4,3,0.000000,0.327157,51.461018,54.361214,53.921242
2,12.600000,2,3,1.571907,0.327157,50.507278,54.805813,54.613091
1,12.600000,2,1,1.571907,1.068340,56.773285,53.895107,54.647812
0,12.600000,1,0,1.068340,0.000022,57.272602,56.533680,56.267010
3,12.800000,4,3,0.000000,0.323120,56.991001,54.484413,53.913567
2,12.800000,2,3,1.583136,0.323120,53.094299,55.268440,54.640282
1,12.800000,2,1,1.583136,1.096826,54.414944,54.288639,54.678440
0,12.800000,1,0,1.096826,0.000023,60.803745,56.705559,56.223305
3,13.000000,4,3,0.000000,0.343849,54.487503,53.490013,53.952915
2,13.000000,2,3,1.586744,0.343849,53.867195,54.842419,54.609783
1,13.000000,2,1,1.586744,1.110934,51.841511,54.773216,54.697037
0,13.000000,1,0,1.110934,0.000023,59.276546,56.581745,56.201591
3,13.200000,4,3,0.000000,0.346815,49.001701,53.668316,53.958534
2,13.200000,2,3,1.590352,0.346815,55.226635,55.103203,54.610928
1,13.200000,2,1,1.590352,1.122164,51.055531,54.440079,54.710518
0,13.200000,1,0,1.122164,0.000023,56.006660,56.605095,56.184280
3,13.400000,4,3,0.000000,0.360688,54.897034,53.813660,53.984779
2,13.400000,2,3,1.590353,0.360688,55.024807,55.303856,54.586159
1,13.400000,2,1,1.590353,1.144326,56.797176,54.269180,54.749611
0,13.400000,1,0,1.144326,0.000024,58.093346,55.980686,56.150032
3,13.600000,4,3,0.000000,0.385328,53.545456,53.874428,54.031235
2,13.600000,2,3,1.592459,0.385328,51.570915,54.917213,54.545799
1,13.600000,2,1,1.592459,1.166488,54.015953,54.118515,54.784870
0,13.600000,1,0,1.166488,0.000024,53.161625,55.706623,56.115673
3,13.800000,4,3,0.000000,0.418086,58.829082,54.199127,54.092686
2,13.800000,2,3,1.592459,0.418086,58.495819,55.151669,54.486862
1,13.800000,2,1,1.592459,1.194775,54.268322,54.492729,54.834404
0,13.800000,1,0,1.194775,0.000024,53.555725,55.159859,56.071663
3,14.000000,4,3,0.000000,0.424264,55.830368,54.429840,54.104237
2,14.000000,2,3,1.599655,0.424264,50.356297,54.429928,54.488701
1,14.000000,2,1,1.599655,1.210083,53.024807,54.319248,54.848572
0,14.000000,1,0,1.210083,0.000025,53.365940,54.851997,56.047768
3,14.200000,4,3,0.000000,0.424264,54.162930,53.958912,54.104237
2,14.200000,2,3,1.607390,0.424264,57.043777,53.869431,54.502640
1,14.200000,2,1,1.607390,1.227700,59.461617,54.558842,54.865799
0,14.200000,1,0,1.227700,0.000025,50.901714,54.793747,56.020210
3,14.400000,4,3,0.000000,0.442408,55.155464,52.603027,54.138092
2,14.400000,2,3,1.626161,0.442408,51.430397,53.736309,54.503773
1,14.400000,2,1,1.626161,1.227701,50.124680,55.110935,54.833050
0,14.400000,1,0,1.227701,0.000026,58.830402,55.282333,56.020210
3,14.600000,4,3,0.000000,0.482023,55.862274,53.329815,54.211639
2,14.600000,2,3,1.646750,0.482023,54.869236,53.787048,54.469448
1,14.600000,2,1,1.646750,1.230690,52.283806,54.519783,54.802254
0,14.600000,1,0,1.230690,0.000026,59.443714,55.816341,56.015526
3,14.800000,4,3,0.000000,0.476923,47.608643,53.950138,54.202198
2,14.800000,2,3,1.669433,0.476923,48.803444,53.899811,54.519531
1,14.800000,2,1,1.669433,1.245475,55.754742,54.194546,54.788399
0,14.800000,1,0,1.245475,0.000026,59.614639,55.880264,55.992332
3,15.000000,4,3,0.000000,0.500068,55.159237,52.920151,54.244976
2,15.000000,2,3,1.692116,0.500068,52.638882,53.924717,54.518703
1,15.000000,2,1,1.692116,1.277711,53.322433,54.046280,54.805153
0,15.000000,1,0,1.277711,0.000027,58.891201,55.656586,55.941589
3,15.200000,4,3,0.000000,0.528086,55.872894,54.473152,54.296539
2,15.200000,2,3,1.706778,0.528086,50.019314,54.363308,54.494652
1,15.200000,2,1,1.706778,1.309948,50.752586,54.200737,54.835899
0,15.200000,1,0,1.309948,0.000027,52.534153,55.699768,55.890606
3,15.400000,4,3,0.000000,0.520887,56.352085,54.347099,54.283310
2,15.400000,2,3,1.710145,0.520887,55.536800,54.509979,54.513683
1,15.400000,2,1,1.710145,1.343238,49.524075,53.660400,54.888046
0,15.400000,1,0,1.343238,0.000027,56.412315,55.407288,55.837704
3,15.600000,4,3,0.000000,0.538090,55.112293,54.294563,54.314888
2,15.600000,2,3,1.715690,0.538090,54.827187,54.210987,54.492683
1,15.600000,2,1,1.715690,1.374431,56.837090,54.296246,54.932549
0,15.600000,1,0,1.374431,0.000028,53.095634,55.236282,55.787899
3,15.800000,4,3,0.000000,0.559845,57.960644,55.375305,54.354687
2,15.800000,2,3,1.727148,0.559845,55.836971,54.364925,54.474098
1,15.800000,2,1,1.727148,1.389804,51.830700,54.521427,54.939323
0,15.800000,1,0,1.389804,0.000028,57.452160,54.790012,55.763271
3,16.000000,4,3,0.000000,0.574171,53.417980,54.933620,54.380814
2,16.000000,2,3,1.734036,0.574171,55.596642,53.703373,54.460655
1,16.000000,2,1,1.734036,1.406276,50.881115,54.162495,54.955894
0,16.000000,1,0,1.406276,0.000028,55.871716,54.483475,55.736816
3,16.200000,4,3,0.000000,0.566001,60.561516,53.878017,54.365921
2,16.200000,2,3,1.763944,0.566001,57.453712,53.608341,54.529305
1,16.200000,2,1,1.763944,1.422718,52.058464,54.624214,54.932606
0,16.200000,1,0,1.422718,0.000029,53.999588,54.185799,55.710350
3,16.400000,4,3,0.000000,0.578350,52.103477,53.323677,54.388428
2,16.400000,2,3,1.793998,0.578350,52.776211,53.695915,54.561073
1,16.400000,2,1,1.793998,1.433434,48.484173,54.646996,54.899071
0,16.400000,1,0,1.433434,0.000029,55.516254,54.036625,55.693066
3,16.600000,4,3,0.000000,0.596961,51.123543,54.864555,54.422253
2,16.600000,2,3,1.819831,0.596961,50.587624,54.183266,54.574005
1,16.600000,2,1,1.819831,1.444149,54.664711,55.056156,54.872780
0,16.600000,1,0,1.444149,0.000029,60.058353,54.079895,55.675755
3,16.800000,4,3,0.000000,0.591504,50.503819,55.095287,54.412346
2,16.800000,2,3,1.855111,0.591504,53.394493,53.663605,54.646667
1,16.800000,2,1,1.855111,1.442049,55.022427,54.937572,54.807503
0,16.800000,1,0,1.442049,0.000030,56.246216,54.090321,55.679150
3,17.000000,4,3,0.000000,0.591504,54.148369,54.366615,54.412346
2,17.000000,2,3,1.893277,0.591504,59.457035,53.714729,54.714302
1,17.000000,2,1,1.893277,1.436674,54.334633,54.350319,54.730968
0,17.000000,1,0,1.436674,0.000030,54.716503,54.534771,55.687836
3,17.200000,4,3,0.000000,0.598560,52.460789,54.922890,54.425156
2,17.200000,2,3,1.921235,0.598560,58.175312,54.060081,54.751167
1,17.200000,2,1,1.921235,1.442977,59.300304,54.522114,54.692703
0,17.200000,1,0,1.442977,0.000030,55.215363,54.563972,55.677650
3,17.400000,4,3,0.000000,0.580865,53.431267,54.210232,54.393005
2,17.400000,2,3,1.944882,0.580865,51.163567,54.321495,54.823711
1,17.400000,2,1,1.944882,1.451634,56.297630,54.118599,54.666138
0,17.400000,1,0,1.451634,0.000031,54.676075,54.386143,55.663647
3,17.600000,4,3,0.000000,0.567004,55.193378,53.582851,54.367752
2,17.600000,2,3,1.963377,0.567004,56.736362,54.768742,54.880154
1,17.600000,2,1,1.963377,1.478310,55.277905,53.605377,54.680645
0,17.600000,1,0,1.478310,0.000031,54.034397,54.171635,55.620377
3,17.800000,4,3,0.000000,0.569289,55.647339,54.449547,54.371918
2,17.800000,2,3,1.967339,0.569289,50.145599,54.831593,54.883072
1,17.800000,2,1,1.967339,1.478311,53.449928,54.465572,54.673622
0,17.800000,1,0,1.478311,0.000032,56.543415,53.991913,55.620377
3,18.000000,4,3,0.000000,0.566836,55.255978,53.653114,54.367447
2,18.000000,2,3,1.958613,0.566836,55.908653,54.823387,54.872154
1,18.000000,2,1,1.958613,1.494255,59.571644,54.512573,54.717285
0,18.000000,1,0,1.494255,0.000032,50.067764,54.669064,55.594437
3,18.200000,4,3,0.000000,0.597393,53.550827,54.698860,54.423035
2,18.200000,2,3,1.947333,0.597393,57.207806,54.998463,54.799065
1,18.200000,2,1,1.947333,1.524126,56.948391,53.805462,54.789719
0,18.200000,1,0,1.524126,0.000032,56.906475,54.374557,55.545662
3,18.400000,4,3,0.000000,0.589094,54.044174,53.902126,54.407967
2,18.400000,2,3,1.927168,0.589094,57.404293,55.569729,54.778244
1,18.400000,2,1,1.927168,1.550899,55.847713,54.007603,54.871758
0,18.400000,1,0,1.550899,0.000033,58.452690,54.588840,55.501762
3,18.600000,4,3,0.000000,0.598069,53.915928,53.321571,54.424263
2,18.600000,2,3,1.933643,0.598069,48.904999,55.406185,54.773853
1,18.600000,2,1,1.933643,1.577672,48.926998,54.178360,54.907043
0,18.600000,1,0,1.577672,0.000033,54.835968,54.335888,55.457687
3,18.800000,4,3,0.000000,0.643975,48.909500,54.572903,54.507240
2,18.800000,2,3,1.940118,0.643975,57.899204,54.680183,54.704350
1,18.800000,2,1,1.940118,1.595580,51.085976,54.220570,54.926872
0,18.800000,1,0,1.595580,0.000033,57.266655,54.457432,55.428101
3,19.000000,4,3,0.000000,0.665121,53.482170,53.962105,54.545250
2,19.000000,2,3,1.960610,0.665121,51.475666,55.072639,54.703194
1,19.000000,2,1,1.960610,1.621201,53.657970,53.859051,54.935753
0,19.000000,1,0,1.621201,0.000034,59.396671,54.342739,55.385635
3,19.200000,4,3,0.000000,0.678847,56.647610,54.613773,54.569847
2,19.200000,2,3,1.985079,0.678847,56.364601,54.475273,54.722176
1,19.200000,2,1,1.985079,1.657152,59.651318,53.328491,54.955608
0,19.200000,1,0,1.657152,0.000034,59.489670,54.673264,55.325768
3,19.400000,4,3,0.000000,0.678848,48.198895,53.172569,54.569847
2,19.400000,2,3,2.027826,0.678848,49.740700,54.620914,54.797379
1,19.400000,2,1,2.027826,1.659893,55.455704,54.098473,54.886261
0,19.400000,1,0,1.659893,0.000034,59.886284,54.534439,55.321190
3,19.600000,4,3,0.000000,0.700844,53.362904,53.451607,54.609158
2,19.600000,2,3,2.044071,0.700844,54.679432,54.557159,54.787289
1,19.600000,2,1,2.044071,1.672137,64.884491,53.947224,54.879303
0,19.600000,1,0,1.672137,0.000035,54.430981,54.925934,55.300716
3,19.800000,4,3,0.000000,0.719114,55.579819,54.866688,54.641701
2,19.800000,2,3,2.069839,0.719114,59.020149,54.674252,54.800438
1,19.800000,2,1,2.069839,1.682263,50.638756,54.559139,54.852051
0,19.800000,1,0,1.682263,0.000035,58.248898,55.414173,55.283756
3,20.000000,4,3,0.000000,0.716532,54.919239,54.270458,54.637108
2,20.000000,2,3,2.093743,0.716532,57.573750,54.904430,54.846764
1,20.000000,2,1,2.093743,1.682263,55.303917,53.959679,54.810272
0,20.000000,1,0,1.682263,0.000035,50.589451,55.464764,55.283756
3,20.200000,4,3,0.000000,0.750146,50.476784,53.970577,54.696747
2,20.200000,2,3,2.117647,0.750146,54.808434,55.554974,54.829803
1,20.200000,2,1,2.117647,1.689033,56.488289,54.362896,54.780228
0,20.200000,1,0,1.689033,0.000036,56.601063,55.335037,55.272400
3,20.400000,4,3,0.000000,0.777795,50.289036,54.280891,54.745560
2,20.400000,2,3,2.105014,0.777795,58.722805,54.692348,54.759163
1,20.400000,2,1,2.105014,1.691921,53.149715,54.191185,54.807449
0,20.400000,1,0,1.691921,0.000036,60.413414,55.455223,55.267555
3,20.600000,4,3,0.000000,0.795826,51.482113,53.822685,54.777275
2,20.600000,2,3,2.108816,0.795826,52.082169,54.355808,54.734100
1,20.600000,2,1,2.108816,1.691921,45.873871,54.467697,54.800789
0,20.600000,1,0,1.691921,0.000037,54.385544,55.347431,55.267555
3,20.800000,4,3,0.000000,0.822008,54.380100,54.947002,54.823166
2,20.800000,2,3,2.108816,0.822008,51.093884,54.343220,54.687832
1,20.800000,2,1,2.108816,1.701446,53.043438,54.509914,54.817467
0,20.800000,1,0,1.701446,0.000037,55.426395,54.682644,55.251553
3,21.000000,4,3,0.000000,0.812776,52.664558,55.334751,54.807007
2,21.000000,2,3,2.099557,0.812776,51.559967,54.538734,54.687782
1,21.000000,2,1,2.099557,1.712109,55.950024,54.955822,54.852276
0,21.000000,1,0,1.712109,0.000037,56.154594,54.508854,55.233612
3,21.200000,4,3,0.000000,0.792282,56.190063,55.047565,54.771049
2,21.200000,2,3,2.099557,0.792282,60.518410,54.056240,54.724018
1,21.200000,2,1,2.099557,1.704858,53.639408,54.734917,54.839619
0,21.200000,1,0,1.704858,0.000038,55.373032,54.726734,55.245815
3,21.400000,4,3,0.000000,0.778995,52.858833,56.403309,54.747673
2,21.400000,2,3,2.106789,0.778995,53.200474,54.161766,54.760178
1,21.400000,2,1,2.106789,1.697606,56.108582,54.828503,54.814293
0,21.400000,1,0,1.697606,0.000038,58.184422,55.631554,55.258011
3,21.600000,4,3,0.000000,0.760696,53.110458,54.024876,54.715401
2,21.600000,2,3,2.111945,0.760696,56.214619,54.179993,54.801361
1,21.600000,2,1,2.111945,1.689957,50.993122,54.754890,54.791855
0,21.600000,1,0,1.689957,0.000038,54.985313,55.554691,55.270855
3,21.800000,4,3,0.000000,0.785550,53.245831,55.947735,54.759212
2,21.800000,2,3,2.118280,0.785550,55.546478,54.726830,54.768852
1,21.800000,2,1,2.118280,1.676128,53.404709,55.070442,54.756432
0,21.800000,1,0,1.676128,0.000039,56.685562,55.659710,55.294041
3,22.000000,4,3,0.000000,0.775881,55.599667,54.817787,54.742188
2,22.000000,2,3,2.141062,0.775881,57.788124,54.087463,54.825745
1,22.000000,2,1,2.141062,1.655991,50.950310,54.996101,54.680637
0,22.000000,1,0,1.655991,0.000039,56.749332,55.319225,55.327713
3,22.200000,4,3,0.000000,0.763534,49.764774,54.436073,54.720413
2,22.200000,2,3,2.163844,0.763534,53.271095,54.145660,54.887001
1,22.200000,2,1,2.163844,1.641140,59.374599,54.637642,54.613739
0,22.200000,1,0,1.641140,0.000039,56.092690,55.094658,55.352482
3,22.400000,4,3,0.000000,0.766677,59.692650,54.542084,54.725960
2,22.400000,2,3,2.176061,0.766677,57.187275,54.087017,54.902767
1,22.400000,2,1,2.176061,1.635801,51.618248,54.878510,54.582394
0,22.400000,1,0,1.635801,0.000040,57.763004,55.329937,55.361374
3,22.600000,4,3,0.000000,0.776359,54.689831,56.477909,54.743034
2,22.600000,2,3,2.197830,0.776359,55.799831,53.598904,54.923737
1,22.600000,2,1,2.197830,1.628543,51.749741,54.972351,54.530357
0,22.600000,1,0,1.628543,0.000040,59.371754,55.912495,55.373447
3,22.800000,4,3,0.000000,0.731028,57.573662,54.566811,54.662865
2,22.800000,2,3,2.212549,0.731028,58.739563,53.893044,55.027298
1,22.800000,2,1,2.212549,1.621284,51.616886,54.601784,54.490799
0,22.800000,1,0,1.621284,0.000040,59.216511,55.395515,55.385509
3,23.000000,4,3,0.000000,0.726972,60.631878,53.964355,54.655663
2,23.000000,2,3,2.225540,0.726972,55.029552,53.941502,55.056519
1,23.000000,2,1,2.225540,1.618302,57.285419,54.536671,54.461952
0,23.000000,1,0,1.618302,0.000041,54.986446,55.604839,55.390465
3,23.200000,4,3,0.000000,0.736515,56.207111,53.415657,54.672600
2,23.200000,2,3,2.238531,0.736515,53.988380,54.166744,55.062424
1,23.200000,2,1,2.238531,1.634479,53.207932,54.455429,54.467712
0,23.200000,1,0,1.634479,0.000041,58.245998,54.968025,55.363579
3,23.400000,4,3,0.000000,0.767491,56.190628,54.571854,54.727394
2,23.400000,2,3,2.262418,0.767491,58.825550,53.939735,55.050285
1,23.400000,2,1,2.262418,1.650656,55.824249,54.686672,54.453766
0,23.400000,1,0,1.650656,0.000041,58.260456,54.553207,55.336624
3,23.600000,4,3,0.000000,0.775773,55.370735,53.493282,54.741997
2,23.600000,2,3,2.285065,0.775773,58.119148,54.437641,55.074863
1,23.600000,2,1,2.285065,1.666960,58.121784,54.623020,54.442284
0,23.600000,1,0,1.666960,0.000042,60.239029,54.114166,55.309387
3,23.800000,4,3,0.000000,0.814377,55.659847,54.106152,54.809811
2,23.800000,2,3,2.307713,0.814377,57.895466,54.529366,55.047562
1,23.800000,2,1,2.307713,1.706815,50.425941,54.161636,54.473412
0,23.800000,1,0,1.706815,0.000042,57.941936,54.696609,55.242531
3,24.000000,4,3,0.000000,0.835917,50.592113,54.009098,54.847466
2,24.000000,2,3,2.335426,0.835917,49.991150,54.024662,55.058132
1,24.000000,2,1,2.335426,1.736280,53.633221,54.081516,54.476578
0,24.000000,1,0,1.736280,0.000043,58.364620,54.811546,55.192833
3,24.200000,4,3,0.000000,0.868400,53.370796,55.054619,54.903999
2,24.200000,2,3,2.351778,0.868400,51.622459,54.429989,55.030487
1,24.200000,2,1,2.351778,1.761530,55.027107,54.459885,54.492630
0,24.200000,1,0,1.761530,0.000043,57.366692,55.036652,55.150066
3,24.400000,4,3,0.000000,0.885491,58.456253,56.234550,54.933632
2,24.400000,2,3,2.354759,0.885491,56.966259,54.884750,55.006248
1,24.400000,2,1,2.354759,1.780525,51.475101,54.774582,54.521469
0,24.400000,1,0,1.780525,0.000043,52.366764,55.830368,55.117783
3,24.600000,4,3,0.000000,0.866887,54.033348,55.561440,54.901375
2,24.600000,2,3,2.343860,0.866887,56.615849,55.131428,55.019493
1,24.600000,2,1,2.343860,1.803391,55.547081,54.534836,54.582016
0,24.600000,1,0,1.803391,0.000044,61.518955,55.463039,55.078789
3,24.800000,4,3,0.000000,0.866887,55.357994,54.067642,54.901375
2,24.800000,2,3,2.339100,0.866887,53.676678,55.205456,55.011311
1,24.800000,2,1,2.339100,1.823472,51.799965,54.347569,54.626350
0,24.800000,1,0,1.823472,0.000044,57.766575,55.885597,55.044430
3,25.000000,4,3,0.000000,0.888440,48.758751,55.453293,54.938736
2,25.000000,2,3,2.335504,0.888440,54.472328,54.946899,54.967995
1,25.000000,2,1,2.335504,1.839214,54.899044,54.229900,54.660736
0,25.000000,1,0,1.839214,0.000044,52.024117,55.363777,55.017418
3,25.200000,4,3,0.000000,0.875379,58.016582,54.789703,54.916111
2,25.200000,2,3,2.335504,0.875379,51.878254,55.210804,54.990509
1,25.200000,2,1,2.335504,1.854956,58.002953,54.401630,54.688652
0,25.200000,1,0,1.854956,0.000045,50.700310,55.235691,54.990341
3,25.400000,4,3,0.000000,0.875379,55.684547,54.393841,54.916111
2,25.400000,2,3,2.329554,0.875379,53.102142,55.094749,54.980259
1,25.400000,2,1,2.329554,1.880963,57.771420,54.460255,54.745094
0,25.400000,1,0,1.880963,0.000045,57.209274,54.650665,54.945457
3,25.600000,4,3,0.000000,0.878586,53.496284,53.675499,54.921669
2,25.600000,2,3,2.323211,0.878586,55.680199,54.832993,54.963783
1,25.600000,2,1,2.323211,1.918341,54.392345,54.489536,54.821842
0,25.600000,1,0,1.918341,0.000045,51.263992,55.595478,54.880623
3,25.800000,4,3,0.000000,0.891843,54.640293,54.406647,54.944626
2,25.800000,2,3,2.323211,0.891843,60.731720,54.582092,54.940872
1,25.800000,2,1,2.323211,1.939227,54.312862,55.160919,54.858315
0,25.800000,1,0,1.939227,0.000046,56.601