0,0.200000,0,1,0.000000,0.000000,55.579254,NaN,57.197586
1,0.200000,1,2,0.000000,0.000000,52.250435,NaN,55.680313
3,0.200000,4,3,0.000000,0.000000,58.607826,58.797268,58.721199
2,0.200000,2,3,0.000000,0.000000,40.861908,NaN,40.558651
0,0.400000,0,1,0.000001,0.060078,60.752323,NaN,57.112823
1,0.400000,1,2,0.060078,0.138951,55.145927,NaN,55.552078
3,0.400000,4,3,0.000000,-0.299999,61.509777,58.437794,58.348442
2,0.400000,2,3,0.138951,-0.299999,41.835747,NaN,43.094326
0,0.600000,0,1,0.000001,0.067413,59.813141,55.716644,57.102428
1,0.600000,1,2,0.067413,0.332817,57.426788,55.147652,55.242645
3,0.600000,4,3,0.000000,-0.517388,60.616047,59.297146,58.070107
2,0.600000,2,3,0.332817,-0.517388,49.853958,41.084103,45.029762
0,0.800000,0,1,0.000001,0.252423,55.762268,57.460098,56.836891
1,0.800000,1,2,0.252423,0.448437,60.187325,55.608250,55.358791
3,0.800000,4,3,0.000000,-0.740203,55.691929,58.285122,57.777218
2,0.800000,2,3,0.448437,-0.740203,48.587238,44.007908,46.398579
0,1.000000,0,1,0.000002,0.351888,58.005554,57.424492,56.691406
1,1.000000,1,2,0.351888,0.529860,56.396484,56.105839,55.388786
3,1.000000,4,3,0.000000,-0.958560,53.367405,57.405136,57.482315
2,1.000000,2,3,0.529860,-0.958560,48.383118,44.063339,47.481850
0,1.200000,0,1,0.000002,0.446777,55.940693,57.411198,56.550774
1,1.200000,1,2,0.446777,0.782646,56.520557,57.569279,55.123421
3,1.200000,4,3,0.000000,-1.176341,54.593998,56.565781,57.179989
2,1.200000,2,3,0.782646,-1.176341,44.593479,46.487015,48.990376
0,1.400000,0,1,0.000002,0.632088,55.670963,58.261284,56.270756
1,1.400000,1,2,0.632088,0.872684,55.879574,56.404110,55.284317
3,1.400000,4,3,0.000000,-1.298452,57.678722,58.787544,57.006714
2,1.400000,2,3,0.872684,-1.298452,52.388165,48.410637,49.607468
0,1.600000,0,1,0.000003,0.595036,52.920086,57.436501,56.327324
1,1.600000,1,2,0.595036,0.998826,54.438892,57.828159,55.007248
3,1.600000,4,3,0.000000,-1.422118,55.760605,58.368851,56.828373
2,1.600000,2,3,0.998826,-1.422118,52.081161,49.320179,50.291809
0,1.800000,0,1,0.000003,0.731392,50.985939,57.673328,56.117676
1,1.800000,1,2,0.731392,1.127214,54.121273,56.556160,55.020939
3,1.800000,4,3,0.000000,-1.564731,54.167599,57.059174,56.618999
2,1.800000,2,3,1.127214,-1.564731,50.701969,49.707336,50.988461
0,2.000000,0,1,0.000004,0.664142,58.598125,57.121605,56.221581
1,2.000000,1,2,0.664142,1.260759,55.278339,54.500553,54.670486
3,2.000000,4,3,0.000000,-1.677319,58.767754,56.364311,56.450806
2,2.000000,2,3,1.260759,-1.677319,49.921909,49.953083,51.584641
0,2.200000,0,1,0.000004,0.600284,57.138508,57.352703,56.319332
1,2.200000,1,2,0.600284,1.384066,55.984177,53.351509,54.333313
3,2.200000,4,3,0.000000,-1.857319,57.005737,56.354492,56.176376
2,2.200000,2,3,1.384066,-1.857319,49.660686,50.693550,52.276951
0,2.400000,0,1,0.000004,0.762723,60.537338,57.641327,56.068932
1,2.400000,1,2,0.762723,1.398579,55.557968,53.632450,54.600662
3,2.400000,4,3,0.000000,-1.998826,57.536087,56.739258,55.955658
2,2.400000,2,3,1.398579,-1.998826,56.694389,51.869080,52.616592
0,2.600000,0,1,0.000005,0.807603,57.345333,57.286579,55.998718
1,2.600000,1,2,0.807603,1.447496,47.204525,54.177994,54.593452
3,2.600000,4,3,0.000000,-2.107933,52.334530,54.389610,55.782356
2,2.600000,2,3,1.447496,-2.107933,46.859604,52.864738,52.950089
0,2.800000,0,1,0.000005,0.789252,56.341385,57.093330,56.027481
1,2.800000,1,2,0.789252,1.562669,54.033272,54.091164,54.352257
3,2.800000,4,3,0.000000,-2.041194,55.550369,55.308872,55.888687
2,2.800000,2,3,1.562669,-2.041194,55.165588,52.816769,53.050289
0,3.000000,0,1,0.000005,0.830620,56.725273,56.519035,55.962532
1,3.000000,1,2,0.830620,1.534107,52.674950,54.544357,54.479248
3,3.000000,4,3,0.000000,-2.118054,52.624687,56.090443,55.766140
2,3.000000,2,3,1.534107,-2.118054,53.984482,53.131287,53.149296
0,3.200000,0,1,0.000006,0.819150,58.352203,56.159019,55.980576
1,3.200000,1,2,0.819150,1.501200,53.085411,54.586834,54.517876
3,3.200000,4,3,0.000000,-2.323393,62.697868,55.478340,55.431786
2,3.200000,2,3,1.501200,-2.323393,55.583920,53.074814,53.495575
0,3.400000,0,1,0.000006,0.735703,55.753830,56.304508,56.110985
1,3.400000,1,2,0.735703,1.581185,56.440556,54.442223,54.219826
3,3.400000,4,3,0.000000,-2.423224,54.145744,55.260632,55.265434
2,3.400000,2,3,1.581185,-2.423224,49.864273,53.238598,53.845291
0,3.600000,0,1,0.000006,0.756046,55.831299,56.452927,56.079338
1,3.600000,1,2,0.756046,1.710939,56.434353,54.459869,54.015617
3,3.600000,4,3,0.000000,-2.408086,54.132629,55.921165,55.290821
2,3.600000,2,3,1.710939,-2.408086,51.951473,53.959080,54.062466
0,3.800000,0,1,0.000007,0.645105,54.193581,55.657948,56.250816
1,3.800000,1,2,0.645105,1.618142,52.427139,54.430412,53.981377
3,3.800000,4,3,0.000000,-2.526073,55.803635,54.869087,55.091343
2,3.800000,2,3,1.618142,-2.526073,56.274345,52.791321,54.109619
0,4.000000,0,1,0.000007,0.707535,56.825932,56.238438,56.154655
1,4.000000,1,2,0.707535,1.557723,52.411701,55.168056,54.211121
3,4.000000,4,3,0.000000,-2.589689,56.423695,54.198318,54.982246
2,4.000000,2,3,1.557723,-2.589689,51.125256,53.165680,54.115589
0,4.200000,0,1,0.000007,0.821694,48.799271,56.299240,55.976582
1,4.200000,1,2,0.821694,1.611080,52.846840,55.074589,54.323051
3,4.200000,4,3,0.000000,-2.534448,56.156113,56.376553,55.077042
2,4.200000,2,3,1.611080,-2.534448,54.843510,54.006119,54.112068
0,4.400000,0,1,0.000008,0.899887,56.082981,55.798355,55.852901
1,4.400000,1,2,0.899887,1.541193,53.718201,54.653137,54.590927
3,4.400000,4,3,0.000000,-2.617000,57.814507,53.918453,54.935074
2,4.400000,2,3,1.541193,-2.617000,52.220661,53.358231,54.135696
0,4.600000,0,1,0.000008,1.081178,54.139790,55.829784,55.560608
1,4.600000,1,2,1.081178,1.497505,53.832333,54.742821,54.985664
3,4.600000,4,3,0.000000,-2.681606,53.825645,54.749783,54.822659
2,4.600000,2,3,1.497505,-2.681606,57.766365,53.548054,54.174603
0,4.800000,0,1,0.000008,1.061766,54.022938,55.847599,55.592285
1,4.800000,1,2,1.061766,1.558952,58.752037,54.666302,54.845440
3,4.800000,4,3,0.000000,-2.682236,53.715664,55.464951,54.821556
2,4.800000,2,3,1.558952,-2.682236,56.268879,53.635948,54.289253
0,5.000000,0,1,0.000009,1.167904,56.177826,55.944027,55.417953
1,5.000000,1,2,1.167904,1.636691,46.625526,55.324661,54.894897
3,5.000000,4,3,0.000000,-2.817931,53.765648,54.375797,54.581562
2,5.000000,2,3,1.636691,-2.817931,55.215755,54.120964,54.674458
0,5.200000,0,1,0.000009,0.999463,53.209145,56.090984,55.693336
1,5.200000,1,2,0.999463,1.651178,56.438869,54.952110,54.572311
3,5.200000,4,3,0.000000,-2.930891,52.993912,53.416573,54.377647
2,5.200000,2,3,1.651178,-2.930891,50.074345,54.636444,54.898125
0,5.400000,0,1,0.000010,0.965843,58.035133,55.918106,55.747475
1,5.400000,1,2,0.965843,1.727423,55.764824,54.917591,54.373856
3,5.400000,4,3,0.000000,-2.795584,53.738422,53.750721,54.621452
2,5.400000,2,3,1.727423,-2.795584,50.907677,55.825932,54.795044
0,5.600000,0,1,0.000010,1.023859,61.370514,55.563103,55.653881
1,5.600000,1,2,1.023859,1.819755,53.229362,54.586578,54.311123
3,5.600000,4,3,0.000000,-2.702127,57.072933,54.775921,54.786709
2,5.600000,2,3,1.819755,-2.702127,56.597561,55.997440,54.793068
0,5.800000,0,1,0.000010,1.020437,56.141472,55.089161,55.659424
1,5.800000,1,2,1.020437,1.793953,55.753841,53.907764,54.352081
3,5.800000,4,3,0.000000,-2.712005,55.988945,54.580982,54.769360
2,5.800000,2,3,1.793953,-2.712005,52.358219,55.378307,54.765106
0,6.000000,0,1,0.000011,0.948265,50.460342,54.631069,55.775673
1,6.000000,1,2,0.948265,1.775405,52.917583,53.896584,54.253685
3,6.000000,4,3,0.000000,-2.748507,54.524792,55.790726,54.705009
2,6.000000,2,3,1.775405,-2.748507,56.997704,54.909275,54.796631
0,6.200000,0,1,0.000011,0.938303,49.422165,54.865479,55.791622
1,6.200000,1,2,0.938303,1.817708,56.995819,54.328545,54.156921
3,6.200000,4,3,0.000000,-2.861360,53.219223,53.824169,54.503616
2,6.200000,2,3,1.817708,-2.861360,58.915726,54.765842,55.065315
0,6.400000,0,1,0.000011,0.927608,58.115128,55.361485,55.808720
1,6.400000,1,2,0.927608,1.683116,50.895355,54.029633,54.384922
3,6.400000,4,3,0.000000,-2.878608,53.786922,55.171421,54.472504
2,6.400000,2,3,1.683116,-2.878608,56.156223,54.320171,54.862724
0,6.600000,0,1,0.000012,0.867515,61.457821,55.620354,55.904282
1,6.600000,1,2,0.867515,1.613960,53.482704,54.339947,54.401413
3,6.600000,4,3,0.000000,-2.886328,53.926006,54.351646,54.458549
2,6.600000,2,3,1.613960,-2.886328,55.698887,53.911568,54.755131
0,6.800000,0,1,0.000012,0.839688,51.301563,55.792847,55.948250
1,6.800000,1,2,0.839688,1.505927,53.752563,54.212246,54.546288
3,6.800000,4,3,0.000000,-2.862691,53.113758,54.916145,54.501221
2,6.800000,2,3,1.505927,-2.862691,54.619179,54.620235,54.520878
0,7.000000,0,1,0.000012,0.944340,57.931572,55.685253,55.781963
1,7.000000,1,2,0.944340,1.568976,49.072174,54.210548,54.620674
3,7.000000,4,3,0.000000,-2.751209,53.448208,54.952587,54.700233
2,7.000000,2,3,1.568976,-2.751209,50.098251,54.725063,54.433426
0,7.200000,0,1,0.000013,0.856967,56.955349,55.392921,55.920975
1,7.200000,1,2,0.856967,1.605829,54.453060,54.471004,54.397018
3,7.200000,4,3,0.000000,-2.683460,57.318394,54.445423,54.819412
2,7.200000,2,3,1.605829,-2.683460,56.520958,54.821659,54.377266
0,7.400000,0,1,0.000013,0.911220,57.088127,55.587696,55.834869
1,7.400000,1,2,0.911220,1.502922,51.655655,54.400986,54.679203
3,7.400000,4,3,0.000000,-2.764870,56.207592,55.296543,54.676041
2,7.400000,2,3,1.502922,-2.764870,51.972092,55.388344,54.338020
0,7.600000,0,1,0.000013,0.868363,60.442413,55.355015,55.902943
1,7.600000,1,2,0.868363,1.435272,56.936096,54.929916,54.723053
3,7.600000,4,3,0.000000,-2.696483,47.953903,54.339931,54.796608
2,7.600000,2,3,1.435272,-2.696483,54.892696,55.882332,54.086319
0,7.800000,0,1,0.000014,0.880008,61.630650,54.916801,55.884491
1,7.800000,1,2,0.880008,1.457307,60.720734,54.857220,54.704697
3,7.800000,4,3,0.000000,-2.523945,53.848206,55.956806,55.094975
2,7.800000,2,3,1.457307,-2.523945,53.520439,55.884651,53.800880
0,8.000000,0,1,0.000014,0.905767,59.693066,55.426022,55.843552
1,8.000000,1,2,0.905767,1.285933,55.852535,54.551643,55.047794
3,8.000000,4,3,0.000000,-2.735502,52.030567,54.775562,54.727982
2,8.000000,2,3,1.285933,-2.735502,60.097221,54.496067,53.877831
0,8.200000,0,1,0.000015,0.785901,54.166813,55.126320,56.032742
1,8.200000,1,2,0.785901,1.264401,50.957077,54.497169,54.878006
3,8.200000,4,3,0.000000,-2.791790,58.582478,53.631012,54.628212
2,8.200000,2,3,1.264401,-2.791790,55.643360,54.612999,53.943947
0,8.400000,0,1,0.000015,0.913377,56.888340,55.340996,55.831432
1,8.400000,1,2,0.913377,1.259554,52.243851,54.536800,55.105869
3,8.400000,4,3,0.000000,-2.815159,49.740150,55.128872,54.586517
2,8.400000,2,3,1.259554,-2.815159,50.311165,54.398533,53.979019
0,8.600000,0,1,0.000015,0.952085,56.425537,54.964912,55.769562
1,8.600000,1,2,0.952085,1.323869,58.553619,53.981422,55.062145
3,8.600000,4,3,0.000000,-2.770451,56.272724,55.892921,54.666142
2,8.600000,2,3,1.323869,-2.770451,56.559059,54.249985,54.016018
0,8.800000,0,1,0.000016,0.925178,53.732265,54.640339,55.812607
1,8.800000,1,2,0.925178,1.418705,54.598427,53.148548,54.851822
3,8.800000,4,3,0.000000,-2.685247,56.110489,54.138859,54.816292
2,8.800000,2,3,1.418705,-2.685247,53.169292,53.832191,54.034149
0,9.000000,0,1,0.000016,1.061362,52.186127,55.422070,55.592957
1,9.000000,1,2,1.061362,1.410761,58.910660,52.913452,55.100380
3,9.000000,4,3,0.000000,-2.675417,53.699436,54.719181,54.833481
2,9.000000,2,3,1.410761,-2.675417,50.595551,53.922703,54.000668
0,9.200000,0,1,0.000016,1.158160,53.846981,55.090099,55.434090
1,9.200000,1,2,1.158160,1.498065,53.105694,53.489353,55.116554
3,9.200000,4,3,0.000000,-2.646395,56.740849,53.931572,54.884071
2,9.200000,2,3,1.498065,-2.646395,58.298592,53.791443,54.110077
0,9.400000,0,1,0.000017,1.179098,57.075504,55.299366,55.399414
1,9.400000,1,2,1.179098,1.581251,61.222412,53.028767,55.010063
3,9.400000,4,3,0.000000,-2.700145,53.219589,54.590065,54.790184
2,9.400000,2,3,1.581251,-2.700145,50.765541,54.367466,54.362873
0,9.600000,0,1,0.000017,1.135831,55.346657,55.769157,55.470943
1,9.600000,1,2,1.135831,1.506851,57.224205,53.155476,55.063454
3,9.600000,4,3,0.000000,-2.727123,58.637218,54.853626,54.742752
2,9.600000,2,3,1.506851,-2.727123,52.389526,55.337650,54.275993
0,9.800000,0,1,0.000017,1.074347,56.539799,56.256790,55.571785
1,9.800000,1,2,1.074347,1.529905,50.602985,53.417812,54.917858
3,9.800000,4,3,0.000000,-2.802037,55.106636,53.684162,54.609947
2,9.800000,2,3,1.529905,-2.802037,56.929459,55.415218,54.454720
0,10.000000,0,1,0.000018,1.155535,55.853706,56.311012,55.438427
1,10.000000,1,2,1.155535,1.428034,54.349510,53.321140,55.230705
3,10.000000,4,3,0.000000,-2.831999,49.753830,53.708591,54.556374
2,10.000000,2,3,1.428034,-2.831999,53.860336,55.287178,54.323822
0,10.200000,0,1,0.000018,1.096803,56.232624,56.056694,55.535065
1,10.200000,1,2,1.096803,1.383448,58.319897,53.842419,55.206848
3,10.200000,4,3,0.000000,-2.851491,53.239040,54.899197,54.521378
2,10.200000,2,3,1.383448,-2.851491,59.975697,55.716991,54.277771
0,10.400000,0,1,0.000018,1.008893,55.255016,55.589596,55.678116
1,10.400000,1,2,1.008893,1.549245,55.664951,54.663147,54.769836
3,10.400000,4,3,0.000000,-2.883465,53.954292,54.740734,54.463730
2,10.400000,2,3,1.549245,-2.883465,51.547626,55.531998,54.635536
0,10.600000,0,1,0.000019,1.037924,50.860069,55.110420,55.631081
1,10.600000,1,2,1.037924,1.658103,52.550072,53.958408,54.628613
3,10.600000,4,3,0.000000,-2.924717,60.261326,55.110027,54.388893
2,10.600000,2,3,1.658103,-2.924717,52.722183,55.638203,54.899426
0,10.800000,0,1,0.000019,0.984903,53.789848,56.107300,55.716827
1,10.800000,1,2,0.984903,1.558597,52.462105,54.357841,54.711075
3,10.800000,4,3,0.000000,-2.781838,52.869610,53.273125,54.645920
2,10.800000,2,3,1.558597,-2.781838,55.007782,54.974213,54.470078
0,11.000000,0,1,0.000019,1.020325,56.351349,56.120441,55.659622
1,11.000000,1,2,1.020325,1.563434,49.844822,55.211922,54.764988
3,11.000000,4,3,0.000000,-2.875376,53.063702,54.609692,54.478344
2,11.000000,2,3,1.563434,-2.875376,54.303493,54.267262,54.646385
0,11.200000,0,1,0.000020,1.028903,58.592102,55.829124,55.645721
1,11.200000,1,2,1.028903,1.524822,53.538284,54.953140,54.847649
3,11.200000,4,3,0.000000,-2.972599,52.216263,54.222507,54.301384
2,11.200000,2,3,1.524822,-2.972599,59.470253,53.422600,54.750084
0,11.400000,0,1,0.000020,0.827213,60.395565,56.208866,55.967918
1,11.400000,1,2,0.827213,1.500257,55.771023,54.749218,54.534065
3,11.400000,4,3,0.000000,-2.944337,54.623436,53.308270,54.353119
2,11.400000,2,3,1.500257,-2.944337,61.292778,53.707333,54.656662
0,11.600000,0,1,0.000021,1.117726,57.575848,57.269348,55.500740
1,11.600000,1,2,1.117726,1.464579,56.164570,55.420574,55.104721
3,11.600000,4,3,0.000000,-3.031426,56.644276,53.515903,54.192886
2,11.600000,2,3,1.464579,-3.031426,53.361454,53.365917,54.747589
0,11.800000,0,1,0.000021,1.004466,54.030285,56.007339,55.685272
1,11.800000,1,2,1.004466,1.649251,56.917732,54.895542,54.584709
3,11.800000,4,3,0.000000,-2.943237,53.828999,54.611996,54.355129
2,11.800000,2,3,1.649251,-2.943237,53.790672,53.897675,54.916206
0,12.000000,0,1,0.000021,1.056646,57.266022,56.134167,55.600647
1,12.000000,1,2,1.056646,1.662865,57.993774,54.595490,54.653442
3,12.000000,4,3,0.000000,-2.919766,54.603222,54.047802,54.397903
2,12.000000,2,3,1.662865,-2.919766,54.109554,53.571651,54.899097
0,12.200000,0,1,0.000022,1.166307,54.748795,56.117352,55.420616
1,12.200000,1,2,1.166307,1.721129,51.365025,55.413586,54.744370
3,12.200000,4,3,0.000000,-2.947222,60.637863,54.698318,54.347851
2,12.200000,2,3,1.721129,-2.947222,50.573753,53.888988,55.046967
0,12.400000,0,1,0.000022,1.392536,55.111061,56.821606,55.039513
1,12.400000,1,2,1.392536,1.636551,54.303009,56.570606,55.278580
3,12.400000,4,3,0.000000,-2.866320,49.741310,53.706329,54.494682
2,12.400000,2,3,1.636551,-2.866320,58.151749,54.420746,54.759674
0,12.600000,0,1,0.000022,1.362372,57.229954,56.404991,55.091103
1,12.600000,1,2,1.362372,1.563353,54.383747,57.109978,55.350517
3,12.600000,4,3,0.000000,-3.004050,53.026680,52.909286,54.243515
2,12.600000,2,3,1.563353,-3.004050,61.671196,54.536480,54.872616
0,12.800000,0,1,0.000023,1.365786,54.267567,55.903755,55.085278
1,12.800000,1,2,1.365786,1.573770,53.015633,56.645622,55.338844
3,12.800000,4,3,0.000000,-2.970422,54.929741,54.763550,54.305374
2,12.800000,2,3,1.573770,-2.970422,58.693169,54.613537,54.832130
0,13.000000,0,1,0.000023,1.334338,63.473587,55.939602,55.138840
1,13.000000,1,2,1.334338,1.496082,53.867455,56.139835,55.415695
3,13.000000,4,3,0.000000,-2.875373,52.384987,54.868263,54.478348
2,13.000000,2,3,1.496082,-2.875373,55.483418,54.774826,54.525978
0,13.200000,0,1,0.000023,1.400501,57.117657,55.718990,55.025848
1,13.200000,1,2,1.400501,1.614371,59.743492,55.665958,55.329025
3,13.200000,4,3,0.000000,-2.873626,52.911705,55.168312,54.481503
2,13.200000,2,3,1.614371,-2.873626,54.249920,54.687355,54.733475
0,13.400000,0,1,0.000024,1.529323,56.785480,55.972057,54.802418
1,13.400000,1,2,1.529323,1.666255,58.276230,55.122791,55.456711
3,13.400000,4,3,0.000000,-2.795101,54.088478,53.506741,54.622314
2,13.400000,2,3,1.666255,-2.795101,56.696449,55.263592,54.686394
0,13.600000,0,1,0.000024,1.588068,53.994591,55.985691,54.698982
1,13.600000,1,2,1.588068,1.683420,54.736279,56.090679,55.525101
3,13.600000,4,3,0.000000,-2.755013,57.611336,54.130520,54.693504
2,13.600000,2,3,1.683420,-2.755013,58.977573,55.673748,54.645714
0,13.800000,0,1,0.000024,1.581816,56.039619,55.926716,54.710041
1,13.800000,1,2,1.581816,1.676769,55.037266,55.614063,55.525749
3,13.800000,4,3,0.000000,-2.756727,49.027149,55.195400,54.690468
2,13.800000,2,3,1.676769,-2.756727,52.989288,55.655071,54.636932
0,14.000000,0,1,0.000025,1.487927,55.495346,55.401638,54.874722
1,14.000000,1,2,1.487927,1.656513,54.632637,56.333759,55.404358
3,14.000000,4,3,0.000000,-2.832581,54.915806,54.864422,54.555328
2,14.000000,2,3,1.656513,-2.832581,59.200356,55.001675,54.735413
0,14.200000,0,1,0.000025,1.332793,50.704273,54.839813,55.141464
1,14.200000,1,2,1.332793,1.604215,57.353687,55.578262,55.232517
3,14.200000,4,3,0.000000,-2.661448,59.844543,55.126190,54.857857
2,14.200000,2,3,1.604215,-2.661448,55.086727,54.698124,54.334129
0,14.400000,0,1,0.000026,1.340954,56.065765,55.122868,55.127598
1,14.400000,1,2,1.340954,1.573494,52.707397,54.955612,55.297810
3,14.400000,4,3,0.000000,-2.625649,58.739578,55.295158,54.920090
2,14.400000,2,3,1.573494,-2.625649,57.631298,54.677025,54.211731
0,14.600000,0,1,0.000026,1.273151,57.283833,54.916706,55.242302
1,14.600000,1,2,1.273151,1.523948,53.988834,55.028500,55.267200
3,14.600000,4,3,0.000000,-2.558625,51.697529,54.024570,55.035660
2,14.600000,2,3,1.523948,-2.558625,53.166374,53.682903,53.993866
0,14.800000,0,1,0.000026,1.267799,55.389755,54.653133,55.251305
1,14.800000,1,2,1.267799,1.500956,59.438290,55.098156,55.296776
3,14.800000,4,3,0.000000,-2.768917,60.426353,53.764626,54.668861
2,14.800000,2,3,1.500956,-2.768917,48.166283,53.668205,54.341827
0,15.000000,0,1,0.000027,1.195712,55.511768,54.401291,55.371841
1,15.000000,1,2,1.195712,1.512016,54.381054,54.995651,55.156654
3,15.000000,4,3,0.000000,-2.726092,48.073811,53.150055,54.744568
2,15.000000,2,3,1.512016,-2.726092,55.686165,54.223976,54.283592
0,15.200000,0,1,0.000027,1.186256,56.474777,54.259605,55.387550
1,15.200000,1,2,1.186256,1.761759,53.203556,55.221935,54.707878
3,15.200000,4,3,0.000000,-2.870258,55.344925,54.801746,54.487579
2,15.200000,2,3,1.761759,-2.870258,57.680809,55.540276,54.984535
0,15.400000,0,1,0.000027,1.226546,53.446125,54.144913,55.320450
1,15.400000,1,2,1.226546,1.866496,56.350285,54.146950,54.593349
3,15.400000,4,3,0.000000,-2.841771,55.423103,55.249939,54.538845
2,15.400000,2,3,1.866496,-2.841771,57.924431,56.245316,55.115143
0,15.600000,0,1,0.000028,1.205616,57.329437,54.077534,55.355362
1,15.600000,1,2,1.205616,1.825200,60.864227,54.256744,54.629673
3,15.600000,4,3,0.000000,-2.730476,50.796043,53.609882,54.736847
2,15.600000,2,3,1.825200,-2.730476,53.675774,55.636589,54.852180
0,15.800000,0,1,0.000028,1.188469,54.490242,54.897121,55.383881
1,15.800000,1,2,1.188469,1.708497,57.717888,54.365833,54.805496
3,15.800000,4,3,0.000000,-2.791325,54.209747,55.264568,54.629036
2,15.800000,2,3,1.708497,-2.791325,60.497032,54.572826,54.754311
0,16.000000,0,1,0.000028,1.122116,49.342140,54.686680,55.493538
1,16.000000,1,2,1.122116,1.735744,57.231655,54.497398,54.640270
3,16.000000,4,3,0.000000,-2.825110,53.864681,55.133904,54.568718
2,16.000000,2,3,1.735744,-2.825110,54.555779,55.009800,54.861210
0,16.200000,0,1,0.000029,1.193676,60.343105,54.908504,55.375229
1,16.200000,1,2,1.193676,1.628807,52.143497,54.968117,54.953217
3,16.200000,4,3,0.000000,-2.804208,50.063766,55.349613,54.606075
2,16.200000,2,3,1.628807,-2.804208,55.013535,54.790829,54.636078
0,16.400000,0,1,0.000029,1.246575,58.635201,54.441174,55.286934
1,16.400000,1,2,1.246575,1.773007,47.072811,55.134586,54.794273
3,16.400000,4,3,0.000000,-2.816510,57.929489,54.480282,54.584103
2,16.400000,2,3,1.773007,-2.816510,55.748909,54.789719,54.911053
0,16.600000,0,1,0.000029,1.497003,57.864578,54.950550,54.858917
1,16.600000,1,2,1.497003,1.617295,60.149975,54.551228,55.484131
3,16.600000,4,3,0.000000,-2.739528,57.746975,54.340736,54.720875
2,16.600000,2,3,1.617295,-2.739528,48.864750,54.688015,54.499645
0,16.800000,0,1,0.000030,1.377199,50.878315,54.342876,55.065788
1,16.800000,1,2,1.377199,1.715714,57.012878,55.844372,55.118919
3,16.800000,4,3,0.000000,-2.730203,53.220840,55.070473,54.737324
2,16.800000,2,3,1.715714,-2.730203,54.321533,54.814701,54.659012
0,17.000000,0,1,0.000030,1.349118,55.715794,54.512180,55.113712
1,17.000000,1,2,1.349118,1.559353,57.604107,55.870533,55.335091
3,17.000000,4,3,0.000000,-2.698293,56.681431,54.595169,54.793434
2,17.000000,2,3,1.559353,-2.698293,55.056587,53.591866,54.319450
0,17.200000,0,1,0.000030,1.426541,56.107460,54.774906,54.981064
1,17.200000,1,2,1.426541,1.510831,57.685772,56.965359,55.543221
3,17.200000,4,3,0.000000,-2.778759,56.396980,55.125778,54.651390
2,17.200000,2,3,1.510831,-2.778759,57.840340,53.179783,54.377815
0,17.400000,0,1,0.000031,1.429867,59.628056,54.241547,54.975330
1,17.400000,1,2,1.429867,1.594566,59.207035,56.434467,55.410801
3,17.400000,4,3,0.000000,-2.715369,53.975487,55.157963,54.763443
2,17.400000,2,3,1.594566,-2.715369,53.099674,53.956718,54.414825
0,17.600000,0,1,0.000031,1.533835,53.580578,54.069782,54.794521
1,17.600000,1,2,1.533835,1.458974,56.108669,57.139698,55.800640
3,17.600000,4,3,0.000000,-2.800401,48.275333,55.052677,54.612865
2,17.600000,2,3,1.458974,-2.800401,62.151192,53.600246,54.322617
0,17.800000,0,1,0.000032,1.526198,54.507607,54.122074,54.807907
1,17.800000,1,2,1.526198,1.594321,60.510334,57.278831,55.569649
3,17.800000,4,3,0.000000,-2.748075,54.261791,54.723862,54.705772
2,17.800000,2,3,1.594321,-2.748075,55.054619,54.226227,54.473618
0,18.000000,0,1,0.000032,1.425897,53.402248,54.163883,54.982178
1,18.000000,1,2,1.425897,1.589840,59.344978,55.995342,55.412052
3,18.000000,4,3,0.000000,-2.532238,58.910526,54.322556,55.080818
2,18.000000,2,3,1.589840,-2.532238,52.649776,54.622177,54.068192
0,18.200000,0,1,0.000032,1.392188,57.818298,54.583385,55.040123
1,18.200000,1,2,1.392188,1.618573,56.217972,55.949471,55.308109
3,18.200000,4,3,0.000000,-2.553384,49.763500,53.620308,55.044640
2,18.200000,2,3,1.618573,-2.553384,55.529778,54.494244,54.161312
0,18.400000,0,1,0.000033,1.229119,53.261112,54.620983,55.316154
1,18.400000,1,2,1.229119,1.550021,56.509960,56.392719,55.148857
3,18.400000,4,3,0.000000,-2.440783,55.121017,54.656967,55.235909
2,18.400000,2,3,1.550021,-2.440783,54.478485,54.633690,53.819221
0,18.600000,0,1,0.000033,1.288535,58.621265,55.274216,55.216393
1,18.600000,1,2,1.288535,1.678482,56.867687,55.646366,55.031025
3,18.600000,4,3,0.000000,-2.326394,59.076401,56.589233,55.426819
2,18.600000,2,3,1.678482,-2.326394,57.340378,54.395763,53.846184
0,18.800000,0,1,0.000033,1.186917,55.167213,55.416214,55.386467
1,18.800000,1,2,1.186917,1.672180,52.411137,55.479992,54.866230
3,18.800000,4,3,0.000000,-2.381713,56.883411,55.246204,55.334915
2,18.800000,2,3,1.672180,-2.381713,58.579487,54.316021,53.939590
0,19.000000,0,1,0.000034,1.202286,60.851730,55.964966,55.360916
1,19.000000,1,2,1.202286,1.474092,55.916382,54.871418,55.231873
3,19.000000,4,3,0.000000,-2.371020,56.577023,55.829376,55.352737
2,19.000000,2,3,1.474092,-2.371020,49.320999,54.446262,53.536057
0,19.200000,0,1,0.000034,1.224121,58.243790,55.705387,55.324509
1,19.200000,1,2,1.224121,1.547955,50.848755,55.164566,55.143879
3,19.200000,4,3,0.000000,-2.313489,54.717075,54.441162,55.448151
2,19.200000,2,3,1.547955,-2.313489,58.716373,54.103661,53.568169
0,19.400000,0,1,0.000034,1.276524,51.701843,55.073437,55.236637
1,19.400000,1,2,1.276524,1.587710,52.994488,54.837074,55.165337
3,19.400000,4,3,0.000000,-2.210558,55.430027,53.921234,55.616791
2,19.400000,2,3,1.587710,-2.210558,54.744835,54.287441,53.443417
0,19.600000,0,1,0.000035,1.378093,53.735931,54.921745,55.064266
1,19.600000,1,2,1.378093,1.583706,55.634682,55.222191,55.342796
3,19.600000,4,3,0.000000,-2.253932,59.729771,54.637745,55.546043
2,19.600000,2,3,1.583706,-2.253932,53.516628,54.066830,53.521328
0,19.800000,0,1,0.000035,1.299862,51.939381,54.651382,55.197273
1,19.800000,1,2,1.299862,1.637055,52.878185,55.440437,55.121170
3,19.800000,4,3,0.000000,-2.456358,54.885139,54.416283,55.209652
2,19.800000,2,3,1.637055,-2.456358,50.427376,53.793282,54.014313
0,20.000000,0,1,0.000035,1.350921,51.775249,54.924221,55.110649
1,20.000000,1,2,1.350921,1.706718,48.596355,54.645180,55.089462
3,20.000000,4,3,0.000000,-2.412712,54.835934,55.343224,55.283070
2,20.000000,2,3,1.706718,-2.412712,53.156734,54.295753,54.063225
0,20.200000,0,1,0.000036,1.475465,47.427021,54.644085,54.896412
1,20.200000,1,2,1.475465,1.775657,59.377689,55.187092,55.183952
3,20.200000,4,3,0.000000,-2.434683,58.259945,55.080360,55.246174
2,20.200000,2,3,1.775657,-2.434683,60.635685,54.018513,54.232430
0,20.400000,0,1,0.000036,1.606920,56.262859,54.790352,54.665604
1,20.400000,1,2,1.606920,1.777913,51.057240,55.331013,55.400368
3,20.400000,4,3,0.000000,-2.457596,53.308418,56.938789,55.207561
2,20.400000,2,3,1.777913,-2.457596,53.562103,54.058578,54.278816
0,20.600000,0,1,0.000037,1.590074,51.104736,55.327797,54.695457
1,20.600000,1,2,1.590074,1.748736,57.773449,55.833481,55.420799
3,20.600000,4,3,0.000000,-2.452331,54.994686,54.553928,55.216446
2,20.600000,2,3,1.748736,-2.452331,52.113514,53.455097,54.215294
0,20.800000,0,1,0.000037,1.449601,52.619076,55.124916,54.941254
1,20.800000,1,2,1.449601,1.727263,55.530010,55.641159,55.222000
3,20.800000,4,3,0.000000,-2.546659,50.427967,54.873226,55.056160
2,20.800000,2,3,1.727263,-2.546659,49.869816,54.061222,54.349224
0,21.000000,0,1,0.000037,1.479529,58.549828,55.729691,54.889351
1,21.000000,1,2,1.479529,1.770933,53.976212,55.390026,55.198807
3,21.000000,4,3,0.000000,-2.593977,57.579121,54.455048,54.974854
2,21.000000,2,3,1.770933,-2.593977,52.221378,55.057476,54.514206
0,21.200000,0,1,0.000038,1.577109,57.604736,55.660984,54.718380
1,21.200000,1,2,1.577109,1.720698,51.022808,55.789200,55.445721
3,21.200000,4,3,0.000000,-2.709032,52.273979,54.602348,54.774582
2,21.200000,2,3,1.720698,-2.709032,58.161877,55.253609,54.630230
0,21.400000,0,1,0.000038,1.535581,57.528976,55.144688,54.791473
1,21.400000,1,2,1.535581,1.730123,48.704914,56.500237,55.361240
3,21.400000,4,3,0.000000,-2.749310,56.363705,54.980301,54.703590
2,21.400000,2,3,1.730123,-2.749310,54.211670,55.478268,54.718361
0,21.600000,0,1,0.000038,1.541211,51.273636,55.501228,54.781593
1,21.600000,1,2,1.541211,1.781612,62.710964,56.202789,55.284637
3,21.600000,4,3,0.000000,-2.671181,57.164230,53.612064,54.840878
2,21.600000,2,3,1.781612,-2.671181,50.902496,55.370258,54.671215
0,21.800000,0,1,0.000039,1.410878,54.080750,54.949909,55.008045
1,21.800000,1,2,1.410878,1.849900,53.601593,56.267357,54.946495
3,21.800000,4,3,0.000000,-2.595782,52.780609,54.926048,54.971741
2,21.800000,2,3,1.849900,-2.595782,59.122360,54.777515,54.658592
0,22.000000,0,1,0.000039,1.402020,61.608723,54.817593,55.023270
1,22.000000,1,2,1.402020,1.874472,53.246147,56.170639,54.888527
3,22.000000,4,3,0.000000,-2.493922,54.642200,55.644238,55.146065
2,22.000000,2,3,1.874472,-2.493922,54.803585,54.950802,54.520477
0,22.200000,0,1,0.000039,1.455341,60.338745,54.511261,54.931320
1,22.200000,1,2,1.455341,1.794766,51.857384,55.757034,55.117371
3,22.200000,4,3,0.000000,-2.521750,54.837399,55.105766,55.098717
2,22.200000,2,3,1.794766,-2.521750,55.987682,54.277790,54.426773
0,22.400000,0,1,0.000040,1.431107,53.043606,54.486813,54.973206
1,22.400000,1,2,1.431107,1.864826,62.015472,55.827354,54.955658
3,22.400000,4,3,0.000000,-2.462855,58.077015,54.697132,55.198681
2,22.400000,2,3,1.864826,-2.462855,48.594299,55.132088,54.447006
0,22.600000,0,1,0.000040,1.386682,55.977566,54.593861,55.049576
1,22.600000,1,2,1.386682,1.958920,53.290756,55.644928,54.713646
3,22.600000,4,3,0.000000,-2.252189,49.151512,55.151237,55.548897
2,22.600000,2,3,1.958920,-2.252189,58.748039,55.936481,54.233852
0,22.800000,0,1,0.000040,1.526365,51.053596,55.219341,54.807632
1,22.800000,1,2,1.526365,2.030013,52.901951,55.987728,54.834152
3,22.800000,4,3,0.000000,-2.207602,54.269897,56.439167,55.621590
2,22.800000,2,3,2.030013,-2.207602,55.302944,55.473995,54.282684
0,23.000000,0,1,0.000041,1.551865,53.450104,54.468910,54.762875
1,23.000000,1,2,1.551865,2.120131,56.216228,55.323956,54.720657
3,23.000000,4,3,0.000000,-2.328984,56.998051,53.575970,55.422531
2,23.000000,2,3,2.120131,-2.328984,50.765411,55.866062,54.664688
0,23.200000,0,1,0.000041,1.521430,52.566559,54.620907,54.816269
1,23.200000,1,2,1.521430,2.163854,52.361095,54.671806,54.588928
3,23.200000,4,3,0.000000,-2.349365,64.684357,54.498741,55.388752
2,23.200000,2,3,2.163854,-2.349365,56.996220,55.681828,54.777863
0,23.400000,0,1,0.000041,1.528317,48.893074,54.648407,54.804214
1,23.400000,1,2,1.528317,2.097778,57.162613,54.227726,54.718552
3,23.400000,4,3,0.000000,-2.280078,56.188068,55.720638,55.503174
2,23.400000,2,3,2.097778,-2.280078,54.454426,54.815781,54.537479
0,23.600000,0,1,0.000042,1.604565,53.540009,54.882317,54.669792
1,23.600000,1,2,1.604565,2.117338,56.547569,54.654018,54.818199
3,23.600000,4,3,0.000000,-2.407330,57.241920,55.486240,55.292091
2,23.600000,2,3,2.117338,-2.407330,53.551796,54.719223,54.797958
0,23.800000,0,1,0.000042,1.812968,50.493359,55.170208,54.293663
1,23.800000,1,2,1.812968,2.237191,60.894020,55.422741,54.972054
3,23.800000,4,3,0.000000,-2.264197,57.691208,54.540497,55.529236
2,23.800000,2,3,2.237191,-2.264197,55.991047,54.641418,54.757069
0,24.000000,0,1,0.000043,1.798786,52.534302,54.888420,54.319675
1,24.000000,1,2,1.798786,2.242024,55.030205,55.642288,54.939201
3,24.000000,4,3,0.000000,-2.348252,59.319790,55.422653,55.390598
2,24.000000,2,3,2.242024,-2.348252,58.374760,54.454842,54.912369
0,24.200000,0,1,0.000043,1.646558,52.094463,54.373466,54.595043
1,24.200000,1,2,1.646558,2.233011,57.352394,55.447781,54.688499
3,24.200000,4,3,0.000000,-2.329444,54.690540,56.210003,55.421776
2,24.200000,2,3,2.233011,-2.329444,55.012127,54.208195,54.863998
0,24.400000,0,1,0.000043,1.664705,56.634979,54.922497,54.562584
1,24.400000,1,2,1.664705,2.256884,53.071243,53.914982,54.678356
3,24.400000,4,3,0.000000,-2.375770,50.901093,54.117466,55.344826
2,24.400000,2,3,2.256884,-2.375770,51.453926,54.444992,54.985634
0,24.600000,0,1,0.000044,1.711335,54.360260,54.982769,54.478722
1,24.600000,1,2,1.711335,2.316639,55.708164,53.512100,54.655067
3,24.600000,4,3,0.000000,-2.433636,59.503956,54.732780,55.247932
2,24.600000,2,3,2.316639,-2.433636,56.739742,55.622646,55.186432
0,24.800000,0,1,0.000044,1.660752,50.318020,54.954899,54.569664
1,24.800000,1,2,1.660752,2.271278,56.283863,53.293167,54.645786
3,24.800000,4,3,0.000000,-2.491030,58.412182,54.466919,55.150970
2,24.800000,2,3,2.271278,-2.491030,55.537022,55.399864,55.206768
0,25.000000,0,1,0.000044,1.708687,51.760780,54.805614,54.483505
1,25.000000,1,2,1.708687,2.241413,50.756954,53.525333,54.783230
3,25.000000,4,3,0.000000,-2.462150,58.153252,55.166637,55.199871
2,25.000000,2,3,2.241413,-2.462150,55.016689,55.530415,55.107132
0,25.200000,0,1,0.000045,1.689413,54.071381,54.229832,54.518230
1,25.200000,1,2,1.689413,2.254444,59.593044,53.935101,54.726372
3,25.200000,4,3,0.000000,-2.438636,54.270470,55.424038,55.239521
2,25.200000,2,3,2.254444,-2.438636,49.780964,55.355122,55.089256
0,25.400000,0,1,0.000045,1.793677,58.460667,54.521774,54.329033
1,25.400000,1,2,1.793677,2.152221,57.493389,53.721397,55.084778
3,25.400000,4,3,0.000000,-2.444051,57.438370,55.738976,55.230404
2,25.400000,2,3,2.152221,-2.444051,60.437889,55.189674,54.922764
0,25.600000,0,1,0.000045,1.719751,58.204552,54.367298,54.463520
1,25.600000,1,2,1.719751,2.184773,53.621208,53.417316,54.901436
3,25.600000,4,3,0.000000,-2.503398,57.688030,54.814678,55.129967
2,25.600000,2,3,2.184773,-2.503398,53.68901