2,0.200000,2,3,0.000000,0.000000,58.251957,NaN,56.391415
1,0.200000,2,1,0.000000,0.000000,45.042759,NaN,44.546146
3,0.200000,4,3,0.000000,0.000000,59.579136,57.215958,56.336731
0,0.200000,0,1,0.000000,0.000000,57.450985,NaN,57.954193
2,0.400000,2,3,-0.203255,0.011428,54.965004,NaN,56.061462
1,0.400000,2,1,-0.203255,0.104127,45.909100,NaN,45.849968
3,0.400000,4,3,0.000000,0.011428,50.103973,55.679195,56.354103
0,0.400000,0,1,0.000001,0.104127,55.625126,NaN,57.816833
2,0.600000,2,3,-0.503254,0.018481,57.947235,54.123775,55.571411
1,0.600000,2,1,-0.503254,0.171212,47.780895,41.720207,47.226158
3,0.600000,4,3,0.000000,0.018481,54.453209,55.420746,56.364811
0,0.600000,0,1,0.000001,0.171212,55.148228,52.707458,57.727406
2,0.800000,2,3,-0.653003,0.177783,49.232330,53.681759,55.054771
1,0.800000,2,1,-0.653003,0.270261,46.198414,45.960152,48.068649
3,0.800000,4,3,0.000000,0.177783,55.134941,56.010212,56.603897
0,0.800000,0,1,0.000001,0.270261,54.224079,55.019104,57.594009
2,1.000000,2,3,-0.762956,0.221549,53.965858,55.822674,54.788345
1,1.000000,2,1,-0.762956,0.471005,47.332535,48.426216,49.036510
3,1.000000,4,3,0.000000,0.221549,60.595955,57.101864,56.668671
0,1.000000,0,1,0.000002,0.471005,56.928223,54.930943,57.318523
2,1.200000,2,3,-1.020656,0.177999,51.715755,55.121033,54.405930
1,1.200000,2,1,-1.020656,0.665572,50.022106,48.972866,50.307083
3,1.200000,4,3,0.000000,0.177999,59.605057,55.354378,56.604218
0,1.200000,0,1,0.000002,0.665572,55.771664,54.875725,57.044670
2,1.400000,2,3,-1.053994,-0.018792,51.166504,56.058594,54.699020
1,1.400000,2,1,-1.053994,0.655913,49.438801,50.586685,50.369682
3,1.400000,4,3,0.000000,-0.018792,55.508888,56.120300,56.308102
0,1.400000,0,1,0.000002,0.655913,57.418324,54.946281,57.058426
2,1.600000,2,3,-1.212705,-0.035413,51.580257,56.356457,54.444687
1,1.600000,2,1,-1.212705,0.805159,52.637363,51.426399,51.152527
3,1.600000,4,3,0.000000,-0.035413,64.050484,56.169079,56.282719
0,1.600000,0,1,0.000003,0.805159,63.826504,54.887894,56.843857
2,1.800000,2,3,-1.368955,-0.035092,56.428501,55.707436,54.157356
1,1.800000,2,1,-1.368955,1.039341,49.732639,51.813480,52.070198
3,1.800000,4,3,0.000000,-0.035092,57.394897,55.802280,56.283211
0,1.800000,0,1,0.000003,1.039341,51.237808,54.559578,56.498383
2,2.000000,2,3,-1.387369,-0.013631,53.846611,55.697845,54.082951
1,2.000000,2,1,-1.387369,0.935689,49.238472,52.869835,51.876366
3,2.000000,4,3,0.000000,-0.013631,54.231964,55.842796,56.315971
0,2.000000,0,1,0.000004,0.935689,53.159386,53.797382,56.652653
2,2.200000,2,3,-1.468142,-0.184841,59.798573,55.088009,54.250980
1,2.200000,2,1,-1.468142,0.865947,55.674786,52.212311,51.901646
3,2.200000,4,3,0.000000,-0.184841,54.857967,57.725052,56.051804
0,2.200000,0,1,0.000004,0.865947,53.049519,54.329746,56.755234
2,2.400000,2,3,-1.582607,-0.030654,54.092464,55.457138,53.744019
1,2.400000,2,1,-1.582607,0.956347,55.311115,52.837296,52.360752
3,2.400000,4,3,0.000000,-0.030654,59.091053,57.378105,56.289993
0,2.400000,0,1,0.000004,0.956347,56.197521,55.521729,56.622082
2,2.600000,2,3,-1.751236,-0.170386,55.459534,54.245090,53.688049
1,2.600000,2,1,-1.751236,1.164172,52.002720,53.313522,53.156883
3,2.600000,4,3,0.000000,-0.170386,52.573692,57.141193,56.074356
0,2.600000,0,1,0.000005,1.164172,56.620419,55.766605,56.309639
2,2.800000,2,3,-1.853764,-0.140540,56.243523,54.192783,53.427917
1,2.800000,2,1,-1.853764,1.391131,49.012699,53.506721,53.808792
3,2.800000,4,3,0.000000,-0.140540,56.682266,54.174278,56.120781
0,2.800000,0,1,0.000005,1.391131,55.102646,55.105183,55.957832
2,3.000000,2,3,-1.777063,-0.258765,53.375080,53.839741,53.808838
1,3.000000,2,1,-1.777063,1.462776,51.951748,54.398594,53.799076
3,3.000000,4,3,0.000000,-0.258765,59.362526,55.821308,55.935730
0,3.000000,0,1,0.000005,1.462776,62.254459,54.917263,55.844368
2,3.200000,2,3,-1.876024,-0.308995,53.569756,53.779308,53.714855
1,3.200000,2,1,-1.876024,1.494504,55.861877,54.548801,54.047401
3,3.200000,4,3,0.000000,-0.308995,53.091331,55.777912,55.856144
0,3.200000,0,1,0.000006,1.494504,54.089954,54.620594,55.793739
2,3.400000,2,3,-1.806639,-0.374686,52.455147,53.231983,53.973396
1,3.400000,2,1,-1.806639,1.423267,52.344856,54.814037,53.779968
3,3.400000,4,3,0.000000,-0.374686,58.756893,55.362812,55.751171
0,3.400000,0,1,0.000006,1.423267,58.055721,54.534794,55.907089
2,3.600000,2,3,-1.723119,-0.313825,52.738857,53.644905,54.016167
1,3.600000,2,1,-1.723119,1.494613,54.839287,54.832718,53.756500
3,3.600000,4,3,0.000000,-0.313825,56.960571,55.375507,55.848457
0,3.600000,0,1,0.000006,1.494613,56.919987,54.556961,55.793564
2,3.800000,2,3,-1.860835,-0.326905,53.326820,53.114376,53.778778
1,3.800000,2,1,-1.860835,1.469715,50.676212,55.425381,53.972038
3,3.800000,4,3,0.000000,-0.326905,56.880821,56.217400,55.827621
0,3.800000,0,1,0.000007,1.469715,51.977119,54.466930,55.833321
2,4.000000,2,3,-1.666057,-0.257637,53.976334,52.951355,54.017815
1,4.000000,2,1,-1.666057,1.558869,57.783073,55.295822,53.770378
3,4.000000,4,3,0.000000,-0.257637,53.536488,56.046101,55.937511
0,4.000000,0,1,0.000007,1.558869,59.228714,54.249523,55.690300
2,4.200000,2,3,-1.801965,-0.169719,51.148640,52.598682,53.587791
1,4.200000,2,1,-1.801965,1.570147,47.951172,54.588661,54.050377
3,4.200000,4,3,0.000000,-0.169719,52.657581,56.027088,56.075397
0,4.200000,0,1,0.000007,1.570147,56.965553,54.517948,55.672073
2,4.400000,2,3,-1.915038,-0.129165,54.083782,52.639164,53.282455
1,4.400000,2,1,-1.915038,1.560951,57.209347,55.078762,54.243732
3,4.400000,4,3,0.000000,-0.129165,51.860901,58.529953,56.138420
0,4.400000,0,1,0.000008,1.560951,58.731163,54.016281,55.686939
2,4.600000,2,3,-1.864555,-0.219706,55.798241,52.661167,53.563061
1,4.600000,2,1,-1.864555,1.681383,52.093937,54.749561,54.372025
3,4.600000,4,3,0.000000,-0.219706,50.769299,56.291222,55.997215
0,4.600000,0,1,0.000008,1.681383,51.217728,54.449917,55.490646
2,4.800000,2,3,-1.811025,-0.293410,51.588112,53.356956,53.810150
1,4.800000,2,1,-1.811025,1.580558,58.185627,55.177612,54.086884
3,4.800000,4,3,0.000000,-0.293410,55.420761,54.128445,55.880898
0,4.800000,0,1,0.000008,1.580558,60.570740,54.386303,55.655224
2,5.000000,2,3,-1.805692,-0.422300,53.240696,53.778622,54.064857
1,5.000000,2,1,-1.805692,1.557816,53.334160,54.523788,54.034210
3,5.000000,4,3,0.000000,-0.422300,58.670887,55.603893,55.674446
0,5.000000,0,1,0.000009,1.557816,59.669746,54.761238,55.692005
2,5.200000,2,3,-1.790115,-0.557093,56.681889,54.358139,54.343285
1,5.200000,2,1,-1.790115,1.567978,56.518471,55.108547,54.024017
3,5.200000,4,3,0.000000,-0.557093,52.721245,57.211380,55.454258
0,5.200000,0,1,0.000009,1.567978,56.841335,54.780418,55.675583
2,5.400000,2,3,-1.646793,-0.576638,54.501526,54.385975,54.637009
1,5.400000,2,1,-1.646793,1.549208,58.462719,55.096508,53.714489
3,5.400000,4,3,0.000000,-0.576638,55.200356,55.226974,55.421955
0,5.400000,0,1,0.000010,1.549208,56.187386,54.537773,55.705894
2,5.600000,2,3,-1.569096,-0.642635,59.239109,55.297287,54.889717
1,5.600000,2,1,-1.569096,1.681232,51.836983,54.515045,53.819218
3,5.600000,4,3,0.000000,-0.642635,54.174591,54.897644,55.312172
0,5.600000,0,1,0.000010,1.681232,53.755531,54.403786,55.490898
2,5.800000,2,3,-1.678061,-0.764114,61.618877,55.646214,54.911449
1,5.800000,2,1,-1.678061,1.824492,53.090401,54.954151,54.292629
3,5.800000,4,3,0.000000,-0.764114,57.838783,56.551945,55.107136
0,5.800000,0,1,0.000010,1.824492,52.506138,54.149776,55.252686
2,6.000000,2,3,-1.616004,-0.912949,55.138237,55.969402,55.271286
1,6.000000,2,1,-1.616004,1.871221,54.507095,55.653782,54.264442
3,6.000000,4,3,0.000000,-0.912949,51.256699,55.902222,54.850540
0,6.000000,0,1,0.000011,1.871221,54.914547,54.276638,55.173836
2,6.200000,2,3,-1.542838,-0.846435,53.575371,56.304493,55.282448
1,6.200000,2,1,-1.542838,1.806485,58.547897,54.976299,54.007496
3,6.200000,4,3,0.000000,-0.846435,53.490814,54.758358,54.965961
0,6.200000,0,1,0.000011,1.806485,52.191036,54.625099,55.282913
2,6.400000,2,3,-1.610396,-0.807858,56.282692,56.170410,55.103027
1,6.400000,2,1,-1.610396,1.930547,53.393890,55.039700,54.362911
3,6.400000,4,3,0.000000,-0.807858,56.902096,56.809086,55.032349
0,6.400000,0,1,0.000011,1.930547,56.693180,55.205246,55.072906
2,6.600000,2,3,-1.533517,-0.737429,53.517838,55.536163,55.114014
1,6.600000,2,1,-1.533517,1.863746,53.266296,54.748085,54.097511
3,6.600000,4,3,0.000000,-0.737429,50.252346,56.063438,55.152512
0,6.600000,0,1,0.000012,1.863746,61.421116,54.483944,55.186493
2,6.800000,2,3,-1.667292,-0.757211,58.140633,55.571255,54.918152
1,6.800000,2,1,-1.667292,1.963469,57.758926,55.017082,54.525581
3,6.800000,4,3,0.000000,-0.757211,51.436119,55.551746,55.118893
0,6.800000,0,1,0.000012,1.963469,54.781017,54.356579,55.016487
2,7.000000,2,3,-1.626305,-0.713667,54.866314,55.163811,54.913719
1,7.000000,2,1,-1.626305,1.847736,54.377964,55.762657,54.240143
3,7.000000,4,3,0.000000,-0.713667,53.420464,54.923435,55.192749
0,7.000000,0,1,0.000012,1.847736,54.434700,53.548878,55.213539
2,7.200000,2,3,-1.678026,-0.810117,50.248016,54.897644,54.991028
1,7.200000,2,1,-1.678026,1.956614,57.044945,55.466770,54.532555
3,7.200000,4,3,0.000000,-0.810117,58.763577,55.715393,55.028473
0,7.200000,0,1,0.000013,1.956614,63.632095,54.215759,55.028259
2,7.400000,2,3,-1.752973,-0.923962,59.822544,55.432762,55.057808
1,7.400000,2,1,-1.752973,2.038499,52.994202,55.215199,54.810707
3,7.400000,4,3,0.000000,-0.923962,52.140553,53.995918,54.831310
0,7.400000,0,1,0.000013,2.038499,52.898735,53.627705,54.886803
2,7.600000,2,3,-1.759244,-0.934182,55.333431,55.528141,55.064568
1,7.600000,2,1,-1.759244,1.870922,55.111710,54.995121,54.524513
3,7.600000,4,3,0.000000,-0.934182,54.391670,55.482021,54.813435
0,7.600000,0,1,0.000013,1.870922,53.415260,53.362934,55.174347
2,7.800000,2,3,-1.749358,-0.965932,60.243629,55.597450,55.135555
1,7.800000,2,1,-1.749358,1.765858,54.288212,55.302731,54.315865
3,7.800000,4,3,0.000000,-0.965932,53.550789,54.672142,54.757713
0,7.800000,0,1,0.000014,1.765858,53.026917,54.325031,55.350819
2,8.000000,2,3,-1.726590,-1.031362,57.504250,55.515942,55.284416
1,8.000000,2,1,-1.726590,1.797512,57.129456,55.314148,54.332138
3,8.000000,4,3,0.000000,-1.031362,49.741501,55.526493,54.641968
0,8.000000,0,1,0.000014,1.797512,55.918297,55.089981,55.297951
2,8.200000,2,3,-1.714179,-1.020068,52.846588,56.310249,55.286285
1,8.200000,2,1,-1.714179,1.761621,57.842510,54.948895,54.243385
3,8.200000,4,3,0.000000,-1.020068,55.593811,55.789471,54.662037
0,8.200000,0,1,0.000015,1.761621,59.972015,54.920464,55.357880
2,8.400000,2,3,-1.804193,-0.996016,54.170570,56.469711,55.093410
1,8.400000,2,1,-1.804193,1.802999,52.198151,54.583786,54.483131
3,8.400000,4,3,0.000000,-0.996016,57.548080,54.686787,54.704647
0,8.400000,0,1,0.000015,1.802999,55.989426,55.221672,55.288765
2,8.600000,2,3,-1.705263,-0.880990,51.114689,55.917488,55.065918
1,8.600000,2,1,-1.705263,1.811136,52.394993,54.609863,54.318031
3,8.600000,4,3,0.000000,-0.880990,54.961098,55.556370,54.906151
0,8.600000,0,1,0.000015,1.811136,52.156555,54.962307,55.275124
2,8.800000,2,3,-1.655202,-0.867998,58.664139,55.850426,55.129135
1,8.800000,2,1,-1.655202,1.888883,52.624752,54.175014,54.368641
3,8.800000,4,3,0.000000,-0.867998,57.344307,53.101517,54.928677
0,8.800000,0,1,0.000016,1.888883,58.432793,54.868797,55.143898
2,9.000000,2,3,-1.649155,-0.900169,51.501469,55.989639,55.193924
1,9.000000,2,1,-1.649155,2.110663,57.135136,54.765408,54.755138
3,9.000000,4,3,0.000000,-0.900169,53.926453,55.156017,54.872810
0,9.000000,0,1,0.000016,2.110663,59.214817,54.550652,54.760597
2,9.200000,2,3,-1.578384,-0.864635,57.972355,55.602085,55.253326
1,9.200000,2,1,-1.578384,2.205507,56.211227,54.589355,54.797424
3,9.200000,4,3,0.000000,-0.864635,55.695717,54.285114,54.934502
0,9.200000,0,1,0.000016,2.205507,57.293034,53.900238,54.592461
2,9.400000,2,3,-1.641182,-0.840816,53.985538,55.740757,55.106728
1,9.400000,2,1,-1.641182,2.134308,53.910793,54.202534,54.782684
3,9.400000,4,3,0.000000,-0.840816,55.077641,54.462154,54.975655
0,9.400000,0,1,0.000017,2.134308,57.096291,53.768127,54.718925
2,9.600000,2,3,-1.703093,-0.699997,55.212219,55.046844,54.755676
1,9.600000,2,1,-1.703093,2.198123,56.127823,54.292664,55.001190
3,9.600000,4,3,0.000000,-0.699997,61.110775,56.863308,55.215836
0,9.600000,0,1,0.000017,2.198123,50.414650,54.056099,54.605644
2,9.800000,2,3,-1.667241,-0.695721,54.434868,54.569542,54.811104
1,9.800000,2,1,-1.667241,2.261067,55.868748,54.014957,55.047707
3,9.800000,4,3,0.000000,-0.695721,55.024029,54.527565,55.223045
0,9.800000,0,1,0.000017,2.261067,54.156200,53.937916,54.492744
2,10.000000,2,3,-1.676766,-0.775175,54.408791,54.517651,54.932861
1,10.000000,2,1,-1.676766,2.125406,60.144894,53.414326,54.829426
3,10.000000,4,3,0.000000,-0.775175,54.096809,54.239700,55.088276
0,10.000000,0,1,0.000018,2.125406,52.938370,53.669655,54.734634
2,10.200000,2,3,-1.768414,-0.740591,57.207607,55.043297,54.712067
1,10.200000,2,1,-1.768414,2.124414,53.855740,53.899216,54.986748
3,10.200000,4,3,0.000000,-0.740591,56.798176,55.090927,55.147141
0,10.200000,0,1,0.000018,2.124414,52.710602,54.770458,54.736385
2,10.400000,2,3,-1.764449,-0.643422,60.037426,54.659237,54.546112
1,10.400000,2,1,-1.764449,2.098824,53.023579,54.430023,54.935711
3,10.400000,4,3,0.000000,-0.643422,55.036201,54.199303,55.310852
0,10.400000,0,1,0.000018,2.098824,54.898827,54.138733,54.781410
2,10.600000,2,3,-1.874701,-0.732167,53.084942,53.625755,54.507454
1,10.600000,2,1,-1.874701,2.231648,53.426208,54.440472,55.348526
3,10.600000,4,3,0.000000,-0.732167,51.393780,55.665211,55.161430
0,10.600000,0,1,0.000019,2.231648,50.832394,54.408554,54.545662
2,10.800000,2,3,-1.905092,-0.860647,57.304077,54.160709,54.682655
1,10.800000,2,1,-1.905092,2.137402,55.651646,54.288025,55.241592
3,10.800000,4,3,0.000000,-0.860647,49.815754,55.275120,54.941402
0,10.800000,0,1,0.000019,2.137402,61.995827,53.894291,54.713463
2,11.000000,2,3,-1.826297,-0.785241,47.346611,54.052956,54.688660
1,11.000000,2,1,-1.826297,2.101469,55.596287,53.584972,55.046776
3,11.000000,4,3,0.000000,-0.785241,55.321609,55.411026,55.071083
0,11.000000,0,1,0.000019,2.101469,52.878937,54.053680,54.776768
2,11.200000,2,3,-1.715729,-0.774876,54.394772,54.014397,54.864670
1,11.200000,2,1,-1.715729,1.996574,55.868893,53.097958,54.671185
3,11.200000,4,3,0.000000,-0.774876,53.605820,55.904240,55.088783
0,11.200000,0,1,0.000020,1.996574,57.253323,54.058765,54.959473
2,11.400000,2,3,-1.775766,-0.740927,60.147453,54.092304,54.699665
1,11.400000,2,1,-1.775766,1.885486,53.280411,52.722878,54.580257
3,11.400000,4,3,0.000000,-0.740927,53.401089,54.900883,55.146572
0,11.400000,0,1,0.000020,1.885486,54.232464,54.217003,55.149670
2,11.600000,2,3,-1.740445,-0.758850,50.828392,53.856102,54.793449
1,11.600000,2,1,-1.740445,1.957937,53.136730,52.965157,54.646469
3,11.600000,4,3,0.000000,-0.758850,54.660965,54.373905,55.116104
0,11.600000,0,1,0.000021,1.957937,54.411934,55.250607,55.026001
2,11.800000,2,3,-1.689332,-0.651265,54.687023,53.900085,54.693951
1,11.800000,2,1,-1.689332,2.143430,56.006031,52.979542,54.882767
3,11.800000,4,3,0.000000,-0.651265,51.844162,55.272396,55.297729
0,11.800000,0,1,0.000021,2.143430,58.561043,54.625725,54.702812
2,12.000000,2,3,-1.697108,-0.579692,55.151588,54.010448,54.552589
1,12.000000,2,1,-1.697108,1.912609,55.235317,53.485058,54.487686
3,12.000000,4,3,0.000000,-0.579692,56.114002,56.134155,55.416901
0,12.000000,0,1,0.000021,1.912609,60.039684,53.942917,55.103539
2,12.200000,2,3,-1.745206,-0.774212,56.151783,54.001465,54.812027
1,12.200000,2,1,-1.745206,1.861663,50.208015,53.690681,54.482552
3,12.200000,4,3,0.000000,-0.774212,53.072250,55.399982,55.089920
0,12.200000,0,1,0.000022,1.861663,57.973347,54.822838,55.190029
2,12.400000,2,3,-1.749740,-0.826173,58.450462,54.577602,54.894745
1,12.400000,2,1,-1.749740,1.720418,60.774502,53.763306,54.232971
3,12.400000,4,3,0.000000,-0.826173,50.078964,54.078476,55.000881
0,12.400000,0,1,0.000022,1.720418,53.974667,54.636654,55.426277
2,12.600000,2,3,-1.722858,-0.857728,53.991184,54.823112,54.995811
1,12.600000,2,1,-1.722858,1.657095,50.429497,54.241783,54.065094
3,12.600000,4,3,0.000000,-0.857728,52.897743,55.742062,54.946449
0,12.600000,0,1,0.000022,1.657095,52.928852,54.890270,55.530544
2,12.800000,2,3,-1.751770,-0.803160,55.084244,54.730339,54.851143
1,12.800000,2,1,-1.751770,1.637354,51.643806,54.295971,54.082283
3,12.800000,4,3,0.000000,-0.803160,53.254681,54.787952,55.040405
0,12.800000,0,1,0.000023,1.637354,56.641193,55.083492,55.562843
2,13.000000,2,3,-1.687384,-0.709195,52.916195,53.902420,54.799419
1,13.000000,2,1,-1.687384,1.642957,54.737400,53.870281,53.971642
3,13.000000,4,3,0.000000,-0.709195,56.132580,55.345650,55.200310
0,13.000000,0,1,0.000023,1.642957,62.480526,55.510674,55.553688
2,13.200000,2,3,-1.745052,-0.863361,51.177280,53.799976,54.967262
1,13.200000,2,1,-1.745052,1.755987,58.068134,54.000267,54.289848
3,13.200000,4,3,0.000000,-0.863361,57.365444,56.380058,54.936707
0,13.200000,0,1,0.000023,1.755987,54.160805,55.494083,55.367268
2,13.400000,2,3,-1.731257,-0.846989,55.346382,54.351273,54.962814
1,13.400000,2,1,-1.731257,1.801457,50.470848,54.161884,54.347885
3,13.400000,4,3,0.000000,-0.846989,56.099586,54.824936,54.965004
0,13.400000,0,1,0.000024,1.801457,51.464584,55.343166,55.291363
2,13.600000,2,3,-1.771478,-0.908224,56.826363,54.265991,54.999039
1,13.600000,2,1,-1.771478,1.796772,50.250381,53.934589,54.412628
3,13.600000,4,3,0.000000,-0.908224,55.999859,56.065594,54.858780
0,13.600000,0,1,0.000024,1.796772,57.211437,54.755146,55.299210
2,13.800000,2,3,-1.700590,-1.118762,56.324501,55.423965,55.472862
1,13.800000,2,1,-1.700590,1.595573,60.024731,53.693417,53.906799
3,13.800000,4,3,0.000000,-1.118762,51.371777,53.819595,54.485413
0,13.800000,0,1,0.000024,1.595573,53.166092,55.580418,55.630898
2,14.000000,2,3,-1.701903,-1.016163,56.862141,56.042068,55.300308
1,14.000000,2,1,-1.701903,1.694710,51.099407,53.764080,54.096298
3,14.000000,4,3,0.000000,-1.016163,52.830692,55.222855,54.668968
0,14.000000,0,1,0.000025,1.694710,54.879936,56.185177,55.468731
2,14.200000,2,3,-1.792678,-1.073175,54.322754,55.433666,55.243645
1,14.200000,2,1,-1.792678,1.689468,51.595387,54.364941,54.255089
3,14.200000,4,3,0.000000,-1.073175,51.222179,53.831676,54.567352
0,14.200000,0,1,0.000025,1.689468,59.530361,55.356670,55.477367
2,14.400000,2,3,-1.791851,-1.035905,50.649597,55.518932,55.182152
1,14.400000,2,1,-1.791851,1.606139,58.709255,55.125103,54.098869
3,14.400000,4,3,0.000000,-1.035905,58.309425,54.953358,54.633888
0,14.400000,0,1,0.000026,1.606139,56.124836,55.701141,55.613731
2,14.600000,2,3,-1.941039,-1.094556,56.233303,54.865368,55.027863
1,14.600000,2,1,-1.941039,1.654612,56.059650,54.539520,54.462288
3,14.600000,4,3,0.000000,-1.094556,55.991329,54.289516,54.528999
0,14.600000,0,1,0.000026,1.654612,59.292431,55.630028,55.534615
2,14.800000,2,3,-2.113247,-1.038020,54.594936,54.672634,54.627979
1,14.800000,2,1,-2.113247,1.602423,56.761383,55.274105,54.677155
3,14.800000,4,3,0.000000,-1.038020,50.827293,54.272247,54.630123
0,14.800000,0,1,0.000026,1.602423,60.140846,55.005733,55.619774
2,15.000000,2,3,-2.124713,-1.142622,51.105446,54.322338,54.792580
1,15.000000,2,1,-2.124713,1.559562,51.715210,55.634819,54.621361
3,15.000000,4,3,0.000000,-1.142622,57.057697,55.386452,54.442276
0,15.000000,0,1,0.000027,1.559562,56.110260,55.755577,55.689213
2,15.200000,2,3,-2.356955,-1.035261,52.106297,54.330601,54.179962
1,15.200000,2,1,-2.356955,1.479820,52.505505,55.925446,54.889744
3,15.200000,4,3,0.000000,-1.035261,57.406010,53.394161,54.635033
0,15.200000,0,1,0.000027,1.479820,52.925232,56.518970,55.817238
2,15.400000,2,3,-2.334390,-1.003515,48.779930,53.463818,54.162910
1,15.400000,2,1,-2.334390,1.432666,57.345711,55.861568,54.767868
3,15.400000,4,3,0.000000,-1.003515,55.582691,53.424950,54.691380
0,15.400000,0,1,0.000027,1.432666,60.355759,56.942459,55.892235
2,15.600000,2,3,-2.419428,-0.968884,57.444199,52.706150,53.938175
1,15.600000,2,1,-2.419428,1.300096,55.220486,55.085323,54.683983
3,15.600000,4,3,0.000000,-0.968884,55.575085,54.199463,54.752518
0,15.600000,0,1,0.000028,1.300096,51.982361,57.863739,56.100353
2,15.800000,2,3,-2.395380,-1.056857,56.286339,52.346523,54.148689
1,15.800000,2,1,-2.395380,1.415875,53.294464,55.646427,54.845291
3,15.800000,4,3,0.000000,-1.056857,56.823296,54.459198,54.596535
0,15.800000,0,1,0.000028,1.415875,57.316204,57.551186,55.918816
2,16.000000,2,3,-2.285953,-1.017996,56.579342,52.778542,54.279232
1,16.000000,2,1,-2.285953,1.348709,56.366272,55.829449,54.532593
3,16.000000,4,3,0.000000,-1.017996,54.710804,53.592934,54.665714
0,16.000000,0,1,0.000028,1.348709,53.797569,57.628445,56.024498
2,16.200000,2,3,-2.240810,-1.037363,49.233509,53.023731,54.397217
1,16.200000,2,1,-2.240810,1.224070,60.620441,54.782745,54.223221
3,16.200000,4,3,0.000000,-1.037363,51.639179,53.291012,54.631294
0,16.200000,0,1,0.000029,1.224070,58.312347,57.129765,56.217934
2,16.400000,2,3,-2.188313,-0.998938,53.228580,53.591160,54.422783
1,16.400000,2,1,-2.188313,1.225845,56.968941,54.020576,54.129059
3,16.400000,4,3,0.000000,-0.998938,50.209942,54.714588,54.699478
0,16.400000,0,1,0.000029,1.225845,54.182621,57.607983,56.215202
2,16.600000,2,3,-2.334885,-0.975390,57.515541,53.220936,54.109589
1,16.600000,2,1,-2.334885,1.453697,59.605179,54.395725,54.805641
3,16.600000,4,3,0.000000,-0.975390,54.239502,56.076782,54.741058
0,16.600000,0,1,0.000029,1.453697,57.746849,56.717106,55.858849
2,16.800000,2,3,-2.502950,-0.888887,57.745461,53.959236,53.623363
1,16.800000,2,1,-2.502950,1.363105,53.251190,54.201504,54.940525
3,16.800000,4,3,0.000000,-0.888887,47.630619,55.853901,54.892437
0,16.800000,0,1,0.000030,1.363105,55.589466,56.218662,56.001938
2,17.000000,2,3,-2.418884,-1.021933,56.764389,53.753418,54.039398
1,17.000000,2,1,-2.418884,1.453785,52.433846,54.459297,54.951965
3,17.000000,4,3,0.000000,-1.021933,54.292770,53.773567,54.658726
0,17.000000,0,1,0.000030,1.453785,63.167511,57.074509,55.858711
2,17.200000,2,3,-2.302860,-0.896170,58.838047,54.211208,54.021072
1,17.200000,2,1,-2.302860,1.656845,51.434864,54.398090,55.101364
3,17.200000,4,3,0.000000,-0.896170,56.577904,55.713863,54.879776
0,17.200000,0,1,0.000030,1.656845,58.474220,57.118126,55.530968
2,17.400000,2,3,-2.075316,-1.058833,52.988583,55.282223,54.732086
1,17.400000,2,1,-2.075316,1.692179,52.793930,54.851486,54.768639
3,17.400000,4,3,0.000000,-1.058833,52.660984,54.226799,54.593002
0,17.400000,0,1,0.000031,1.692179,57.536636,56.309303,55.472912
2,17.600000,2,3,-2.039004,-1.089051,56.829811,55.391884,54.848801
1,17.600000,2,1,-2.039004,1.554344,54.774895,53.696346,54.458122
3,17.600000,4,3,0.000000,-1.089051,59.935822,54.354630,54.538887
0,17.600000,0,1,0.000031,1.554344,57.595959,56.222965,55.697647
2,17.800000,2,3,-2.208778,-1.089297,53.279427,55.284065,54.548885
1,17.800000,2,1,-2.208778,1.504388,56.702896,53.099648,54.672718
3,17.800000,4,3,0.000000,-1.089297,53.407959,54.035114,54.538445
0,17.800000,0,1,0.000032,1.504388,58.929222,56.490547,55.777962
2,18.000000,2,3,-2.288003,-1.223865,57.243427,55.077770,54.647709
1,18.000000,2,1,-2.288003,1.493818,55.577621,53.768593,54.793793
3,18.000000,4,3,0.000000,-1.223865,56.493427,54.103157,54.294106
0,18.000000,0,1,0.000032,1.493818,59.162136,56.616974,55.794880
2,18.200000,2,3,-2.267474,-1.360999,54.960529,54.867863,54.924400
1,18.200000,2,1,-2.267474,1.593580,60.118301,54.498146,54.931870
3,18.200000,4,3,0.000000,-1.360999,63.328472,55.189392,54.039322
0,18.200000,0,1,0.000032,1.593580,53.711132,56.452492,55.634148
2,18.400000,2,3,-2.365008,-1.297422,54.847942,54.924133,54.641579
1,18.400000,2,1,-2.365008,1.642307,58.025158,54.725552,55.182228
3,18.400000,4,3,0.000000,-1.297422,46.279495,53.755486,54.158188
0,18.400000,0,1,0.000033,1.642307,51.810757,56.001022,55.554764
2,18.600000,2,3,-2.270331,-1.302077,59.822273,54.777397,54.816822
1,18.600000,2,1,-2.270331,1.602296,53.614239,55.487789,54.951889
3,18.600000,4,3,0.000000,-1.302077,56.321384,53.623619,54.149529
0,18.600000,0,1,0.000033,1.602296,52.410160,55.597260,55.619987
2,18.800000,2,3,-2.327962,-1.222560,55.000187,54.501778,54.574112
1,18.800000,2,1,-2.327962,1.695516,51.333500,54.941349,55.209541
3,18.800000,4,3,0.000000,-1.222560,54.726433,54.357716,54.296505
0,18.800000,0,1,0.000033,1.695516,55.600922,55.111343,55.467419
2,19.000000,2,3,-2.359439,-1.123781,53.999104,54.208054,54.338463
1,19.000000,2,1,-2.359439,1.808688,51.386372,55.298210,55.450989
3,19.000000,4,3,0.000000,-1.123781,52.639191,54.978657,54.476357
0,19.000000,0,1,0.000034,1.808688,61.446953,55.287155,55.279259
2,19.200000,2,3,-2.402259,-1.054101,53.178883,53.472858,54.130741
1,19.200000,2,1,-2.402259,1.772942,55.348198,55.159660,55.462662
3,19.200000,4,3,0.000000,-1.054101,59.212826,53.697582,54.601456
0,19.200000,0,1,0.000034,1.772942,50.509483,54.609188,55.339043
2,19.400000,2,3,-2.196788,-0.954687,50.685120,53.770809,54.326675
1,19.400000,2,1,-2.196788,1.627048,52.907585,54.617611,54.867229
3,19.400000,4,3,0.000000,-0.954687,53.097046,54.519241,54.777481
0,19.400000,0,1,0.000034,1.627048,58.102268,54.986984,55.579689
2,19.600000,2,3,-2.092267,-0.880902,53.324608,52.727570,54.382801
1,19.600000,2,1,-2.092267,1.666849,54.378876,54.443100,54.753899
3,19.600000,4,3,0.000000,-0.880902,50.160210,54.709793,54.906303
0,19.600000,0,1,0.000035,1.666849,58.657856,55.375401,55.514568
2,19.800000,2,3,-2.080405,-0.981415,50.148716,52.874878,54.585579
1,19.800000,2,1,-2.080405,1.602425,56.818462,54.240047,54.618782
3,19.800000,4,3,0.000000,-0.981415,51.018883,53.851269,54.730434
0,19.800000,0,1,0.000035,1.602425,52.439884,55.548744,55.619785
2,20.000000,2,3,-1.998874,-1.066563,55.500217,53.621502,54.879539
1,20.000000,2,1,-1.998874,1.593124,53.308285,54.321106,54.455681
3,20.000000,4,3,0.000000,-1.066563,56.894615,55.404388,54.579185
0,20.000000,0,1,0.000035,1.593124,52.317520,56.035645,55.634892
2,20.200000,2,3,-1.881662,-1.093503,51.437080,54.017822,55.127510
1,20.200000,2,1,-1.881662,1.745749,62.786366,54.228043,54.519558
3,20.200000,4,3,0.000000,-1.093503,59.703423,53.179134,54.530891
0,20.200000,0,1,0.000036,1.745749,52.400661,55.969009,55.384308
2,20.400000,2,3,-1.773110,-1.063210,51.830456,53.705807,55.259796
1,20.400000,2,1,-1.773110,1.735810,54.450424,54.332539,54.304321
3,20.400000,4,3,0.000000,-1.063210,54.798504,54.685585,54.585182
0,20.400000,0,1,0.000036,1.735810,57.609280,55.257362,55.400803
2,20.600000,2,3,-1.647148,-1.088211,53.300976,54.354324,55.510506
1,20.600000,2,1,-1.647148,1.689740,52.719975,53.536434,53.984024
3,20.600000,4,3,0.000000,-1.088211,59.877304,54.355080,54.540398
0,20.600000,0,1,0.000037,1.689740,48.506508,55.213913,55.476940
2,20.800000,2,3,-1.651847,-1.106800,56.454494,54.864269,55.533287
1,20.800000,2,1,-1.651847,1.794958,57.395874,53.610439,54.189758
3,20.800000,4,3,0.000000,-1.106800,56.300201,55.119831,54.506973
0,20.800000,0,1,0.000037,1.794958,56.222385,55.633991,55.302265
2,21.000000,2,3,-1.846657,-1.084468,54.408241,54.442684,55.171585
1,21.000000,2,1,-1.846657,1.828088,48.451672,53.149982,54.604362
3,21.000000,4,3,0.000000,-1.084468,52.254269,54.583313,54.547112
0,21.000000,0,1,0.000037,1.828088,55.726559,55.799580,55.246681
2,21.200000,2,3,-1.730034,-1.131424,55.824661,54.689259,55.445179
1,21.200000,2,1,-1.730034,1.741050,55.448799,54.110954,54.234680
3,21.200000,4,3,0.000000,-1.131424,58.201294,54.613838,54.462543
0,21.200000,0,1,0.000038,1.741050,57.449677,55.435902,55.392113
2,21.400000,2,3,-1.721300,-1.197899,52.212872,55.726559,55.568691
1,21.400000,2,1,-1.721300,1.877539,54.294212,54.799114,54.468048
3,21.400000,4,3,0.000000,-1.197899,53.851830,55.514114,54.341682
0,21.400000,0,1,0.000038,1.877539,56.289871,55.989063,55.163177
2,21.600000,2,3,-1.773570,-1.336770,55.367092,55.540401,55.709194
1,21.600000,2,1,-1.773570,1.858806,58.036156,54.844826,54.528488
3,21.600000,4,3,0.000000,-1.336770,56.570461,53.893898,54.084778
0,21.600000,0,1,0.000038,1.858806,59.362438,55.451420,55.194889
2,21.800000,2,3,-1.863024,-1.406732,56.991791,55.351933,55.677731
1,21.800000,2,1,-1.863024,1.874696,50.883667,55.095818,54.716171
3,21.800000,4,3,0.000000,-1.406732,55.004677,54.377228,53.953007
0,21.800000,0,1,0.000039,1.874696,49.813438,56.089211,55.167999
2,22.000000,2,3,-1.939778,-1.465690,53.318932,55.306877,55.648926
1,22.000000,2,1,-1.939778,2.040458,52.247150,55.735394,55.136307
3,22.000000,4,3,0.000000,-1.465690,49.105518,53.736748,53.840706
0,22.000000,0,1,0.000039,2.040458,59.955551,55.733395,54.883442
2,22.200000,2,3,-1.795090,-1.260814,53.744968,55.731834,55.550919
1,22.200000,2,1,-1.795090,1.954027,58.048607,56.067867,54.736290
3,22.200000,4,3,0.000000,-1.260814,48.753090,54.736675,54.226044
0,22.200000,0,1,0.000039,1.954027,56.479771,55.177734,55.032745
2,22.400000,2,3,-1.919074,-1.265908,56.135258,54.900471,55.354698
1,22.400000,2,1,-1.919074,1.926974,52.901447,55.395496,54.905853
3,22.400000,4,3,0.000000,-1.265908,54.628468,53.657761,54.216629
0,22.400000,0,1,0.000040,1.926974,52.096764,54.218040,55.079060
2,22.600000,2,3,-1.926616,-1.261085,55.132069,55.256779,55.334084
1,22.600000,2,1,-1.926616,1.909336,54.743767,55.691479,54.888313
3,22.600000,4,3,0.000000,-1.261085,52.040668,55.727333,54.225544
0,22.600000,0,1,0.000040,1.909336,56.825954,54.716702,55.109146
2,22.800000,2,3,-2.021915,-1.285815,52.964596,55.879757,55.215687
1,22.800000,2,1,-2.021915,1.889124,52.597134,55.589687,55.018078
3,22.800000,4,3,0.000000,-1.285815,53.994812,55.429634,54.179749
0,22.800000,0,1,0.000040,1.889124,57.387695,54.599316,55.143528
2,23.000000,2,3,-1.929239,-1.300493,53.869534,55.789440,55.395290
1,23.000000,2,1,-1.929239,2.074936,59.767143,55.029770,55.176910
3,23.000000,4,3,0.000000,-1.300493,53.666245,54.076672,54.152473
0,23.000000,0,1,0.000041,2.074936,56.304070,54.683735,54.823311
2,23.200000,2,3,-1.987322,-1.214553,57.351009,56.168190,55.153652
1,23.200000,2,1,-1.987322,2.146031,55.265362,55.251560,55.393433
3,23.200000,4,3,0.000000,-1.214553,55.768211,54.251762,54.311195
0,23.200000,0,1,0.000041,2.146031,55.333607,54.133335,54.698246
2,23.400000,2,3,-1.899359,-1.233243,53.215122,55.640930,55.333107
1,23.400000,2,1,-1.899359,2.013938,54.153419,55.049515,55.021957
3,23.400000,4,3,0.000000,-1.233243,55.310638,54.665005,54.276875
0,23.400000,0,1,0.000041,2.013938,51.399593,54.008106,54.929478
2,23.600000,2,3,-1.851719,-1.290510,52.791813,55.166485,55.506775
1,23.600000,2,1,-1.851719,1.978863,55.722519,54.278412,54.878975
3,23.600000,4,3,0.000000,-1.290510,54.355080,54.013714,54.171032
0,23.600000,0,1,0.000042,1.978863,56.320126,54.961040,54.990059
2,23.800000,2,3,-1.994067,-1.451696,55.987968,55.857632,55.537674
1,23.800000,2,1,-1.994067,1.998330,51.736385,54.270161,55.156952
3,23.800000,4,3,0.000000,-1.451696,57.767765,53.378323,53.867470
0,23.800000,0,1,0.000042,1.998330,49.829662,55.391335,54.956478
2,24.000000,2,3,-1.938516,-1.313708,57.877922,55.372448,55.401825
1,24.000000,2,1,-1.938516,1.953614,58.513199,54.694302,54.985546
3,24.000000,4,3,0.000000,-1.313708,51.238617,52.919018,54.127861
0,24.000000,0,1,0.000043,1.953614,56.520710,55.125275,55.033463
2,24.200000,2,3,-1.763096,-1.329390,50.989822,55.319180,55.714184
1,24.200000,2,1,-1.763096,1.986133,54.712898,55.049995,54.736481
3,24.200000,4,3,0.000000,-1.329390,54.969112,53.842934,54.098579
0,24.200000,0,1,0.000043,1.986133,54.046089,54.319492,54.977531
2,24.400000,2,3,-1.673558,-1.383316,53.562454,56.204418,55.942909
1,24.400000,2,1,-1.673558,2.125117,55.176022,54.230644,54.823311
3,24.400000,4,3,0.000000,-1.383316,47.436947,53.628975,53.997288
0,24.400000,0,1,0.000043,2.125117,58.781532,54.287693,54.735191
2,24.600000,2,3,-1.715662,-1.257209,55.478481,56.753410,55.674236
1,24.600000,2,1,-1.715662,2.037568,54.031342,54.397545,54.743534
3,24.600000,4,3,0.000000,-1.257209,56.355347,54.170929,54.232704
0,24.600000,0,1,0.000044,2.037568,60.521767,54.042408,54.888477
2,24.800000,2,3,-1.671969,-1.351251,62.802177,56.460861,55.894722
1,24.800000,2,1,-1.671969,1.932772,54.957096,54.256531,54.478706
3,24.800000,4,3,0.000000,-1.351251,46.781868,52.392723,54.057632
0,24.800000,0,1,0.000044,1.932772,54.154285,55.114746,55.069160
2,25.000000,2,3,-1.851369,-1.368881,55.602222,56.834999,55.635300
1,25.000000,2,1,-1.851369,2.022368,52.206837,54.731327,54.953812
3,25.000000,4,3,0.000000,-1.368881,53.306667,53.781872,54.024494
0,25.000000,0,1,0.000044,2.022368,54.947304,55.275143,54.914871
2,25.200000,2,3,-1.903678,-1.312205,55.957779,57.032528,55.456963
1,25.200000,2,1,-1.903678,2.228389,56.488068,55.390388,55.391296
3,25.200000,4,3,0.000000,-1.312205,54.606312,53.909985,54.130661
0,25.200000,0,1,0.000045,2.228389,58.722790,55.083725,54.551552
2,25.400000,2,3,-1.932457,-1.325502,55.550465,56.682976,55.431389
1,25.400000,2,1,-1.932457,2.166789,63.503799,55.507099,55.336685
3,25.400000,4,3,0.000000,-1.325502,56.254250,54.226494,54.105850
0,25.400000,0,1,0.000045,2.166789,56.520660,54.652237,54.6