3,0.200000,4,3,0.000000,0.000000,54.155437,56.344299,56.873631
0,0.200000,0,1,0.000000,0.000000,54.600647,NaN,54.743515
2,0.200000,3,2,0.000000,0.000000,56.094086,NaN,57.556053
1,0.200000,1,2,0.000000,0.000000,50.814613,NaN,48.143948
3,0.400000,4,3,0.000000,0.122154,61.825367,57.336529,57.049084
0,0.400000,0,1,0.000001,0.128769,55.120983,NaN,54.514233
2,0.400000,3,2,0.122154,-0.099338,60.293465,NaN,57.250610
1,0.400000,1,2,0.128769,-0.099338,53.532772,NaN,48.858025
3,0.600000,4,3,0.000000,0.212790,63.886009,56.543804,57.177460
0,0.600000,0,1,0.000001,0.236181,53.120346,57.540241,54.319202
2,0.600000,3,2,0.212790,-0.229749,53.695129,53.765778,56.936958
1,0.600000,1,2,0.236181,-0.229749,45.132561,54.951508,49.555660
3,0.800000,4,3,0.000000,0.301516,60.750156,56.270367,57.301674
0,0.800000,0,1,0.000001,0.340777,52.724846,54.083290,54.125858
2,0.800000,3,2,0.301516,-0.360576,60.406086,53.473251,56.616196
1,0.800000,1,2,0.340777,-0.360576,45.359539,52.760944,50.204742
3,1.000000,4,3,0.000000,0.255361,60.876740,57.118210,57.237236
0,1.000000,0,1,0.000002,0.360046,56.522449,53.543468,54.089859
2,1.000000,3,2,0.255361,-0.467235,59.596600,54.818657,56.526108
1,1.000000,1,2,0.360046,-0.467235,56.504601,50.720837,50.536644
3,1.200000,4,3,0.000000,0.313301,60.421604,58.657017,57.318069
0,1.200000,0,1,0.000002,0.443910,56.903297,54.330830,53.931786
2,1.200000,3,2,0.313301,-0.594466,51.698376,55.369698,56.245663
1,1.200000,1,2,0.443910,-0.594466,48.475723,49.357861,51.071209
3,1.400000,4,3,0.000000,0.356678,57.777924,56.971664,57.378193
0,1.400000,0,1,0.000002,0.572856,51.584415,55.227310,53.684158
2,1.400000,3,2,0.356678,-0.746001,57.464733,55.006367,55.942421
1,1.400000,1,2,0.572856,-0.746001,47.454323,51.217773,51.743057
3,1.600000,4,3,0.000000,0.250614,53.811111,57.203640,57.230587
0,1.600000,0,1,0.000003,0.619267,55.780983,54.835732,53.593628
2,1.600000,3,2,0.250614,-0.755326,54.844017,55.064133,56.093987
1,1.600000,1,2,0.619267,-0.755326,58.403767,51.554501,51.871758
3,1.800000,4,3,0.000000,0.192054,52.361210,58.044254,57.148224
0,1.800000,0,1,0.000003,0.605692,56.712498,54.964359,53.620186
2,1.800000,3,2,0.192054,-0.855591,55.259373,54.496090,56.028904
1,1.800000,1,2,0.605692,-0.855591,58.192596,51.919281,52.068939
3,2.000000,4,3,0.000000,0.263889,52.592052,57.036816,57.249172
0,2.000000,0,1,0.000004,0.750133,57.636360,55.964226,53.334221
2,2.000000,3,2,0.263889,-0.933466,57.311066,54.562912,55.792015
1,2.000000,1,2,0.750133,-0.933466,58.042252,52.698124,52.558834
3,2.200000,4,3,0.000000,0.278898,55.648781,57.089691,57.270149
0,2.200000,0,1,0.000004,0.662732,53.985512,55.161427,53.508156
2,2.200000,3,2,0.278898,-0.926712,58.528065,54.784138,55.778801
1,2.200000,1,2,0.662732,-0.926712,54.654995,52.955063,52.354046
3,2.400000,4,3,0.000000,0.308491,57.261688,57.951206,57.311382
0,2.400000,0,1,0.000004,0.747691,50.967693,54.404053,53.339123
2,2.400000,3,2,0.308491,-1.129025,58.693161,54.909286,55.400864
1,2.400000,1,2,0.747691,-1.129025,53.970852,53.279339,52.967148
3,2.600000,4,3,0.000000,0.288854,52.188450,59.003681,57.284035
0,2.600000,0,1,0.000005,0.775813,49.031094,54.455162,53.282585
2,2.600000,3,2,0.288854,-1.277124,60.784061,54.497803,55.185699
1,2.600000,1,2,0.775813,-1.277124,58.775169,54.602394,53.326805
3,2.800000,4,3,0.000000,0.149651,56.514469,56.285812,57.088188
0,2.800000,0,1,0.000005,0.787399,47.604103,53.888756,53.259205
2,2.800000,3,2,0.149651,-1.276970,54.081978,54.750813,55.418915
1,2.800000,1,2,0.787399,-1.276970,50.003311,54.206966,53.349731
3,3.000000,4,3,0.000000,0.124890,53.117474,57.405247,57.052979
0,3.000000,0,1,0.000005,0.646327,61.347073,54.405514,53.540501
2,3.000000,3,2,0.124890,-1.246990,55.959442,55.485298,55.509171
1,3.000000,1,2,0.646327,-1.246990,50.156990,53.952896,53.001545
3,3.200000,4,3,0.000000,0.045761,58.216702,56.173744,56.939690
0,3.200000,0,1,0.000006,0.744539,49.823242,54.944931,53.345444
2,3.200000,3,2,0.045761,-1.380723,60.208549,55.459694,55.419140
1,3.200000,1,2,0.744539,-1.380723,56.204689,53.715893,53.471031
3,3.400000,4,3,0.000000,-0.016229,55.867661,57.488571,56.850105
0,3.400000,0,1,0.000006,0.729503,53.520233,54.338036,53.375534
2,3.400000,3,2,-0.016229,-1.478248,51.775940,55.620983,55.360149
1,3.400000,1,2,0.729503,-1.478248,53.846668,54.245686,53.633224
3,3.600000,4,3,0.000000,0.027670,59.907700,56.421822,56.913624
0,3.600000,0,1,0.000006,0.816412,53.598724,54.378887,53.200443
2,3.600000,3,2,0.027670,-1.604683,58.751900,55.729465,55.072838
1,3.600000,1,2,0.816412,-1.604683,54.320313,55.002823,54.041809
3,3.800000,4,3,0.000000,-0.023003,59.437019,56.757999,56.840271
0,3.800000,0,1,0.000007,0.806699,51.680180,54.693115,53.220154
2,3.800000,3,2,-0.023003,-1.596603,56.248390,55.015785,55.172798
1,3.800000,1,2,0.806699,-1.596603,55.717846,55.776535,54.008312
3,4.000000,4,3,0.000000,-0.027246,52.965572,56.486988,56.834106
0,4.000000,0,1,0.000007,0.844867,50.504501,54.039478,53.142498
2,4.000000,3,2,-0.027246,-1.514184,58.698582,55.431999,55.318588
1,4.000000,1,2,0.844867,-1.514184,58.162106,55.169426,53.924561
3,4.200000,4,3,0.000000,0.005725,55.637077,57.853504,56.881916
0,4.200000,0,1,0.000007,0.947151,54.340755,53.911579,52.931618
2,4.200000,3,2,0.005725,-1.567058,52.652302,55.889709,55.174187
1,4.200000,1,2,0.947151,-1.567058,55.928181,55.243446,54.215424
3,4.400000,4,3,0.000000,-0.118556,50.512856,55.786232,56.700588
0,4.400000,0,1,0.000008,0.893779,55.938148,53.832920,53.042168
2,4.400000,3,2,-0.118556,-1.540425,56.128883,55.632980,55.426781
1,4.400000,1,2,0.893779,-1.540425,55.235504,55.335491,54.066418
3,4.600000,4,3,0.000000,-0.003586,56.223499,57.499058,56.868435
0,4.600000,0,1,0.000008,0.743696,54.688030,54.154945,53.347137
2,4.600000,3,2,-0.003586,-1.509919,54.845222,55.485134,55.286133
1,4.600000,1,2,0.743696,-1.509919,53.054733,55.610432,53.722366
3,4.800000,4,3,0.000000,0.080964,58.778786,56.765114,56.990238
0,4.800000,0,1,0.000008,0.757996,50.351051,54.680832,53.318443
2,4.800000,3,2,0.080964,-1.474940,57.977669,55.254040,55.202728
1,4.800000,1,2,0.757996,-1.474940,55.698017,55.227306,53.682266
3,5.000000,4,3,0.000000,0.085569,54.792809,57.900612,56.996834
0,5.000000,0,1,0.000009,0.766157,53.190887,54.775101,53.302040
2,5.000000,3,2,0.085569,-1.363179,55.030575,55.010105,55.382217
1,5.000000,1,2,0.766157,-1.363179,46.757507,54.875957,53.479099
3,5.200000,4,3,0.000000,0.181432,57.233303,58.619091,57.133217
0,5.200000,0,1,0.000009,0.716534,57.347286,54.500908,53.401428
2,5.200000,3,2,0.181432,-1.448791,55.513912,55.189270,55.076477
1,5.200000,1,2,0.716534,-1.448791,53.200008,54.733833,53.550110
3,5.400000,4,3,0.000000,0.214894,59.009510,56.291584,57.180420
0,5.400000,0,1,0.000010,0.657527,50.642784,54.646267,53.518440
2,5.400000,3,2,0.214894,-1.444549,55.090519,54.848774,55.026436
1,5.400000,1,2,0.657527,-1.444549,51.726341,54.509674,53.425003
3,5.600000,4,3,0.000000,0.151594,56.291382,56.007401,57.090950
0,5.600000,0,1,0.000010,0.741009,49.849190,55.039867,53.352524
2,5.600000,3,2,0.151594,-1.537223,56.669281,54.515152,54.975891
1,5.600000,1,2,0.741009,-1.537223,54.066105,55.011089,53.769913
3,5.800000,4,3,0.000000,0.165129,54.673824,56.130260,57.110146
0,5.800000,0,1,0.000010,0.761524,53.381580,54.426105,53.311359
2,5.800000,3,2,0.165129,-1.610949,54.609112,54.423485,54.824348
1,5.800000,1,2,0.761524,-1.610949,54.536854,55.682926,53.950035
3,6.000000,4,3,0.000000,0.119489,58.970074,57.404274,57.045288
0,6.000000,0,1,0.000011,0.821866,57.491390,53.978634,53.189369
2,6.000000,3,2,0.119489,-1.692871,58.384205,54.095249,54.760712
1,6.000000,1,2,0.821866,-1.692871,57.171295,55.340012,54.216400
3,6.200000,4,3,0.000000,0.124237,54.716442,58.304199,57.052052
0,6.200000,0,1,0.000011,0.791271,54.198166,53.770760,53.251396
2,6.200000,3,2,0.124237,-1.674461,56.975536,54.497013,54.784721
1,6.200000,1,2,0.791271,-1.674461,53.824139,55.882496,54.125381
3,6.400000,4,3,0.000000,0.047474,52.279034,56.996830,56.942154
0,6.400000,0,1,0.000011,0.873907,49.210194,53.594372,53.083050
2,6.400000,3,2,0.047474,-1.893611,50.256416,54.802937,54.531876
1,6.400000,1,2,0.873907,-1.893611,50.100647,56.012814,54.674149
3,6.600000,4,3,0.000000,0.057929,55.472542,55.906574,56.957191
0,6.600000,0,1,0.000012,0.753016,53.209953,53.472198,53.328453
2,6.600000,3,2,0.057929,-1.743063,50.605026,55.091900,54.780693
1,6.600000,1,2,0.753016,-1.743063,52.589561,56.072521,54.181835
3,6.800000,4,3,0.000000,0.005018,58.771729,57.036972,56.880894
0,6.800000,0,1,0.000012,0.771840,50.379028,53.448212,53.290604
2,6.800000,3,2,0.005018,-1.735897,59.893963,55.643055,54.885674
1,6.800000,1,2,0.771840,-1.735897,53.940502,54.910427,54.203445
3,7.000000,4,3,0.000000,0.040778,60.683052,57.280132,56.932518
0,7.000000,0,1,0.000012,0.708981,53.380634,53.344742,53.416481
2,7.000000,3,2,0.040778,-1.675129,57.336563,55.613869,54.929077
1,7.000000,1,2,0.708981,-1.675129,54.046104,53.991920,53.972069
3,7.200000,4,3,0.000000,-0.000625,55.701809,55.846722,56.872726
0,7.200000,0,1,0.000013,0.651451,56.792107,52.768066,53.530426
2,7.200000,3,2,-0.000625,-1.722607,60.229244,55.696232,54.918549
1,7.200000,1,2,0.651451,-1.722607,58.234962,53.190628,53.953037
3,7.400000,4,3,0.000000,-0.222184,57.887573,57.406925,56.547043
0,7.400000,0,1,0.000013,0.532094,53.865566,53.001740,53.763069
2,7.400000,3,2,-0.222184,-1.867599,51.692188,55.880463,55.050488
1,7.400000,1,2,0.532094,-1.867599,56.503929,53.931431,54.001507
3,7.600000,4,3,0.000000,-0.236856,53.025745,55.870354,56.525131
0,7.600000,0,1,0.000013,0.675699,54.177654,53.203636,53.482548
2,7.600000,3,2,-0.236856,-1.953125,57.471821,56.424534,54.928444
1,7.600000,1,2,0.675699,-1.953125,58.500877,54.262207,54.425385
3,7.800000,4,3,0.000000,-0.358842,53.923595,56.379078,56.341179
0,7.800000,0,1,0.000014,0.631779,53.787426,53.187717,53.569115
2,7.800000,3,2,-0.358842,-1.972862,48.886497,55.592907,55.104126
1,7.800000,1,2,0.631779,-1.972862,56.473110,55.147552,54.381424
3,8.000000,4,3,0.000000,-0.384650,53.886585,55.755016,56.301861
0,8.000000,0,1,0.000014,0.686756,52.948414,53.628784,53.460648
2,8.000000,3,2,-0.384650,-2.023735,53.020554,55.696541,55.061325
1,8.000000,1,2,0.686756,-2.023735,54.614819,55.698334,54.572556
3,8.200000,4,3,0.000000,-0.457071,53.012539,56.293804,56.190758
0,8.200000,0,1,0.000015,0.640407,47.806168,53.565975,53.552162
2,8.200000,3,2,-0.457071,-1.985234,52.362011,55.173248,55.249481
1,8.200000,1,2,0.640407,-1.985234,60.693489,55.631058,54.419609
3,8.400000,4,3,0.000000,-0.372543,54.437874,55.649269,56.320328
0,8.400000,0,1,0.000015,0.563327,57.066109,54.190041,53.702675
2,8.400000,3,2,-0.372543,-2.003098,55.686363,55.150852,55.075912
1,8.400000,1,2,0.563327,-2.003098,58.397316,55.192047,54.311581
3,8.600000,4,3,0.000000,-0.287048,57.079258,57.141487,56.449821
0,8.600000,0,1,0.000015,0.519310,56.435680,54.045853,53.787697
2,8.600000,3,2,-0.287048,-1.845517,57.530655,55.464447,55.198395
1,8.600000,1,2,0.519310,-1.845517,52.952499,54.834301,53.935532
3,8.800000,4,3,0.000000,-0.480008,58.003555,57.513050,56.155334
0,8.800000,0,1,0.000016,0.564609,54.704071,53.979645,53.700188
2,8.800000,3,2,-0.480008,-1.817108,57.159863,54.707771,55.566128
1,8.800000,1,2,0.564609,-1.817108,54.495743,53.764893,53.967545
3,9.000000,4,3,0.000000,-0.403183,56.798820,55.387505,56.273537
0,9.000000,0,1,0.000016,0.626800,56.917080,54.117279,53.578888
2,9.000000,3,2,-0.403183,-1.958252,50.079922,55.448330,55.204140
1,9.000000,1,2,0.626800,-1.958252,48.915649,53.444832,54.345680
3,9.200000,4,3,0.000000,-0.449709,58.158024,55.898464,56.202106
0,9.200000,0,1,0.000016,0.587273,52.404457,54.334530,53.656143
2,9.200000,3,2,-0.449709,-2.070897,58.124577,54.682247,55.091904
1,9.200000,1,2,0.587273,-2.070897,55.124214,54.185066,54.478500
3,9.400000,4,3,0.000000,-0.545938,58.869953,57.007668,56.052856
0,9.400000,0,1,0.000017,0.494986,54.660099,54.197208,53.834404
2,9.400000,3,2,-0.545938,-2.200161,53.333588,54.403614,55.035389
1,9.400000,1,2,0.494986,-2.200161,55.496746,54.091778,54.545052
3,9.600000,4,3,0.000000,-0.639478,54.864616,55.922832,55.905781
0,9.600000,0,1,0.000017,0.546340,56.859982,54.445843,53.735573
2,9.600000,3,2,-0.639478,-2.190350,60.557571,54.075413,55.211227
1,9.600000,1,2,0.546340,-2.190350,58.290352,54.014027,54.619347
3,9.800000,4,3,0.000000,-0.753199,60.124496,56.511776,55.724251
0,9.800000,0,1,0.000017,0.474795,52.571682,54.341980,53.873016
2,9.800000,3,2,-0.753199,-2.152459,55.502930,54.299618,55.464119
1,9.800000,1,2,0.474795,-2.152459,58.060280,53.992313,54.422539
3,10.000000,4,3,0.000000,-0.740216,52.903126,55.323727,55.745132
0,10.000000,0,1,0.000018,0.394885,59.294678,54.779686,54.024502
2,10.000000,3,2,-0.740216,-2.158169,55.906582,55.258846,55.433258
1,10.000000,1,2,0.394885,-2.158169,55.657272,53.999649,54.287041
3,10.200000,4,3,0.000000,-0.717245,52.076912,55.831642,55.781975
0,10.200000,0,1,0.000018,0.295291,51.082634,55.545166,54.210392
2,10.200000,3,2,-0.717245,-2.237574,60.917927,55.224350,55.262650
1,10.200000,1,2,0.295291,-2.237574,56.801395,52.955563,54.249878
3,10.400000,4,3,0.000000,-0.708582,54.989372,57.173347,55.795837
0,10.400000,0,1,0.000018,0.205801,53.891445,55.225143,54.374748
2,10.400000,3,2,-0.708582,-2.192666,55.057449,54.741283,55.323357
1,10.400000,1,2,0.205801,-2.192666,62.401009,53.036488,53.999191
3,10.600000,4,3,0.000000,-0.746684,59.835346,56.560406,55.734734
0,10.600000,0,1,0.000019,0.276194,51.251335,55.686588,54.245678
2,10.600000,3,2,-0.746684,-2.194302,57.543980,55.235737,55.384094
1,10.600000,1,2,0.276194,-2.194302,54.730583,52.782967,54.134262
3,10.800000,4,3,0.000000,-1.046684,55.872002,54.925209,55.241245
0,10.800000,0,1,0.000019,0.303264,57.280125,55.087944,54.195629
2,10.800000,3,2,-1.046684,-2.236765,58.156055,54.886276,55.803642
1,10.800000,1,2,0.303264,-2.236765,53.408424,53.344357,54.263077
3,11.000000,4,3,0.000000,-1.013430,58.884529,54.541378,55.297066
0,11.000000,0,1,0.000019,0.242926,48.869129,54.939350,54.306870
2,11.000000,3,2,-1.013430,-2.148249,60.254913,55.475601,55.891594
1,11.000000,1,2,0.242926,-2.148249,59.393715,54.240364,53.985428
3,11.200000,4,3,0.000000,-0.922294,59.739815,54.525509,55.448593
0,11.200000,0,1,0.000020,0.360252,54.858883,55.785374,54.089508
2,11.200000,3,2,-0.922294,-2.093863,54.410400,56.433708,55.833183
1,11.200000,1,2,0.360252,-2.093863,53.311787,53.753700,54.103691
3,11.400000,4,3,0.000000,-0.976953,52.244221,54.419300,55.357971
0,11.400000,0,1,0.000020,0.446380,50.545826,55.701675,53.927132
2,11.400000,3,2,-0.976953,-2.236230,55.773773,55.858902,55.692501
1,11.400000,1,2,0.446380,-2.236230,55.674454,53.175739,54.522537
3,11.600000,4,3,0.000000,-0.992798,54.847404,54.077091,55.331554
0,11.600000,0,1,0.000021,0.293273,58.111118,54.616096,54.214130
2,11.600000,3,2,-0.992798,-2.332171,59.190434,55.332100,55.562416
1,11.600000,1,2,0.293273,-2.332171,56.816971,53.577454,54.419250
3,11.800000,4,3,0.000000,-0.983559,56.738930,56.535519,55.346962
0,11.800000,0,1,0.000021,0.258741,56.503002,55.553642,54.277824
2,11.800000,3,2,-0.983559,-2.357175,56.778107,55.081291,55.506317
1,11.800000,1,2,0.258741,-2.357175,54.705990,54.015625,54.401943
3,12.000000,4,3,0.000000,-0.951293,59.226707,55.703545,55.400604
0,12.000000,0,1,0.000021,0.212391,55.198231,56.150295,54.362740
2,12.000000,3,2,-0.951293,-2.298442,51.765575,55.629524,55.549698
1,12.000000,1,2,0.212391,-2.298442,56.617996,53.421070,54.209179
3,12.200000,4,3,0.000000,-1.094568,56.077389,55.562469,55.160362
0,12.200000,0,1,0.000022,0.230289,58.648357,56.249569,54.330032
2,12.200000,3,2,-1.094568,-2.323425,57.644279,55.284126,55.741501
1,12.200000,1,2,0.230289,-2.323425,59.299767,53.811428,54.288254
3,12.400000,4,3,0.000000,-0.962739,56.085373,55.829788,55.381607
0,12.400000,0,1,0.000022,0.253656,48.515282,56.769341,54.287178
2,12.400000,3,2,-0.962739,-2.366475,56.239132,55.284752,55.456738
1,12.400000,1,2,0.253656,-2.366475,49.050076,53.399597,54.409603
3,12.600000,4,3,0.000000,-0.979726,57.061359,55.540565,55.353352
0,12.600000,0,1,0.000022,0.318658,58.038826,56.420918,54.167068
2,12.600000,3,2,-0.979726,-2.309494,65.077934,54.573689,55.578094
1,12.600000,1,2,0.318658,-2.309494,53.810646,53.735397,54.424168
3,12.800000,4,3,0.000000,-1.042758,57.065876,53.822025,55.247852
0,12.800000,0,1,0.000023,0.178465,59.191315,55.547924,54.424473
2,12.800000,3,2,-1.042758,-2.334527,55.873795,54.524937,55.639915
1,12.800000,1,2,0.178465,-2.334527,57.672760,52.787418,54.213173
3,13.000000,4,3,0.000000,-0.907229,54.411476,55.171265,55.473434
0,13.000000,0,1,0.000023,0.215408,62.861877,55.166386,54.357235
2,13.000000,3,2,-0.907229,-2.424978,54.100182,54.754147,55.266979
1,13.000000,1,2,0.215408,-2.424978,59.399925,52.940205,54.446342
3,13.200000,4,3,0.000000,-0.910286,62.665459,56.072830,55.468399
0,13.200000,0,1,0.000023,0.152599,55.301502,54.644783,54.471306
2,13.200000,3,2,-0.910286,-2.385101,56.696728,54.741379,55.338829
1,13.200000,1,2,0.152599,-2.385101,49.312431,53.578640,54.258789
3,13.400000,4,3,0.000000,-0.937720,52.527786,56.069599,55.423092
0,13.400000,0,1,0.000024,0.254103,48.287575,54.076191,54.286358
2,13.400000,3,2,-0.937720,-2.481194,61.162666,54.787235,55.223701
1,13.400000,1,2,0.254103,-2.481194,52.705151,54.048496,54.616863
3,13.600000,4,3,0.000000,-0.826743,59.631596,55.146805,55.605217
0,13.600000,0,1,0.000024,0.183264,53.702305,54.517136,54.415764
2,13.600000,3,2,-0.826743,-2.523850,55.195015,54.763775,54.961586
1,13.600000,1,2,0.183264,-2.523850,57.272873,54.684425,54.566505
3,13.800000,4,3,0.000000,-0.861556,56.413292,55.808205,55.548416
0,13.800000,0,1,0.000024,0.129816,57.582600,54.155956,54.512390
2,13.800000,3,2,-0.861556,-2.566888,51.405704,54.852947,54.947372
1,13.800000,1,2,0.129816,-2.566888,55.743221,54.969234,54.547844
3,14.000000,4,3,0.000000,-1.016355,55.057850,55.218903,55.292168
0,14.000000,0,1,0.000025,-0.002243,49.644314,54.682262,54.747509
2,14.000000,3,2,-1.016355,-2.619121,55.416794,55.366047,55.123291
1,14.000000,1,2,-0.002243,-2.619121,56.764957,55.239731,54.403690
3,14.200000,4,3,0.000000,-0.914970,58.434631,54.317928,55.460678
0,14.200000,0,1,0.000025,0.015432,55.023727,54.889088,54.716331
2,14.200000,3,2,-0.914970,-2.570604,51.483532,56.206108,55.032970
1,14.200000,1,2,0.015432,-2.570604,57.317154,55.386669,54.347477
3,14.400000,4,3,0.000000,-0.832533,56.689991,56.924835,55.595791
0,14.400000,0,1,0.000026,0.123324,55.309471,54.857269,54.524071
2,14.400000,3,2,-0.832533,-2.431197,56.472580,56.450459,55.130272
1,14.400000,1,2,0.123324,-2.431197,54.176609,54.945328,54.289734
3,14.600000,4,3,0.000000,-0.651229,56.178905,56.511284,55.887161
0,14.600000,0,1,0.000026,0.089815,49.467113,54.823132,54.584152
2,14.600000,3,2,-0.651229,-2.602967,55.193581,56.214100,54.512718
1,14.600000,1,2,0.089815,-2.602967,57.393848,55.052872,54.540810
3,14.800000,4,3,0.000000,-0.498750,50.602455,55.632977,56.126301
0,14.800000,0,1,0.000026,0.096285,58.509300,55.586609,54.572578
2,14.800000,3,2,-0.498750,-2.578452,53.198521,55.195808,54.279938
1,14.800000,1,2,0.096285,-2.578452,55.535522,54.688202,54.508369
3,15.000000,4,3,0.000000,-0.410641,52.328938,57.033737,56.262119
0,15.000000,0,1,0.000027,0.015719,56.037857,55.165195,54.715828
2,15.000000,3,2,-0.410641,-2.462424,52.429226,55.338047,54.331154
1,15.000000,1,2,0.015719,-2.462424,52.576199,54.836636,54.148506
3,15.200000,4,3,0.000000,-0.298038,57.082092,56.807613,56.433258
0,15.200000,0,1,0.000027,0.014705,55.103371,55.410004,54.717621
2,15.200000,3,2,-0.298038,-2.414685,51.412159,54.714687,54.211788
1,15.200000,1,2,0.014705,-2.414685,51.702202,54.143375,54.057388
3,15.400000,4,3,0.000000,-0.236708,56.220585,55.797424,56.525352
0,15.400000,0,1,0.000027,0.131114,54.115276,55.981651,54.510059
2,15.400000,3,2,-0.236708,-2.457017,53.580582,54.211605,54.018265
1,15.400000,1,2,0.131114,-2.457017,53.031353,53.833824,54.351303
3,15.600000,4,3,0.000000,-0.198394,59.082756,56.465599,56.582485
0,15.600000,0,1,0.000028,0.025892,56.142365,55.029118,54.697845
2,15.600000,3,2,-0.198394,-2.565053,54.642479,53.686146,53.739037
1,15.600000,1,2,0.025892,-2.565053,57.055290,53.006222,54.356445
3,15.800000,4,3,0.000000,-0.246237,55.596989,57.001614,56.511093
0,15.800000,0,1,0.000028,0.078922,49.103237,55.689442,54.603615
2,15.800000,3,2,-0.246237,-2.721739,51.535015,53.368797,53.526611
1,15.800000,1,2,0.078922,-2.721739,57.795555,53.408031,54.732758
3,16.000000,4,3,0.000000,-0.337378,54.494480,55.789143,56.373775
0,16.000000,0,1,0.000028,0.215850,54.204868,55.560268,54.356438
2,16.000000,3,2,-0.337378,-2.615331,54.986473,53.705879,53.909138
1,16.000000,1,2,0.215850,-2.615331,52.063564,53.762371,54.786453
3,16.200000,4,3,0.000000,-0.425619,55.234695,55.916546,56.239151
0,16.200000,0,1,0.000029,0.177823,55.514736,54.694912,54.425652
2,16.200000,3,2,-0.425619,-2.646607,53.028019,54.291458,54.016987
1,16.200000,1,2,0.177823,-2.646607,59.425556,53.163776,54.774597
3,16.400000,4,3,0.000000,-0.484215,57.336029,55.878624,56.148823
0,16.400000,0,1,0.000029,0.115723,55.229115,54.948685,54.537735
2,16.400000,3,2,-0.484215,-2.588026,53.752964,54.061195,54.235516
1,16.400000,1,2,0.115723,-2.588026,56.200851,53.113411,54.560478
3,16.600000,4,3,0.000000,-0.478130,53.360287,55.908314,56.158237
0,16.600000,0,1,0.000029,0.067565,54.785378,54.816490,54.623863
2,16.600000,3,2,-0.478130,-2.643649,55.907852,54.513206,54.120979
1,16.600000,1,2,0.067565,-2.643649,59.214268,53.404469,54.573845
3,16.800000,4,3,0.000000,-0.443672,51.257866,54.523849,56.211403
0,16.800000,0,1,0.000030,-0.037040,51.022869,54.778736,54.808632
2,16.800000,3,2,-0.443672,-2.639407,57.450638,54.858582,54.064453
1,16.800000,1,2,-0.037040,-2.639407,51.922997,53.962719,54.377281
3,17.000000,4,3,0.000000,-0.438302,55.561558,57.417614,56.219666
0,17.000000,0,1,0.000030,0.015464,50.326042,55.148384,54.716286
2,17.000000,3,2,-0.438302,-2.692397,57.116985,54.123158,53.954437
1,17.000000,1,2,0.015464,-2.692397,52.099873,53.950020,54.567844
3,17.200000,4,3,0.000000,-0.392667,50.380058,56.557201,56.289619
0,17.200000,0,1,0.000030,0.106588,54.410557,54.836185,54.554127
2,17.200000,3,2,-0.392667,-2.748096,54.587803,53.596375,53.760719
1,17.200000,1,2,0.106588,-2.748096,61.998867,54.120335,54.827621
3,17.400000,4,3,0.000000,-0.476373,57.106060,55.236694,56.160957
0,17.400000,0,1,0.000031,0.156175,48.912529,55.544895,54.464859
2,17.400000,3,2,-0.476373,-2.721285,56.155407,53.781551,53.971825
1,17.400000,1,2,0.156175,-2.721285,55.404446,54.512310,54.867371
3,17.600000,4,3,0.000000,-0.497451,58.862156,56.739601,56.128315
0,17.600000,0,1,0.000031,0.186961,54.723537,55.537258,54.409061
2,17.600000,3,2,-0.497451,-2.678694,52.208088,53.791412,54.091602
1,17.600000,1,2,0.186961,-2.678694,52.064442,55.291309,54.846783
3,17.800000,4,3,0.000000,-0.577620,56.411465,55.778011,56.003265
0,17.800000,0,1,0.000032,0.259826,53.410530,55.138157,54.275848
2,17.800000,3,2,-0.577620,-2.706817,55.616268,53.941917,54.188545
1,17.800000,1,2,0.259826,-2.706817,53.689320,55.789505,55.021618
3,18.000000,4,3,0.000000,-0.688719,51.516514,55.902962,55.827553
0,18.000000,0,1,0.000032,0.342128,55.946297,55.439148,54.123394
2,18.000000,3,2,-0.688719,-2.597515,57.917484,54.783733,54.589729
1,18.000000,1,2,0.342128,-2.597515,57.972130,56.409088,54.975151
3,18.200000,4,3,0.000000,-0.687772,62.071419,57.053368,55.829063
0,18.200000,0,1,0.000032,0.384747,53.942307,54.572639,54.043598
2,18.200000,3,2,-0.687772,-2.655181,49.760620,55.605175,54.484478
1,18.200000,1,2,0.384747,-2.655181,55.950478,57.076336,55.146748
3,18.400000,4,3,0.000000,-0.758176,59.406487,55.922768,55.716240
0,18.400000,0,1,0.000033,0.282138,56.774452,53.845043,54.234734
2,18.400000,3,2,-0.758176,-2.675926,54.882763,55.538956,54.573719
1,18.400000,1,2,0.282138,-2.675926,57.087513,56.793850,55.006874
3,18.600000,4,3,0.000000,-0.727952,52.935539,55.847343,55.764816
0,18.600000,0,1,0.000033,0.212401,53.254360,54.001038,54.362740
2,18.600000,3,2,-0.727952,-2.613839,54.270348,56.115963,54.630592
1,18.600000,1,2,0.212401,-2.613839,55.171310,56.851955,54.777779
3,18.800000,4,3,0.000000,-0.671362,50.019749,56.281155,55.855190
0,18.800000,0,1,0.000033,0.166350,54.514832,54.548847,54.446453
2,18.800000,3,2,-0.671362,-2.683754,48.287601,56.456863,54.403004
1,18.800000,1,2,0.166350,-2.683754,60.223495,56.189323,54.819611
3,19.000000,4,3,0.000000,-0.702607,56.811531,55.710766,55.805386
0,19.000000,0,1,0.000034,-0.052511,55.639725,54.031052,54.835701
2,19.000000,3,2,-0.702607,-2.719147,50.121109,55.592514,54.395458
1,19.000000,1,2,-0.052511,-2.719147,55.243256,55.656746,54.493774
3,19.200000,4,3,0.000000,-0.917637,52.552139,56.830654,55.456276
0,19.200000,0,1,0.000034,-0.054792,57.928986,55.007935,54.839684
2,19.200000,3,2,-0.917637,-2.768173,53.197517,55.730396,54.693348
1,19.200000,1,2,-0.054792,-2.768173,55.833920,56.164055,54.577724
3,19.400000,4,3,0.000000,-0.879757,52.513699,55.489479,55.518597
0,19.400000,0,1,0.000034,-0.221075,51.781101,55.006546,55.126259
2,19.400000,3,2,-0.879757,-2.899262,59.225212,55.035370,54.390064
1,19.400000,1,2,-0.221075,-2.899262,58.430092,55.536392,54.514580
3,19.600000,4,3,0.000000,-0.899389,52.210674,55.503311,55.486343
0,19.600000,0,1,0.000035,-0.133315,57.362644,55.225246,54.975960
2,19.600000,3,2,-0.899389,-2.817063,53.209026,54.781551,54.573856
1,19.600000,1,2,-0.133315,-2.817063,52.272934,55.464115,54.524582
3,19.800000,4,3,0.000000,-0.873677,58.678013,58.372787,55.528564
0,19.800000,0,1,0.000035,-0.042578,57.192276,54.611080,54.818336
2,19.800000,3,2,-0.873677,-2.730966,57.726692,54.638760,54.681389
1,19.800000,1,2,-0.042578,-2.730966,52.257015,55.287445,54.532921
3,20.000000,4,3,0.000000,-0.886612,57.418617,55.524967,55.507347
0,20.000000,0,1,0.000035,-0.085320,55.639317,54.323360,54.892868
2,20.000000,3,2,-0.886612,-2.710240,54.352646,55.353405,54.740875
1,20.000000,1,2,-0.085320,-2.710240,57.103798,54.980968,54.418301
3,20.200000,4,3,0.000000,-0.851002,61.191902,54.995186,55.565666
0,20.200000,0,1,0.000036,-0.136833,49.828251,55.096401,54.982025
2,20.200000,3,2,-0.851002,-2.586004,58.579567,54.703556,54.895950
1,20.200000,1,2,-0.136833,-2.586004,50.654297,54.674007,54.094448
3,20.400000,4,3,0.000000,-0.722137,54.814163,55.640137,55.774139
0,20.400000,0,1,0.000036,-0.176404,53.918892,55.266880,55.050018
2,20.400000,3,2,-0.722137,-2.758282,55.121220,54.974129,54.359734
1,20.400000,1,2,-0.176404,-2.758282,54.046848,53.714794,54.339874
3,20.600000,4,3,0.000000,-0.775496,56.040535,55.221630,55.688301
0,20.600000,0,1,0.000037,-0.068160,56.873661,55.844608,54.863010
2,20.600000,3,2,-0.775496,-2.731686,54.273174,53.995361,54.504704
1,20.600000,1,2,-0.068160,-2.731686,56.778404,54.047241,54.488163
3,20.800000,4,3,0.000000,-0.874272,55.279480,54.232475,55.527592
0,20.800000,0,1,0.000037,-0.055311,52.150589,55.128170,54.840599
2,20.800000,3,2,-0.874272,-2.629334,56.495598,54.078552,54.861042
1,20.800000,1,2,-0.055311,-2.629334,54.092369,55.014381,54.325504
3,21.000000,4,3,0.000000,-0.736568,57.083706,56.317596,55.750992
0,21.000000,0,1,0.000037,-0.144304,55.423920,55.036209,54.994896
2,21.000000,3,2,-0.736568,-2.579021,53.516026,55.037506,54.707645
1,21.000000,1,2,-0.144304,-2.579021,53.831932,55.160732,54.067379
3,21.200000,4,3,0.000000,-0.730064,57.793343,55.767448,55.761429
0,21.200000,0,1,0.000038,-0.123170,50.915939,54.839977,54.958454
2,21.200000,3,2,-0.730064,-2.494502,50.425041,54.330917,54.844688
1,21.200000,1,2,-0.123170,-2.494502,52.027767,54.021454,53.947868
3,21.400000,4,3,0.000000,-0.802103,54.519188,55.199059,55.645245
0,21.400000,0,1,0.000038,-0.186760,49.498199,55.098557,55.067745
2,21.400000,3,2,-0.802103,-2.444054,58.942703,54.776470,55.056419
1,21.400000,1,2,-0.186760,-2.444054,58.484329,53.765053,53.729488
3,21.600000,4,3,0.000000,-1.029449,54.038845,55.404839,55.270210
0,21.600000,0,1,0.000038,-0.284674,56.548172,54.688763,55.233910
2,21.600000,3,2,-1.029449,-2.495708,57.557400,54.663292,55.353088
1,21.600000,1,2,-0.284674,-2.495708,53.397438,52.868397,53.639629
3,21.800000,4,3,0.000000,-0.817334,57.598698,55.320591,55.620522
0,21.800000,0,1,0.000039,-0.337978,57.459476,55.492329,55.323311
2,21.800000,3,2,-0.817334,-2.355492,53.931076,55.655640,55.232658
1,21.800000,1,2,-0.337978,-2.355492,51.208828,52.583836,53.255459
3,22.000000,4,3,0.000000,-0.839026,56.320965,54.968124,55.585209
0,22.000000,0,1,0.000039,-0.417787,55.832600,55.396069,55.455803
2,22.000000,3,2,-0.839026,-2.403751,52.126602,55.390182,55.187820
1,22.000000,1,2,-0.417787,-2.403751,54.224133,53.229065,53.191521
3,22.200000,4,3,0.000000,-0.768066,58.653263,56.674847,55.700294
0,22.200000,0,1,0.000039,-0.335736,58.984383,55.553082,55.319565
2,22.200000,3,2,-0.768066,-2.509106,53.089424,55.380791,54.885456
1,22.200000,1,2,-0.335736,-2.509106,57.940109,53.089436,53.565918
3,22.400000,4,3,0.000000,-0.801890,58.898174,55.355976,55.645592
0,22.400000,0,1,0.000040,-0.264068,59.432171,55.058281,55.199150
2,22.400000,3,2,-0.801890,-2.548020,55.588581,54.646267,54.876602
1,22.400000,1,2,-0.264068,-2.548020,55.844803,53.979897,53.780930
3,22.600000,4,3,0.000000,-0.640265,51.986031,56.420650,55.904533
0,22.600000,0,1,0.000040,-0.214395,50.607849,54.336132,55.114906
2,22.600000,3,2,-0.640265,-2.618107,52.377613,54.724052,54.465637
1,22.600000,1,2,-0.214395,-2.618107,53.973671,54.538380,54.009087
3,22.800000,4,3,0.000000,-0.750601,51.021282,56.174316,55.728432
0,22.800000,0,1,0.000040,-0.121641,54.266010,53.849758,54.955818
2,22.800000,3,2,-0.750601,-2.658791,48.224827,54.109615,54.590813
1,22.800000,1,2,-0.121641,-2.658791,51.715946,54.944649,54.257774
3,23.000000,4,3,0.000000,-0.858951,56.666733,54.479355,55.552673
0,23.000000,0,1,0.000041,-0.203158,55.726322,53.232342,55.095757
2,23.000000,3,2,-0.858951,-2.706331,54.842525,54.783707,54.698933
1,23.000000,1,2,-0.203158,-2.706331,51.634476,54.435608,54.194992
3,23.200000,4,3,0.000000,-0.774804,57.361332,55.007187,55.689419
0,23.200000,0,1,0.000041,-0.096355,50.380157,53.925526,54.912041
2,23.200000,3,2,-0.774804,-2.778390,55.703651,54.496471,54.418999
1,23.200000,1,2,-0.096355,-2.778390,55.565102,54.800636,54.521500
3,23.400000,4,3,0.000000,-0.836472,53.695942,55.959473,55.589375
0,23.400000,0,1,0.000041,-0.020374,58.127121,53.748333,54.779427
2,23.400000,3,2,-0.836472,-2.880424,52.490864,54.288277,54.345474
1,23.400000,1,2,-0.020374,-2.880424,57.084053,55.169250,54.836998
3,23.600000,4,3,0.000000,-0.911503,56.573689,54.867649,55.466393
0,23.600000,0,1,0.000042,-0.030133,58.631516,53.773766,54.796551
2,23.600000,3,2,-0.911503,-2.771612,50.250629,53.798004,54.676392
1,23.600000,1,2,-0.030133,-2.771612,51.636944,55.475441,54.627876
3,23.800000,4,3,0.000000,-0.987641,57.111912,56.657883,55.340157
0,23.800000,0,1,0.000042,-0.066299,56.173141,53.508682,54.859779
2,23.800000,3,2,-0.987641,-2.752496,53.585033,54.220982,54.843960
1,23.800000,1,2,-0.066299,-2.752496,57.246971,55.121075,54.528984
3,24.000000,4,3,0.000000,-1.079963,55.323692,55.046677,55.185097
0,24.000000,0,1,0.000043,-0.139718,52.925095,53.486752,54.987007
2,24.000000,3,2,-1.079963,-2.807982,54.138760,55.124882,54.908073
1,24.000000,1,2,-0.139718,-2.807982,52.250458,55.155167,54.496704
3,24.200000,4,3,0.000000,-1.140991,56.596165,55.423267,55.081367
0,24.200000,0,1,0.000043,-0.124677,55.267643,53.311047,54.961067
2,24.200000,3,2,-1.140991,-2.686899,58.623688,54.816685,55.219597
1,24.200000,1,2,-0.124677,-2.686899,55.208549,55.589935,54.303871
3,24.400000,4,3,0.000000,-1.306356,58.214970,54.045586,54.795204
0,24.400000,0,1,0.000043,-0.202958,54.972084,53.493439,55.095421
2,24.400000,3,2,-1.306356,-2.762823,53.989662,55.389538,55.369385
1,24.400000,1,2,-0.202958,-2.762823,51.695560,55.009735,54.299549
3,24.600000,4,3,0.000000,-1.379441,57.335144,54.897808,54.666290
0,24.600000,0,1,0.000044,-0.217921,56.958950,53.866039,55.120911
2,24.600000,3,2,-1.379441,-2.802889,53.328938,55.344082,55.424164
1,24.600000,1,2,-0.217921,-2.802889,55.632122,55.602406,54.345528
3,24.800000,4,3,0.000000,-1.374438,54.352821,54.656906,54.675163
0,24.800000,0,1,0.000044,-0.246294,56.656525,53.925823,55.169090
2,24.800000,3,2,-1.374438,-2.748205,52.703506,54.428276,55.506069
1,24.800000,1,2,-0.246294,-2.748205,54.757992,55.216911,54.192650
3,25.000000,4,3,0.000000,-1.407196,56.407742,55.008644,54.616928
0,25.000000,0,1,0.000044,-0.214460,60.554077,54.747974,55.115021
2,25.000000,3,2,-1.407196,-2.827581,51.939789,54.378048,55.429237
1,25.000000,1,2,-0.214460,-2.827581,55.522621,54.646358,54.396858
3,25.200000,4,3,0.000000,-1.473471,59.756420,53.966141,54.498146
0,25.200000,0,1,0.000045,-0.396954,50.066853,55.028908,55.421383
2,25.200000,3,2,-1.473471,-2.824583,53.746513,54.528862,55.543213
1,25.200000,1,2,-0.396954,-2.824583,57.943993,54.423828,54.054081
3,25.400000,4,3,0.000000,-1.515983,50.616684,53.748875,54.421261
0,25.400000,0,1,0.000045,-0.296935,56.933460,55.149944,55.254547
2,25.400000,3,2,-1.515983,-2.967588,50.308853,54.975323,55.377472
1,25.400000,1,2,-0.296935,-2.967588,52