1,0.200000,1,2,0.000000,0.000000,51.256977,NaN,52.317791
0,0.200000,1,0,0.000000,0.000000,51.751488,NaN,56.830986
2,0.200000,2,3,0.000000,0.000000,60.820023,NaN,57.851902
3,0.200000,3,4,0.000000,0.000000,51.148235,50.705708,51.082024
1,0.400000,1,2,0.126253,-0.157597,51.178268,NaN,52.925766
0,0.400000,1,0,0.126253,0.000001,56.737358,NaN,56.645882
2,0.400000,2,3,-0.157597,0.176238,56.548424,NaN,57.400909
3,0.400000,3,4,0.176238,0.000000,51.477360,52.148369,51.508560
1,0.600000,1,2,0.272249,-0.262008,52.984863,52.982353,53.435226
0,0.600000,1,0,0.272249,0.000001,58.457832,56.749138,56.427818
2,0.600000,2,3,-0.262008,0.377167,54.145996,57.144669,56.971336
3,0.600000,3,4,0.377167,0.000000,49.440968,51.067913,51.975258
1,0.800000,1,2,0.282849,-0.386899,54.262215,54.382145,53.701237
0,0.800000,1,0,0.282849,0.000001,53.522228,55.562370,56.411812
2,0.800000,2,3,-0.386899,0.327909,58.941555,56.959923,56.862255
3,0.800000,3,4,0.327909,0.000000,50.175072,51.887302,51.862686
1,1.000000,1,2,0.300975,-0.477325,57.028366,55.908981,53.909748
0,1.000000,1,0,0.300975,0.000002,57.561546,53.952835,56.384392
2,1.000000,2,3,-0.477325,0.496963,57.718491,56.274132,56.479454
3,1.000000,3,4,0.496963,0.000000,55.640411,52.407333,52.244247
1,1.200000,1,2,0.268035,-0.340123,55.824764,56.478840,53.581123
0,1.200000,1,0,0.268035,0.000002,54.873550,53.793049,56.434174
2,1.200000,2,3,-0.340123,0.637601,54.715530,54.511620,56.474297
3,1.200000,3,4,0.637601,0.000000,53.831779,52.671761,52.551765
1,1.400000,1,2,0.230640,-0.227170,52.536308,55.593254,53.282211
0,1.400000,1,0,0.230640,0.000002,60.346546,53.227768,56.490417
2,1.400000,2,3,-0.227170,0.751494,57.692593,53.878620,56.472881
3,1.400000,3,4,0.751494,0.000000,56.030048,51.704388,52.794579
1,1.600000,1,2,0.477963,-0.387945,55.184921,54.070644,54.075161
0,1.600000,1,0,0.477963,0.000003,59.344204,53.928558,56.112930
2,1.600000,2,3,-0.387945,0.737802,53.317371,54.887398,56.249611
3,1.600000,3,4,0.737802,0.000000,47.596130,52.880714,52.765671
1,1.800000,1,2,0.548257,-0.430775,52.612556,53.913059,54.285088
0,1.800000,1,0,0.548257,0.000003,52.049278,53.340626,56.003204
2,1.800000,2,3,-0.430775,0.864061,52.579895,55.762939,55.987137
3,1.800000,3,4,0.864061,0.000000,52.905121,52.891148,53.029335
1,2.000000,1,2,0.462423,-0.357239,52.933250,54.753479,53.988159
0,2.000000,1,0,0.462423,0.000004,59.841934,53.090012,56.137039
2,2.000000,2,3,-0.357239,0.920008,52.983910,55.882301,56.014736
3,2.000000,3,4,0.920008,0.000000,51.919197,55.098984,53.144157
1,2.200000,1,2,0.513568,-0.380723,59.242641,54.047745,54.128212
0,2.200000,1,0,0.513568,0.000004,55.666733,54.370903,56.057491
2,2.200000,2,3,-0.380723,0.998909,55.362427,56.532127,55.853077
3,2.200000,3,4,0.998909,0.000000,49.006340,53.649712,53.304047
1,2.400000,1,2,0.516071,-0.470606,56.700603,54.347576,54.299126
0,2.400000,1,0,0.516071,0.000004,53.306061,54.311562,56.053585
2,2.400000,2,3,-0.470606,1.079962,55.767788,56.079811,55.577698
3,2.400000,3,4,1.079962,0.000000,56.420383,54.370045,53.465881
1,2.600000,1,2,0.525773,-0.479662,54.470894,54.556614,54.333504
0,2.600000,1,0,0.525773,0.000005,59.710133,55.413971,56.038422
2,2.600000,2,3,-0.479662,1.224928,59.262253,55.814651,55.323437
3,2.600000,3,4,1.224928,0.000000,57.693459,54.401924,53.749447
1,2.800000,1,2,0.422717,-0.595351,54.468910,54.117065,54.356598
0,2.800000,1,0,0.422717,0.000005,58.227375,55.272915,56.198402
2,2.800000,2,3,-0.595351,1.289821,50.645721,56.289619,55.017548
3,2.800000,3,4,1.289821,0.000000,60.317879,54.013443,53.874023
1,3.000000,1,2,0.445530,-0.630854,57.727402,55.088364,54.462555
0,3.000000,1,0,0.445530,0.000005,55.458035,55.526844,56.163193
2,3.000000,2,3,-0.630854,1.302056,51.433079,55.745789,54.935226
3,3.000000,3,4,1.302056,0.000000,50.865261,53.306194,53.897350
1,3.200000,1,2,0.520880,-0.687694,53.412243,54.852131,54.698975
0,3.200000,1,0,0.520880,0.000006,58.321312,54.739025,56.046074
2,3.200000,2,3,-0.687694,1.223546,56.863052,55.559113,54.972672
3,3.200000,3,4,1.223546,0.000000,54.089493,54.415237,53.746780
1,3.400000,1,2,0.586454,-0.649366,51.814819,54.982967,54.747066
0,3.400000,1,0,0.586454,0.000006,50.233093,54.651539,55.943115
2,3.400000,2,3,-0.649366,1.441453,55.610485,56.809299,54.658371
3,3.400000,3,4,1.441453,0.000000,50.317780,53.238365,54.159660
1,3.600000,1,2,0.661253,-0.698051,57.901604,54.766075,54.962418
0,3.600000,1,0,0.661253,0.000006,53.891876,54.318340,55.824463
2,3.600000,2,3,-0.698051,1.535851,58.867268,56.201797,54.401268
3,3.600000,3,4,1.535851,0.000000,52.069675,53.719540,54.333755
1,3.800000,1,2,0.503097,-0.595544,51.039486,54.451900,54.502724
0,3.800000,1,0,0.503097,0.000007,55.112583,54.050339,56.073830
2,3.800000,2,3,-0.595544,1.563270,51.967030,55.989975,54.536949
3,3.800000,3,4,1.563270,0.000000,53.967735,53.822399,54.383812
1,4.000000,1,2,0.450059,-0.633540,54.139454,54.423073,54.475590
0,4.000000,1,0,0.450059,0.000007,55.048599,54.777721,56.156189
2,4.000000,2,3,-0.633540,1.617487,62.488853,57.011234,54.370087
3,4.000000,3,4,1.617487,0.000000,52.917358,53.786949,54.482101
1,4.200000,1,2,0.381584,-0.533626,52.557560,54.241798,54.167152
0,4.200000,1,0,0.381584,0.000007,55.711330,55.060341,56.261604
2,4.200000,2,3,-0.533626,1.635483,55.152679,56.514198,54.518448
3,4.200000,3,4,1.635483,0.000000,57.142433,53.774212,54.514534
1,4.400000,1,2,0.265459,-0.606724,59.558117,53.430550,54.086914
0,4.400000,1,0,0.265459,0.000008,55.227863,55.271389,56.438065
2,4.400000,2,3,-0.606724,1.704066,54.030136,56.616077,54.260551
3,4.400000,3,4,1.704066,0.000000,54.266933,55.156929,54.637245
1,4.600000,1,2,0.373226,-0.642359,51.922447,52.902924,54.352058
0,4.600000,1,0,0.373226,0.000008,52.203079,56.341640,56.274403
2,4.600000,2,3,-0.642359,1.685323,59.790737,56.229599,54.229393
3,4.600000,3,4,1.685323,0.000000,54.491276,55.422260,54.603848
1,4.800000,1,2,0.375379,-0.730275,56.429611,53.485744,54.515347
0,4.800000,1,0,0.375379,0.000008,56.721512,55.705090,56.271111
2,4.800000,2,3,-0.730275,1.783542,52.418289,56.108459,53.879974
3,4.800000,3,4,1.783542,0.000000,55.097908,54.894398,54.777733
1,5.000000,1,2,0.451783,-0.871404,58.585430,53.255360,54.899872
0,5.000000,1,0,0.451783,0.000009,55.678993,56.250515,56.153526
2,5.000000,2,3,-0.871404,1.868958,52.884212,56.190041,53.438942
3,5.000000,3,4,1.868958,0.000000,55.763317,56.461205,54.926723
1,5.200000,1,2,0.352336,-0.800236,53.220428,54.014809,54.599442
0,5.200000,1,0,0.352336,0.000009,50.194050,56.264683,56.306320
2,5.200000,2,3,-0.800236,1.780777,47.495152,55.784790,53.751015
3,5.200000,3,4,1.780777,0.000000,55.078117,54.511639,54.772877
1,5.400000,1,2,0.459010,-0.870980,49.088123,54.339149,54.911678
0,5.400000,1,0,0.459010,0.000010,62.301949,57.030357,56.142338
2,5.400000,2,3,-0.870980,1.598043,55.898415,55.892242,53.965096
3,5.400000,3,4,1.598043,0.000000,54.292347,55.977818,54.446953
1,5.600000,1,2,0.678357,-0.866331,50.487522,55.144024,55.277893
0,5.600000,1,0,0.678357,0.000010,59.034252,56.221218,55.797157
2,5.600000,2,3,-0.866331,1.718351,52.717541,55.538227,53.743935
3,5.600000,3,4,1.718351,0.000000,55.769497,55.428982,54.662632
1,5.800000,1,2,0.558397,-0.900025,59.968384,55.037449,55.132233
0,5.800000,1,0,0.558397,0.000010,53.437943,56.565910,55.987293
2,5.800000,2,3,-0.900025,1.827640,52.352859,56.092857,53.464138
3,5.800000,3,4,1.827640,0.000000,53.422047,55.215691,54.854912
1,6.000000,1,2,0.621989,-0.895388,57.480049,55.286861,55.231995
0,6.000000,1,0,0.621989,0.000011,55.780834,57.595348,55.886917
2,6.000000,2,3,-0.895388,1.913312,54.354305,54.509548,53.302307
3,6.000000,3,4,1.913312,0.000000,54.992535,55.903702,55.003292
1,6.200000,1,2,0.445738,-0.887827,54.428036,55.293739,54.917877
0,6.200000,1,0,0.445738,0.000011,60.711098,56.850857,56.162880
2,6.200000,2,3,-0.887827,1.898091,49.570110,53.955986,53.348045
3,6.200000,3,4,1.898091,0.000000,53.465099,53.475853,54.977077
1,6.400000,1,2,0.412438,-0.825498,56.095669,55.160931,54.750793
0,6.400000,1,0,0.412438,0.000011,56.087048,56.601254,56.214241
2,6.400000,2,3,-0.825498,1.969661,54.063953,53.495468,53.329514
3,6.400000,3,4,1.969661,0.000000,53.595127,53.960224,55.099792
1,6.600000,1,2,0.291234,-0.896295,50.967865,54.223034,54.661674
0,6.600000,1,0,0.291234,0.000012,56.377453,56.359608,56.399155
2,6.600000,2,3,-0.896295,1.968970,53.475773,53.170376,53.187897
3,6.600000,3,4,1.968970,0.000000,51.176434,55.626007,55.098614
1,6.800000,1,2,0.270908,-0.826177,51.732792,54.383190,54.499916
0,6.800000,1,0,0.270908,0.000012,56.043793,56.414574,56.429855
2,6.800000,2,3,-0.826177,1.930107,58.036877,53.349583,53.407257
3,6.800000,3,4,1.930107,0.000000,57.436264,54.904713,55.032143
1,7.000000,1,2,0.280721,-0.792874,53.234081,54.648285,54.457512
0,7.000000,1,0,0.280721,0.000012,59.484798,55.952774,56.415047
2,7.000000,2,3,-0.792874,1.855657,56.704430,53.808815,53.619881
3,7.000000,3,4,1.855657,0.000000,55.033989,54.366287,54.903656
1,7.200000,1,2,0.348374,-0.858287,52.138348,54.415771,54.695587
0,7.200000,1,0,0.348374,0.000013,49.865696,57.039013,56.312370
2,7.200000,2,3,-0.858287,1.819153,55.723816,54.147411,53.563240
3,7.200000,3,4,1.819153,0.000000,55.510414,55.174515,54.840099
1,7.400000,1,2,0.297977,-0.868915,53.576180,54.670929,54.624977
0,7.400000,1,0,0.297977,0.000013,57.774418,56.868492,56.388950
2,7.400000,2,3,-0.868915,1.887787,56.587761,54.473991,53.406425
3,7.400000,3,4,1.887787,0.000000,52.728600,55.888374,54.959293
1,7.600000,1,2,0.280442,-0.993797,49.983101,55.075359,54.814526
0,7.600000,1,0,0.280442,0.000013,52.565804,57.128315,56.415466
2,7.600000,2,3,-0.993797,2.075707,49.370106,54.164898,52.764458
3,7.600000,3,4,2.075707,0.000000,54.067257,55.332100,55.279110
1,7.800000,1,2,0.198759,-0.868165,54.095993,55.147396,54.445435
0,7.800000,1,0,0.198759,0.000014,54.379017,57.011230,56.538151
2,7.800000,2,3,-0.868165,2.026287,54.438641,53.287334,53.128387
3,7.800000,3,4,2.026287,0.000000,55.165581,54.617439,55.195915
1,8.000000,1,2,0.202398,-0.896679,48.935539,54.761127,54.503506
0,8.000000,1,0,0.202398,0.000014,56.880615,57.012280,56.532715
2,8.000000,2,3,-0.896679,2.023154,54.873375,54.095978,53.076370
3,8.000000,3,4,2.023154,0.000000,51.601540,55.737312,55.190617
1,8.200000,1,2,0.163072,-0.854058,56.138962,54.655899,54.354881
0,8.200000,1,0,0.163072,0.000015,57.653954,56.741020,56.591316
2,8.200000,2,3,-0.854058,1.911800,53.790550,54.179352,53.388165
3,8.200000,3,4,1.911800,0.000000,53.904366,55.498039,55.000690
1,8.400000,1,2,0.217488,-0.858653,52.819225,54.464802,54.462112
0,8.400000,1,0,0.217488,0.000015,58.304413,57.282703,56.510147
2,8.400000,2,3,-0.858653,2.026235,50.681507,54.234249,53.147919
3,8.400000,3,4,2.026235,0.000000,58.087856,54.991791,55.195824
1,8.600000,1,2,0.169512,-0.835561,58.332314,54.484715,54.332844
0,8.600000,1,0,0.169512,0.000015,53.899036,57.235256,56.581745
2,8.600000,2,3,-0.835561,2.045361,55.556698,53.810665,53.156013
3,8.600000,3,4,2.045361,0.000000,59.801487,56.367184,55.228100
1,8.800000,1,2,0.085613,-0.956734,50.232574,54.296177,54.400833
0,8.800000,1,0,0.085613,0.000016,57.398434,56.159988,56.705833
2,8.800000,2,3,-0.956734,2.099510,48.998589,53.572559,52.792458
3,8.800000,3,4,2.099510,0.000000,61.694408,55.598175,55.318954
1,9.000000,1,2,0.134267,-0.922780,61.142509,55.265236,54.427532
0,9.000000,1,0,0.134267,0.000016,54.173031,57.267429,56.634048
2,9.000000,2,3,-0.922780,1.839794,56.402889,54.082989,53.394718
3,9.000000,3,4,1.839794,0.000000,58.910561,55.192978,54.876083
1,9.200000,1,2,0.105695,-0.781455,51.972313,55.077152,54.114891
0,9.200000,1,0,0.105695,0.000016,55.422047,57.418434,56.676262
2,9.200000,2,3,-0.781455,1.772511,51.725189,55.040794,53.803108
3,9.200000,3,4,1.772511,0.000000,55.517380,55.721508,54.758343
1,9.400000,1,2,0.127710,-0.634312,53.589226,53.554886,53.878738
0,9.400000,1,0,0.127710,0.000017,52.316025,57.731373,56.643753
2,9.400000,2,3,-0.634312,1.667248,53.723652,55.090221,54.277542
3,9.400000,3,4,1.667248,0.000000,58.717522,55.051701,54.571541
1,9.600000,1,2,0.091668,-0.663652,57.011253,53.853695,53.865940
0,9.600000,1,0,0.091668,0.000017,61.414001,56.869808,56.696930
2,9.600000,2,3,-0.663652,1.803154,54.255585,55.931992,53.969292
3,9.600000,3,4,1.803154,0.000000,51.045704,55.785305,54.812126
1,9.800000,1,2,0.143582,-0.561672,56.209938,54.144943,53.769882
0,9.800000,1,0,0.143582,0.000017,57.218777,56.350826,56.620251
2,9.800000,2,3,-0.561672,1.826750,54.085354,54.960426,54.116600
3,9.800000,3,4,1.826750,0.000000,56.827137,54.016712,54.853355
1,10.000000,1,2,0.087327,-0.489887,53.761940,53.240208,53.520271
0,10.000000,1,0,0.087327,0.000018,60.426620,56.393837,56.703316
2,10.000000,2,3,-0.489887,1.772514,53.544750,55.327343,54.349323
3,10.000000,3,4,1.772514,0.000000,52.535431,54.060642,54.758347
1,10.200000,1,2,0.221141,-0.370940,58.943867,52.734577,53.549553
0,10.200000,1,0,0.221141,0.000018,59.673496,56.542206,56.504677
2,10.200000,2,3,-0.370940,1.855618,54.179523,55.494663,54.414612
3,10.200000,3,4,1.855618,0.000000,51.151936,54.864609,54.903591
1,10.400000,1,2,0.312736,-0.406516,54.376827,52.514172,53.796822
0,10.400000,1,0,0.312736,0.000018,54.531822,56.436348,56.366585
2,10.400000,2,3,-0.406516,1.819224,56.445648,54.942287,54.416100
3,10.400000,3,4,1.819224,0.000000,53.960678,55.913128,54.840221
1,10.600000,1,2,0.407700,-0.330386,53.678841,52.483398,53.832970
0,10.600000,1,0,0.407700,0.000019,56.798031,56.060001,56.221539
2,10.600000,2,3,-0.330386,1.822253,56.866791,54.994667,54.548035
3,10.600000,3,4,1.822253,0.000000,54.541649,55.511803,54.845512
1,10.800000,1,2,0.507260,-0.388410,59.308628,52.672123,54.130787
0,10.800000,1,0,0.507260,0.000019,52.965393,54.724297,56.067360
2,10.800000,2,3,-0.388410,1.706746,56.699177,54.936134,54.650665
3,10.800000,3,4,1.706746,0.000000,54.864944,54.399857,54.642014
1,11.000000,1,2,0.355738,-0.418713,51.394005,53.301003,53.902424
0,11.000000,1,0,0.355738,0.000019,56.883217,55.093746,56.301147
2,11.000000,2,3,-0.418713,1.794117,58.331722,55.203064,54.439514
3,11.000000,3,4,1.794117,0.000000,56.645149,54.698269,54.796291
1,11.200000,1,2,0.454898,-0.408254,59.176231,53.916946,54.069996
0,11.200000,1,0,0.454898,0.000020,62.933018,56.027767,56.148720
2,11.200000,2,3,-0.408254,1.803627,54.007927,55.088913,54.441238
3,11.200000,3,4,1.803627,0.000000,52.548634,56.443001,54.812950
1,11.400000,1,2,0.513240,-0.363812,55.037403,54.023270,54.096024
0,11.400000,1,0,0.513240,0.000020,53.949745,56.293148,56.058029
2,11.400000,2,3,-0.363812,1.965318,52.368034,54.941181,54.226715
3,11.400000,3,4,1.965318,0.000000,57.046360,55.088535,55.092384
1,11.600000,1,2,0.623089,-0.465708,51.893711,54.336075,54.484974
0,11.600000,1,0,0.623089,0.000021,52.985844,55.896198,55.885185
2,11.600000,2,3,-0.465708,2.161092,54.411079,54.643589,53.662258
3,11.600000,3,4,2.161092,0.000000,55.735828,55.183964,55.421371
1,11.800000,1,2,0.727256,-0.584881,55.475498,55.752087,54.880661
0,11.800000,1,0,0.727256,0.000021,54.482536,55.688168,55.718704
2,11.800000,2,3,-0.584881,2.058361,56.464005,53.581371,53.630211
3,11.800000,3,4,2.058361,0.000000,55.489723,54.955452,55.249981
1,12.000000,1,2,0.870533,-0.544624,52.674019,55.783607,55.058434
0,12.000000,1,0,0.870533,0.000021,57.300602,55.570717,55.485458
2,12.000000,2,3,-0.544624,1.916828,58.189476,53.349827,53.979416
3,12.000000,3,4,1.916828,0.000000,54.278954,54.669510,55.009338
1,12.200000,1,2,0.976608,-0.510872,53.256550,55.755730,55.181519
0,12.200000,1,0,0.976608,0.000022,53.630669,55.458614,55.309494
2,12.200000,2,3,-0.510872,1.897477,51.043556,53.343033,54.079338
3,12.200000,3,4,1.897477,0.000000,54.170044,54.738331,54.976017
1,12.400000,1,2,0.780366,-0.450357,57.545944,55.772697,54.738087
0,12.400000,1,0,0.780366,0.000022,54.347004,55.279507,55.632828
2,12.400000,2,3,-0.450357,1.874181,51.490616,53.124306,54.235199
3,12.400000,3,4,1.874181,0.000000,51.404213,55.025406,54.935768
1,12.600000,1,2,0.630467,-0.413355,55.665443,54.861130,54.403515
0,12.600000,1,0,0.630467,0.000022,50.492733,56.837559,55.873482
2,12.600000,2,3,-0.413355,1.926445,53.064213,53.852898,54.206982
3,12.600000,3,4,1.926445,0.000000,56.296280,55.486412,55.025860
1,12.800000,1,2,0.601403,-0.313418,50.333614,54.486511,54.166428
0,12.800000,1,0,0.601403,0.000023,56.126347,56.574856,55.919533
2,12.800000,2,3,-0.313418,1.949604,54.972538,54.212601,54.348190
3,12.800000,3,4,1.949604,0.000000,57.883141,55.013195,55.065544
1,13.000000,1,2,0.873687,-0.452512,58.464493,53.684925,54.905098
0,13.000000,1,0,0.873687,0.000023,55.095051,57.063515,55.480270
2,13.000000,2,3,-0.452512,1.927191,55.173447,53.544212,54.132858
3,13.000000,3,4,1.927191,0.000000,54.472050,55.070072,55.027142
1,13.200000,1,2,1.056089,-0.441489,52.609005,54.364399,55.198589
0,13.200000,1,0,1.056089,0.000023,49.836353,56.728592,55.175751
2,13.200000,2,3,-0.441489,1.825250,54.612682,53.983112,54.341396
3,13.200000,3,4,1.825250,0.000000,57.031693,55.167751,54.850739
1,13.400000,1,2,1.132159,-0.449342,63.120476,54.625153,55.339470
0,13.400000,1,0,1.132159,0.000024,58.774765,55.859253,55.046185
2,13.400000,2,3,-0.449342,1.766981,56.970592,53.808411,54.433186
3,13.400000,3,4,1.766981,0.000000,55.418941,54.777370,54.748611
1,13.600000,1,2,1.014561,-0.529421,58.150238,54.151237,55.276711
0,13.600000,1,0,1.014561,0.000024,56.921345,55.540234,55.245838
2,13.600000,2,3,-0.529421,1.898558,49.827263,53.874985,54.042511
3,13.600000,3,4,1.898558,0.000000,54.941463,55.951889,54.977882
1,13.800000,1,2,0.970437,-0.627353,54.285057,54.091438,55.366600
0,13.800000,1,0,0.970437,0.000024,54.518341,55.786255,55.319817
2,13.800000,2,3,-0.627353,1.850838,57.674473,53.370277,53.947723
3,13.800000,3,4,1.850838,0.000000,54.701672,55.776112,54.895287
1,14.000000,1,2,0.903960,-0.566684,55.990669,54.261833,55.152988
0,14.000000,1,0,0.903960,0.000025,53.112125,56.210007,55.430321
2,14.000000,2,3,-0.566684,1.864532,54.065533,53.342049,54.036423
3,14.000000,3,4,1.864532,0.000000,58.802219,54.636181,54.919056
1,14.200000,1,2,0.721401,-0.435478,60.792805,54.185940,54.607128
0,14.200000,1,0,0.721401,0.000025,54.868687,56.344090,55.728134
2,14.200000,2,3,-0.435478,1.806448,55.616505,53.234226,54.386669
3,14.200000,3,4,1.806448,0.000000,55.146084,53.841156,54.817890
1,14.400000,1,2,0.869532,-0.523539,52.617340,52.826763,55.020569
0,14.400000,1,0,0.869532,0.000026,53.948261,56.755634,55.487114
2,14.400000,2,3,-0.523539,1.731281,45.245823,53.586437,54.363167
3,14.400000,3,4,1.731281,0.000000,56.094448,53.457947,54.685558
1,14.600000,1,2,0.960895,-0.587906,57.062981,54.180321,55.284794
0,14.600000,1,0,0.960895,0.000026,55.303623,56.047340,55.335747
2,14.600000,2,3,-0.587906,1.832869,58.144028,53.818779,54.056038
3,14.600000,3,4,1.832869,0.000000,57.182125,55.304676,54.864021
1,14.800000,1,2,0.821768,-0.565554,52.934807,53.911346,55.010689
0,14.800000,1,0,0.821768,0.000026,54.690796,55.881805,55.565418
2,14.800000,2,3,-0.565554,1.904247,51.717911,54.334064,53.963623
3,14.800000,3,4,1.904247,0.000000,56.574642,55.996189,54.987686
1,15.000000,1,2,0.797264,-0.590096,55.166813,53.499367,55.010750
0,15.000000,1,0,0.797264,0.000027,54.707996,56.016018,55.605373
2,15.000000,2,3,-0.590096,1.755326,49.910748,53.652073,54.196571
3,15.000000,3,4,1.755326,0.000000,57.372288,55.500374,54.728065
1,15.200000,1,2,0.889908,-0.592882,56.058445,53.324188,55.173576
0,15.200000,1,0,0.889908,0.000027,52.528839,55.534466,55.453541
2,15.200000,2,3,-0.592882,1.709647,50.468010,54.002132,54.275757
3,15.200000,3,4,1.709647,0.000000,59.080307,55.005119,54.647171
1,15.400000,1,2,0.987244,-0.586602,57.250114,54.270969,55.326694
0,15.400000,1,0,0.987244,0.000027,55.122234,55.397717,55.291702
2,15.400000,2,3,-0.586602,1.801935,53.969212,54.395752,54.116383
3,15.400000,3,4,1.801935,0.000000,60.385063,55.094185,54.809990
1,15.600000,1,2,0.974055,-0.443616,58.355309,54.600620,55.062737
0,15.600000,1,0,0.974055,0.000028,58.066101,54.465076,55.313774
2,15.600000,2,3,-0.443616,1.880463,54.375286,53.652512,54.236046
3,15.600000,3,4,1.880463,0.000000,48.104370,54.614006,54.946640
1,15.800000,1,2,1.035071,-0.305039,54.400723,54.222469,54.929222
0,15.800000,1,0,1.035071,0.000028,53.614494,54.683414,55.211288
2,15.800000,2,3,-0.305039,1.672141,58.432194,54.346424,54.858315
3,15.800000,3,4,1.672141,0.000000,57.932579,54.888683,54.580299
1,16.000000,1,2,0.974886,-0.283445,57.572388,53.468906,54.786644
0,16.000000,1,0,0.974886,0.000028,55.203171,54.268333,55.312386
2,16.000000,2,3,-0.283445,1.732903,62.511421,55.705700,54.789818
3,16.000000,3,4,1.732903,0.000000,52.832275,53.922794,54.688431
1,16.200000,1,2,0.853030,-0.155822,55.830418,53.525585,54.339756
0,16.200000,1,0,0.853030,0.000029,50.509460,54.439095,55.514236
2,16.200000,2,3,-0.155822,1.876046,58.294029,54.993538,54.762558
3,16.200000,3,4,1.876046,0.000000,56.253529,55.007256,54.938995
1,16.400000,1,2,0.855743,-0.198415,62.002312,52.988724,54.422295
0,16.400000,1,0,0.855743,0.000029,59.775009,54.988487,55.509781
2,16.400000,2,3,-0.198415,1.766100,56.057602,54.281288,54.880375
3,16.400000,3,4,1.766100,0.000000,54.674236,55.987949,54.747059
1,16.600000,1,2,0.905233,-0.181297,54.997673,52.727257,54.480881
0,16.600000,1,0,0.905233,0.000029,51.918564,55.563087,55.428223
2,16.600000,2,3,-0.181297,1.732498,55.134796,54.060333,54.968262
3,16.600000,3,4,1.732498,0.000000,53.013657,55.148224,54.687714
1,16.800000,1,2,0.814027,-0.351121,54.550709,53.044613,54.621872
0,16.800000,1,0,0.814027,0.000030,54.259987,54.781254,55.578064
2,16.800000,2,3,-0.351121,1.753668,53.331985,53.444805,54.633537
3,16.800000,3,4,1.753668,0.000000,56.153969,55.558632,54.725140
1,17.000000,1,2,0.936800,-0.282268,52.075729,52.689373,54.717522
0,17.000000,1,0,0.936800,0.000030,52.140839,54.805592,55.375881
2,17.000000,2,3,-0.282268,1.683522,52.383129,53.894566,54.878159
3,17.000000,3,4,1.683522,0.000000,54.132427,54.747707,54.600632
1,17.200000,1,2,0.909441,-0.360939,56.827438,53.218651,54.807770
0,17.200000,1,0,0.909441,0.000030,57.367756,54.996403,55.421265
2,17.200000,2,3,-0.360939,1.645008,52.389786,54.529423,54.808052
3,17.200000,3,4,1.645008,0.000000,55.886963,55.237751,54.531662
1,17.400000,1,2,0.928526,-0.445269,51.031422,54.002834,54.987408
0,17.400000,1,0,0.928526,0.000031,55.160625,55.146103,55.389626
2,17.400000,2,3,-0.445269,1.583517,54.125473,54.407402,54.767975
3,17.400000,3,4,1.583517,0.000000,55.047523,53.580112,54.420620
1,17.600000,1,2,0.900692,-0.413533,53.558643,54.529026,54.884293
0,17.600000,1,0,0.900692,0.000031,54.453220,55.941227,55.435738
2,17.600000,2,3,-0.413533,1.537708,48.224182,53.894245,54.903442
3,17.600000,3,4,1.537708,0.000000,57.608238,55.304592,54.337158
1,17.800000,1,2,0.806438,-0.469816,53.173939,54.376038,54.818054
0,17.800000,1,0,0.806438,0.000032,55.227356,56.030209,55.590439
2,17.800000,2,3,-0.469816,1.550053,52.854004,53.512901,54.783638
3,17.800000,3,4,1.550053,0.000000,54.612888,54.884148,54.359711
1,18.000000,1,2,0.824877,-0.540978,55.260471,54.683590,54.973721
0,18.000000,1,0,0.824877,0.000032,56.114391,55.727848,55.560349
2,18.000000,2,3,-0.540978,1.552682,53.069534,53.514244,54.653324
3,18.000000,3,4,1.552682,0.000000,59.967754,54.102783,54.364510
1,18.200000,1,2,0.858591,-0.380812,54.376259,54.865482,54.753380
0,18.200000,1,0,0.858591,0.000032,50.496151,54.854702,55.505112
2,18.200000,2,3,-0.380812,1.526600,53.074673,53.882984,54.979271
3,18.200000,3,4,1.526600,0.000000,48.196156,54.394878,54.316818
1,18.400000,1,2,0.772675,-0.192158,52.481285,53.989849,54.258961
0,18.400000,1,0,0.772675,0.000033,58.994568,55.386814,55.645325
2,18.400000,2,3,-0.192158,1.492709,56.270126,54.709808,55.356331
3,18.400000,3,4,1.492709,0.000000,53.002724,54.181915,54.254536
1,18.600000,1,2,0.830177,-0.116990,50.570797,53.747341,54.226364
0,18.600000,1,0,0.830177,0.000033,58.769440,56.086388,55.551685
2,18.600000,2,3,-0.116990,1.503789,50.004562,54.949860,55.462532
3,18.600000,3,4,1.503789,0.000000,54.398617,54.429192,54.274940
1,18.800000,1,2,0.901017,-0.152932,51.292313,54.152870,54.421913
0,18.800000,1,0,0.901017,0.000033,54.705219,55.410027,55.435204
2,18.800000,2,3,-0.152932,1.679964,51.054333,54.445736,55.106987
3,18.800000,3,4,1.679964,0.000000,57.769524,54.461575,54.594276
1,19.000000,1,2,0.996514,-0.192110,60.221970,54.991394,54.663620
0,19.000000,1,0,0.996514,0.000034,52.169956,54.981449,55.276173
2,19.000000,2,3,-0.192110,1.746571,58.157867,54.134846,54.925232
3,19.000000,3,4,1.746571,0.000000,53.291698,54.785133,54.712608
1,19.200000,1,2,1.185241,-0.151429,55.882259,54.509945,54.923260
0,19.200000,1,0,1.185241,0.000034,53.933479,54.388535,54.954865
2,19.200000,2,3,-0.151429,1.729923,54.247704,54.030861,55.024109
3,19.200000,3,4,1.729923,0.000000,53.207554,54.285721,54.683151
1,19.400000,1,2,1.079650,-0.020592,56.122646,53.621864,54.505604
0,19.400000,1,0,1.079650,0.000034,53.320740,53.331593,55.135803
2,19.400000,2,3,-0.020592,1.710638,49.945457,54.858425,55.278851
3,19.400000,3,4,1.710638,0.000000,60.765717,55.595417,54.648933
1,19.600000,1,2,1.157806,0.029309,57.893063,53.880177,54.556370
0,19.600000,1,0,1.157806,0.000035,54.808971,53.773499,55.002167
2,19.600000,2,3,0.029309,1.775893,56.789429,55.157085,55.253071
3,19.600000,3,4,1.775893,0.000000,52.910110,53.961063,54.764290
1,19.800000,1,2,1.171632,0.075177,55.041439,53.944965,54.498779
0,19.800000,1,0,1.171632,0.000035,57.149483,54.097862,54.978355
2,19.800000,2,3,0.075177,1.961983,59.644737,55.301456,55.014740
3,19.800000,3,4,1.961983,0.000000,58.592396,55.175735,55.086693
1,20.000000,1,2,1.471632,0.065345,54.301266,54.929565,55.043243
0,20.000000,1,0,1.471632,0.000035,57.905182,54.688560,54.448364
2,20.000000,2,3,0.065345,2.028732,53.558014,54.386147,54.882339
3,20.000000,3,4,2.028732,0.000000,53.120384,54.568172,55.200043
1,20.200000,1,2,1.409674,0.041057,59.139061,55.326462,54.978485
0,20.200000,1,0,1.409674,0.000036,52.774681,54.083050,54.559967
2,20.200000,2,3,0.041057,1.820623,52.377625,54.189468,55.197479
3,20.200000,3,4,1.820623,0.000000,55.855778,55.305542,54.842667
1,20.400000,1,2,1.459539,0.018892,58.145092,55.367710,55.101974
0,20.400000,1,0,1.459539,0.000036,59.382854,54.436535,54.470238
2,20.400000,2,3,0.018892,1.825508,59.084572,54.644272,55.151676
3,20.400000,3,4,1.825508,0.000000,56.463512,53.949387,54.851189
1,20.600000,1,2,1.263956,0.024172,57.593819,55.697613,54.754044
0,20.600000,1,0,1.263956,0.000037,55.905220,54.623161,54.817993
2,20.600000,2,3,0.024172,1.783887,56.994057,54.314999,55.230972
3,20.600000,3,4,1.783887,0.000000,55.284985,55.108421,54.778343
1,20.800000,1,2,1.282525,0.100557,53.925011,55.413944,54.651798
0,20.800000,1,0,1.282525,0.000037,56.798092,54.903427,54.785454
2,20.800000,2,3,0.100557,1.856439,53.465050,54.039230,55.237427
3,20.800000,3,4,1.856439,0.000000,52.930077,55.437901,54.905014
1,21.000000,1,2,1.226315,-0.001859,54.794559,55.218796,54.733589
0,21.000000,1,0,1.226315,0.000037,58.057259,54.847431,54.883663
2,21.000000,2,3,-0.001859,1.644943,57.613091,54.070442,55.419533
3,21.000000,3,4,1.644943,0.000000,57.929405,53.482544,54.531540
1,21.200000,1,2,1.058246,-0.054443,57.961033,55.275032,54.528000
0,21.200000,1,0,1.058246,0.000038,56.953617,54.911816,55.172123
2,21.200000,2,3,-0.054443,1.612327,57.113434,54.266514,55.386425
3,21.200000,3,4,1.612327,0.000000,54.513615,54.431549,54.472786
1,21.400000,1,2,1.230606,-0.074456,48.660355,55.229298,54.868347
0,21.400000,1,0,1.230606,0.000038,53.901180,55.556152,54.876198
2,21.400000,2,3,-0.074456,1.650718,49.229927,54.403267,55.289001
3,21.400000,3,4,1.650718,0.000000,52.533012,54.169044,54.541912
1,21.600000,1,2,1.149974,-0.070934,54.155228,55.661736,54.720772
0,21.600000,1,0,1.149974,0.000038,58.132969,54.758583,55.015640
2,21.600000,2,3,-0.070934,1.685822,55.601006,54.370182,55.235958
3,21.600000,3,4,1.685822,0.000000,51.825607,54.787018,54.604736
1,21.800000,1,2,1.048941,-0.046499,55.796349,55.064137,54.496956
0,21.800000,1,0,1.048941,0.000039,61.801033,55.117107,55.187874
2,21.800000,2,3,-0.046499,1.741980,55.282265,54.807850,55.182411
3,21.800000,3,4,1.741980,0.000000,59.370335,54.818207,54.704491
1,22.000000,1,2,1.183137,-0.099302,51.896675,55.396309,54.828873
0,22.000000,1,0,1.183137,0.000039,58.007530,55.084656,54.958508
2,22.000000,2,3,-0.099302,1.715752,58.299549,54.427902,55.137348
3,22.000000,3,4,1.715752,0.000000,46.388062,54.479412,54.658016
1,22.200000,1,2,1.184386,-0.187317,53.757923,56.273144,54.983803
0,22.200000,1,0,1.184386,0.000039,51.601292,55.608273,54.956352
2,22.200000,2,3,-0.187317,1.741010,56.312325,54.231045,54.943153
3,22.200000,3,4,1.741010,0.000000,50.789234,54.592339,54.702778
1,22.400000,1,2,0.948971,-0.120762,51.486862,55.569641,54.450520
0,22.400000,1,0,0.948971,0.000040,56.520412,55.969265,55.355644
2,22.400000,2,3,-0.120762,1.779593,53.854542,53.927700,54.991432
3,22.400000,3,4,1.779593,0.000000,54.943909,55.596409,54.770798
1,22.600000,1,2,0.946164,-0.189458,51.604404,54.729286,54.569138
0,22.600000,1,0,0.946164,0.000040,59.350735,56.411423,55.360321
2,22.600000,2,3,-0.189458,1.725446,58.419968,54.182407,54.966347
3,22.600000,3,4,1.725446,0.000000,60.062386,55.661972,54.675217
1,22.800000,1,2,0.946038,-0.114747,53.990223,54.861759,54.434311
0,22.800000,1,0,0.946038,0.000040,53.093945,56.090141,55.360531
2,22.800000,2,3,-0.114747,1.632415,58.091640,54.262104,55.252098
3,22.800000,3,4,1.632415,0.000000,56.911629,55.143330,54.509010
1,23.000000,1,2,1.018037,-0.096318,54.033920,54.809540,54.530991
0,23.000000,1,0,1.018037,0.000041,55.387146,56.551815,55.240017
2,23.000000,2,3,-0.096318,1.696449,50.277641,54.675579,55.175156
3,23.000000,3,4,1.696449,0.000000,53.125664,54.698833,54.623684
1,23.200000,1,2,1.110432,-0.073069,49.029766,55.340145,54.654522
0,23.200000,1,0,1.110432,0.000041,58.330780,56.678104,55.083382
2,23.200000,2,3,-0.073069,1.774604,55.051788,54.846195,55.081779
3,23.200000,3,4,1.774604,0.000000,50.827427,56.165890,54.762024
1,23.400000,1,2,1.215723,-0.044074,48.706520,54.545620,54.789215
0,23.400000,1,0,1.215723,0.000041,54.834209,56.267914,54.902077
2,23.400000,2,3,-0.044074,1.654185,53.949966,54.284584,55.334007
3,23.400000,3,4,1.654185,0.000000,57.531223,55.840717,54.548134
1,23.600000,1,2,1.251480,-0.079644,55.811981,54.541992,54.913643
0,23.600000,1,0,1.251480,0.000042,55.363922,55.822128,54.839813
2,23.600000,2,3,-0.079644,1.729526,53.375690,54.560486,55.147343
3,23.600000,3,4,1.729526,0.000000,52.789429,55.346096,54.682449
1,23.800000,1,2,1.198306,-0.134432,51.782162,54.842094,54.916443
0,23.800000,1,0,1.198306,0.000042,48.834274,55.639225,54.932281
2,23.800000,2,3,-0.134432,1.760379,57.230270,54.541176,55.000977
3,23.800000,3,4,1.760379,0.000000,57.537807,55.174713,54.736977
1,24.000000,1,2,1.188438,-0.111153,55.742176,55.155376,54.858814
0,24.000000,1,0,1.188438,0.000043,56.976154,56.060253,54.949356
2,24.000000,2,3,-0.111153,1.830580,54.016602,54.653728,54.919937
3,24.000000,3,4,1.830580,0.000000,54.338573,54.426384,54.860035
1,24.200000,1,2,1.101104,-0.076204,53.770702,54.832191,54.643517
0,24.200000,1,0,1.101104,0.000043,54.141323,56.614536,55.099297
2,24.200000,2,3,-0.076204,2.009153,55.072010,54.935112,54.668068
3,24.200000,3,4,2.009153,0.000000,55.811562,55.376415,55.166916
1,24.400000,1,2,1.070119,-0.100674,56.347202,53.792431,54.631924
0,24.400000,1,0,1.070119,0.000043,57.626587,57.432098,55.152004
2,24.400000,2,3,-0.100674,1.991817,53.038982,54.429993,54.655403
3,24.400000,3,4,1.991817,0.000000,56.157707,54.235855,55.137505
1,24.600000,1,2,1.083156,-0.057119,56.095383,53.830193,54.577465
0,24.600000,1,0,1.083156,0.000044,57.259487,56.993176,55.129860
2,24.600000,2,3,-0.057119,2.103420,55.356693,54.716953,54.533852
3,24.600000,3,4,2.103420,0.000000,54.338123,56.298859,55.325485
1,24.800000,1,2,1.019498,-0.185182,52.406445,53.588654,54.692081
0,24.800000,1,0,1.019498,0.000044,56.924511,56.750164,55.237564
2,24.800000,2,3,-0.185182,2.152529,55.232468,54.366589,54.210846
3,24.800000,3,4,2.152529,0.000000,55.896141,53.570164,55.407188
1,25.000000,1,2,1.299272,-0.148193,55.280041,54.352352,55.113586
0,25.000000,1,0,1.299272,0.000044,55.446526,57.298866,54.756035
2,25.000000,2,3,-0.148193,2.195717,55.831158,54.151775,54.199371
3,25.000000,3,4,2.195717,0.000000,55.699512,55.746635,55.478531
1,25.200000,1,2,1.450538,-0.014694,55.768066,54.650543,55.143803
0,25.200000,1,0,1.450538,0.000045,57.340965,55.992893,54.486504
2,25.200000,2,3,-0.014694,2.186595,51.397511,54.496044,54.460407
3,25.200000,3,4,2.186595,0.000000,52.514988,55.486202,55.463501
1,25.400000,1,2,1.452168,-0.069319,51.806412,55.122154,55.238914
0,25.400000,1,0,1.452168,0.000045,57.731094,55.426933,54.483566
2,25.400000,2,3,-0.069319,2.240893,54.503670,54.481136,54.261620
3,25.400000,3,4,2.240893,0.000000,56.614944,55.705330,55.552662
1,25.600000,1,2,1.455537,-0.152023,56.418793,54.416584,55.382843
0,25.600000,1,0,1.455537,0.000045,56.063927,54.268215,54.477486
2,25.600000,2,3,-0.152023,2.319690,57.525856,53.888271,53.959999
3,25.600000,3,4,2.319690,0.000000,55.062870,54.781933,55