3,0.200000,3,4,0.000000,0.000000,54.204067,51.999409,53.280983
2,0.200000,3,2,0.000000,0.000000,52.554630,NaN,52.129963
1,0.200000,2,1,0.000000,0.000000,56.146946,NaN,55.507919
0,0.200000,1,0,0.000000,0.000000,60.337532,NaN,57.790756
3,0.400000,3,4,-0.012333,0.000000,52.016613,53.801182,53.256092
2,0.400000,3,2,-0.012333,0.055060,54.717812,NaN,52.279976
1,0.400000,2,1,0.055060,-0.023709,51.723381,NaN,55.377792
0,0.400000,1,0,-0.023709,0.000001,59.893559,NaN,57.822262
3,0.600000,3,4,-0.001672,0.000000,55.134281,54.825409,53.277611
2,0.600000,3,2,-0.001672,0.020624,50.171532,54.165237,52.179825
1,0.600000,2,1,0.020624,0.052243,57.861492,56.639187,55.559715
0,0.600000,1,0,0.052243,0.000001,58.526154,56.706966,57.721012
3,0.800000,3,4,-0.050409,0.000000,49.507328,53.151440,53.178886
2,0.800000,3,2,-0.050409,0.091739,50.815075,53.191700,52.443993
1,0.800000,2,1,0.091739,0.026978,53.230312,57.781891,55.401051
0,0.800000,1,0,0.026978,0.000001,58.265781,56.255768,57.754799
3,1.000000,3,4,-0.180289,0.000000,48.946136,53.275360,52.911316
2,1.000000,3,2,-0.180289,0.235108,53.346687,51.211658,53.023270
1,1.000000,2,1,0.235108,0.130232,49.365299,57.147121,55.334320
0,1.000000,1,0,0.130232,0.000002,62.970539,56.287430,57.616055
3,1.200000,3,4,-0.159920,0.000000,52.321327,53.740284,52.953720
2,1.200000,3,2,-0.159920,0.302498,52.818317,52.486099,53.119907
1,1.200000,2,1,0.302498,0.217296,55.182373,55.839607,55.367096
0,1.200000,1,0,0.217296,0.000002,66.277428,55.278934,57.497673
3,1.400000,3,4,-0.168017,0.000000,57.868000,52.271873,52.936882
2,1.400000,3,2,-0.168017,0.396587,57.298622,53.061802,53.327003
1,1.400000,2,1,0.396587,0.283889,53.303921,56.941479,55.321259
0,1.400000,1,0,0.283889,0.000002,60.881939,55.483974,57.406250
3,1.600000,3,4,-0.086653,0.000000,54.366096,53.244053,53.104877
2,1.600000,3,2,-0.086653,0.430444,52.490265,52.563885,53.231216
1,1.600000,2,1,0.430444,0.229915,61.547886,56.302479,55.173527
0,1.600000,1,0,0.229915,0.000003,56.140587,55.545372,57.480408
3,1.800000,3,4,0.041416,0.000000,51.780865,53.766701,53.364151
2,1.800000,3,2,0.041416,0.446008,57.069649,52.751522,53.000938
1,1.800000,2,1,0.446008,0.221702,53.793655,56.300106,55.133186
0,1.800000,1,0,0.221702,0.000003,56.711468,56.386620,57.491650
3,2.000000,3,4,0.050267,0.000000,53.454781,53.023388,53.381844
2,2.000000,3,2,0.050267,0.419285,50.213688,52.850082,52.927101
1,2.000000,2,1,0.419285,0.207435,56.581623,56.258736,55.154335
0,2.000000,1,0,0.207435,0.000004,55.379963,56.658535,57.511150
3,2.200000,3,4,0.097022,0.000000,53.105778,54.723469,53.474823
2,2.200000,3,2,0.097022,0.514296,51.304348,52.939346,53.027145
1,2.200000,2,1,0.514296,0.257880,53.931850,56.504360,55.078468
0,2.200000,1,0,0.257880,0.000004,55.898544,56.524456,57.442047
3,2.400000,3,4,-0.021630,0.000000,51.247082,53.806133,53.237289
2,2.400000,3,2,-0.021630,0.552013,51.645214,53.452137,53.345135
1,2.400000,2,1,0.552013,0.251568,53.697472,57.181965,55.002991
0,2.400000,1,0,0.251568,0.000004,60.050056,57.405132,57.450722
3,2.600000,3,4,-0.101529,0.000000,53.432037,53.128250,53.074356
2,2.600000,3,2,-0.101529,0.593075,55.634678,54.433319,53.584885
1,2.600000,2,1,0.593075,0.471169,56.010391,56.827473,55.305862
0,2.600000,1,0,0.471169,0.000005,56.215992,57.754730,57.144924
3,2.800000,3,4,-0.072187,0.000000,48.773067,52.549625,53.134476
2,2.800000,3,2,-0.072187,0.589651,61.403305,53.985821,53.520462
1,2.800000,2,1,0.589651,0.425079,54.304726,57.263226,55.234253
0,2.800000,1,0,0.425079,0.000005,55.814430,56.809078,57.209824
3,3.000000,3,4,-0.006280,0.000000,52.890038,54.217724,53.268314
2,3.000000,3,2,-0.006280,0.630572,53.333450,53.489983,53.471077
1,3.000000,2,1,0.630572,0.477926,57.255543,56.636555,55.254314
0,3.000000,1,0,0.477926,0.000005,56.882126,56.408985,57.135380
3,3.200000,3,4,-0.109621,0.000000,52.921284,53.572933,53.057716
2,3.200000,3,2,-0.109621,0.798821,51.463638,53.556767,53.996185
1,3.200000,2,1,0.798821,0.603289,54.970398,57.115356,55.181984
0,3.200000,1,0,0.603289,0.000006,59.074459,56.464752,56.956711
3,3.400000,3,4,-0.180390,0.000000,55.698116,53.332886,52.911106
2,3.400000,3,2,-0.180390,0.811773,49.805756,54.796818,54.153069
1,3.400000,2,1,0.811773,0.519545,59.770813,56.293121,55.017113
0,3.400000,1,0,0.519545,0.000006,59.535583,55.787113,57.076389
3,3.600000,3,4,-0.220690,0.000000,48.728569,52.663910,52.826725
2,3.600000,3,2,-0.220690,0.813786,55.635544,54.643379,54.231499
1,3.600000,2,1,0.813786,0.452505,59.767776,55.575367,54.897827
0,3.600000,1,0,0.452505,0.000006,58.583603,55.480610,57.171257
3,3.800000,3,4,-0.148631,0.000000,55.046856,51.607018,52.977146
2,3.800000,3,2,-0.148631,0.940012,53.445591,54.013371,54.331093
1,3.800000,2,1,0.940012,0.480748,54.999035,55.710213,54.726273
0,3.800000,1,0,0.480748,0.000007,57.057384,55.549736,57.131393
3,4.000000,3,4,-0.027481,0.000000,51.721169,52.833206,53.225441
2,4.000000,3,2,-0.027481,0.991072,52.236328,53.818977,54.202053
1,4.000000,2,1,0.991072,0.366040,57.140160,55.094494,54.429733
0,4.000000,1,0,0.366040,0.000007,56.453579,56.066029,57.292397
3,4.200000,3,4,-0.055588,0.000000,49.202591,53.767723,53.168339
2,4.200000,3,2,-0.055588,0.964377,53.391087,53.494770,54.204666
1,4.200000,2,1,0.964377,0.319291,55.534824,54.519672,54.393299
0,4.200000,1,0,0.319291,0.000007,61.950989,56.382462,57.357334
3,4.400000,3,4,-0.013465,0.000000,54.240559,52.784969,53.253803
2,4.400000,3,2,-0.013465,0.813699,49.855679,53.143093,53.841682
1,4.400000,2,1,0.813699,0.308391,52.414948,54.872936,54.644714
0,4.400000,1,0,0.308391,0.000008,56.905972,57.038406,57.372421
3,4.600000,3,4,0.002542,0.000000,51.892773,55.154510,53.286102
2,4.600000,3,2,0.002542,0.830852,57.109695,52.796707,53.843880
1,4.600000,2,1,0.830852,0.488334,56.892834,56.145397,54.930367
0,4.600000,1,0,0.488334,0.000008,58.197456,57.252388,57.120659
3,4.800000,3,4,-0.041214,0.000000,49.700466,52.162956,53.197578
2,4.800000,3,2,-0.041214,0.911075,51.571568,53.084202,54.078636
1,4.800000,2,1,0.911075,0.675929,59.085804,56.607342,55.114746
0,4.800000,1,0,0.675929,0.000008,56.097084,56.951893,56.851830
3,5.000000,3,4,-0.115963,0.000000,57.528461,53.451313,53.044659
2,5.000000,3,2,-0.115963,0.907389,57.795033,53.435467,54.210938
1,5.000000,2,1,0.907389,0.819412,55.125511,57.117794,55.362480
0,5.000000,1,0,0.819412,0.000009,57.612900,56.117500,56.641621
3,5.200000,3,4,-0.194388,0.000000,52.300423,54.671635,52.881870
2,5.200000,3,2,-0.194388,0.942333,59.039631,53.681267,54.418724
1,5.200000,2,1,0.942333,0.892343,55.655880,56.473888,55.425518
0,5.200000,1,0,0.892343,0.000009,58.036293,55.036835,56.533195
3,5.400000,3,4,-0.032612,0.000000,52.171150,52.637299,53.215038
2,5.400000,3,2,-0.032612,1.026659,48.466961,54.370804,54.277203
1,5.400000,2,1,1.026659,0.940280,48.462746,56.598907,55.365139
0,5.400000,1,0,0.940280,0.000010,55.679653,55.497890,56.461330
3,5.600000,3,4,0.041567,0.000000,52.154312,52.330612,53.364456
2,5.600000,3,2,0.041567,0.975985,54.851791,53.937786,54.045105
1,5.600000,2,1,0.975985,1.027380,55.878334,56.240051,55.591991
0,5.600000,1,0,1.027380,0.000010,57.504314,55.490551,56.329529
3,5.800000,3,4,0.040897,0.000000,58.676537,53.508396,53.363113
2,5.800000,3,2,0.040897,0.935345,60.390862,53.686611,53.969742
1,5.800000,2,1,0.935345,0.992592,54.790771,56.515224,55.601524
0,5.800000,1,0,0.992592,0.000010,56.147667,55.470409,56.382362
3,6.000000,3,4,-0.059886,0.000000,49.437756,53.856369,53.159584
2,6.000000,3,2,-0.059886,0.964566,47.988678,53.734421,54.212975
1,6.000000,2,1,0.964566,0.832539,57.788860,55.858822,55.288918
0,6.000000,1,0,0.832539,0.000011,57.790207,55.987598,56.622185
3,6.200000,3,4,-0.012120,0.000000,55.814739,53.714741,53.256523
2,6.200000,3,2,-0.012120,1.110686,53.996582,54.363102,54.393433
1,6.200000,2,1,1.110686,0.846839,57.287418,55.897511,55.065765
0,6.200000,1,0,0.846839,0.000011,58.844044,56.893486,56.600975
3,6.400000,3,4,0.004619,0.000000,56.914989,52.915474,53.290291
2,6.400000,3,2,0.004619,0.959634,50.991112,54.677181,54.083736
1,6.400000,2,1,0.959634,0.959494,54.608200,55.734390,55.507690
0,6.400000,1,0,0.959494,0.000011,52.688141,57.219181,56.432396
3,6.600000,3,4,-0.057254,0.000000,53.942089,53.007229,53.164948
2,6.600000,3,2,-0.057254,1.077595,54.749649,54.278202,54.415325
1,6.600000,2,1,1.077595,0.915767,52.104027,56.404701,55.238873
0,6.600000,1,0,0.915767,0.000012,58.169678,57.178513,56.498138
3,6.800000,3,4,-0.070927,0.000000,56.763020,51.820805,53.137051
2,6.800000,3,2,-0.070927,1.087097,56.146557,54.283390,54.457329
1,6.800000,2,1,1.087097,1.065177,50.193436,56.023430,55.471863
0,6.800000,1,0,1.065177,0.000012,60.778980,57.827168,56.271835
3,7.000000,3,4,0.036133,0.000000,52.890747,53.450985,53.353577
2,7.000000,3,2,0.036133,1.103954,54.256577,54.098183,54.292915
1,7.000000,2,1,1.103954,1.156847,59.681763,55.389240,55.594429
0,7.000000,1,0,1.156847,0.000012,59.035881,57.020237,56.130615
3,7.200000,3,4,0.088179,0.000000,51.340755,53.223057,53.457298
2,7.200000,3,2,0.088179,1.150352,50.916016,53.552197,54.282539
1,7.200000,2,1,1.150352,1.066135,58.861374,55.695606,55.368736
0,7.200000,1,0,1.066135,0.000013,55.652683,56.386395,56.270370
3,7.400000,3,4,0.184080,0.000000,53.348949,52.046288,53.645866
2,7.400000,3,2,0.184080,1.227119,51.322868,52.991703,54.247307
1,7.400000,2,1,1.227119,1.117188,52.805378,54.806538,55.325882
0,7.400000,1,0,1.117188,0.000013,58.182846,56.954540,56.191940
3,7.600000,3,4,0.045895,0.000000,51.996265,52.822754,53.373108
2,7.600000,3,2,0.045895,1.325201,54.721294,53.424595,54.674538
1,7.600000,2,1,1.325201,1.165554,54.717892,54.812424,55.242542
0,7.600000,1,0,1.165554,0.000013,58.992943,55.865234,56.117104
3,7.800000,3,4,0.116369,0.000000,51.690300,54.206333,53.513069
2,7.800000,3,2,0.116369,1.378102,52.698647,54.265762,54.643333
1,7.800000,2,1,1.378102,1.131529,46.313354,54.383060,55.095272
0,7.800000,1,0,1.131529,0.000014,58.736576,56.934715,56.169804
3,8.000000,3,4,0.197658,0.000000,50.365791,54.359962,53.672302
2,8.000000,3,2,0.197658,1.325260,54.747440,53.988270,54.402157
1,8.000000,2,1,1.325260,1.119125,57.772560,54.542461,55.164032
0,8.000000,1,0,1.119125,0.000014,55.240269,57.573814,56.188950
3,8.200000,3,4,0.142035,0.000000,55.785553,52.585278,53.563599
2,8.200000,3,2,0.142035,1.417144,50.916367,54.194111,54.667091
1,8.200000,2,1,1.417144,1.152782,56.769199,54.916870,55.064888
0,8.200000,1,0,1.152782,0.000015,55.972565,57.014008,56.136917
3,8.400000,3,4,0.093636,0.000000,55.795414,53.082386,53.468117
2,8.400000,3,2,0.093636,1.603148,58.703606,54.752903,55.075241
1,8.400000,2,1,1.603148,1.098702,55.337486,54.155994,54.646248
0,8.400000,1,0,1.098702,0.000015,50.274128,56.534950,56.220406
3,8.600000,3,4,0.246780,0.000000,53.502384,54.274681,53.767403
2,8.600000,3,2,0.246780,1.467220,49.659309,55.527996,54.569656
1,8.600000,2,1,1.467220,1.033250,55.652035,53.531136,54.770821
0,8.600000,1,0,1.033250,0.000015,59.350929,57.125256,56.320595
3,8.800000,3,4,0.064870,0.000000,54.164230,52.208084,53.410973
2,8.800000,3,2,0.064870,1.380211,61.554646,54.494198,54.738243
1,8.800000,2,1,1.380211,1.075168,53.599796,54.871727,54.995075
0,8.800000,1,0,1.075168,0.000016,56.441975,56.894081,56.256538
3,9.000000,3,4,0.177073,0.000000,54.251892,54.504215,53.632198
2,9.000000,3,2,0.177073,1.203512,51.754642,54.692558,54.216648
1,9.000000,2,1,1.203512,1.140746,55.165451,55.598091,55.404358
0,9.000000,1,0,1.140746,0.000016,53.413128,56.796539,56.155556
3,9.200000,3,4,0.226514,0.000000,53.726826,53.506512,53.728268
2,9.200000,3,2,0.226514,1.308185,48.173927,54.615711,54.318321
1,9.200000,2,1,1.308185,1.174067,51.145988,57.172771,55.285416
0,9.200000,1,0,1.174067,0.000016,57.326416,56.942581,56.103886
3,9.400000,3,4,0.166245,0.000000,53.273041,54.187073,53.611046
2,9.400000,3,2,0.166245,1.234150,57.055626,55.043522,54.293072
1,9.400000,2,1,1.234150,1.223393,56.072384,56.863407,55.490242
0,9.400000,1,0,1.223393,0.000017,53.782177,56.881096,56.026939
3,9.600000,3,4,0.124552,0.000000,52.865501,52.273052,53.529205
2,9.600000,3,2,0.124552,1.145221,50.981880,54.638042,54.205971
1,9.600000,2,1,1.145221,1.274931,57.758610,57.349285,55.718857
0,9.600000,1,0,1.274931,0.000017,59.322029,56.768032,55.945961
3,9.800000,3,4,0.267575,0.000000,52.555313,52.654278,53.807411
2,9.800000,3,2,0.267575,1.175228,56.835274,53.991756,53.994698
1,9.800000,2,1,1.175228,1.257701,54.163925,57.712605,55.642513
0,9.800000,1,0,1.257701,0.000017,55.324768,56.507202,55.973099
3,10.000000,3,4,0.306713,0.000000,56.388039,52.593609,53.882317
2,10.000000,3,2,0.306713,1.206205,57.108524,53.704937,53.979279
1,10.000000,2,1,1.206205,1.325597,56.602020,57.308201,55.702229
0,10.000000,1,0,1.325597,0.000018,52.385563,56.951889,55.865753
3,10.200000,3,4,0.123506,0.000000,48.418526,53.942162,53.527145
2,10.200000,3,2,0.123506,1.340511,51.158188,53.574490,54.563503
1,10.200000,2,1,1.340511,1.219586,57.108231,56.947197,55.307507
0,10.200000,1,0,1.219586,0.000018,54.182926,56.814022,56.032902
3,10.400000,3,4,0.207871,0.000000,56.289948,54.299389,53.692142
2,10.400000,3,2,0.207871,1.491089,55.591526,54.237495,54.681473
1,10.400000,2,1,1.491089,1.325001,56.014999,56.788647,55.231697
0,10.400000,1,0,1.325001,0.000018,54.027218,56.772480,55.866703
3,10.600000,3,4,0.144803,0.000000,57.883522,53.563602,53.569031
2,10.600000,3,2,0.144803,1.499304,52.368469,54.165550,54.807056
1,10.600000,2,1,1.499304,1.280666,57.536850,56.286289,55.142818
0,10.600000,1,0,1.280666,0.000019,57.337383,56.058643,55.936913
3,10.800000,3,4,0.353016,0.000000,48.537079,52.715565,53.970276
2,10.800000,3,2,0.353016,1.399945,51.072342,55.060707,54.254478
1,10.800000,2,1,1.399945,1.212596,59.542389,55.640736,55.195824
0,10.800000,1,0,1.212596,0.000019,55.474506,55.201103,56.043835
3,11.000000,3,4,0.343800,0.000000,53.322262,53.958687,53.952824
2,11.000000,3,2,0.343800,1.641366,52.667320,55.692333,54.706867
1,11.000000,2,1,1.641366,1.243427,50.284286,55.805649,54.833961
0,11.000000,1,0,1.243427,0.000019,55.460499,55.793140,55.995537
3,11.200000,3,4,0.296651,0.000000,52.769749,53.805798,53.863110
2,11.200000,3,2,0.296651,1.575322,52.485847,56.155476,54.673409
1,11.200000,2,1,1.575322,1.174001,57.635082,55.582092,54.828049
0,11.200000,1,0,1.174001,0.000020,54.327545,56.109344,56.103996
3,11.400000,3,4,0.353076,0.000000,54.163979,53.773155,53.970387
2,11.400000,3,2,0.353076,1.597996,55.241062,55.695961,54.613396
1,11.400000,2,1,1.597996,1.309815,56.424221,55.847412,55.024067
0,11.400000,1,0,1.309815,0.000020,53.350624,56.185509,55.890808
3,11.600000,3,4,0.252151,0.000000,51.739632,54.036724,53.777752
2,11.600000,3,2,0.252151,1.592688,58.647457,54.892155,54.782570
1,11.600000,2,1,1.592688,1.452518,49.638733,55.276939,55.275269
0,11.600000,1,0,1.452518,0.000021,54.341690,55.568081,55.662201
3,11.800000,3,4,0.236152,0.000000,55.581612,54.071861,53.746895
2,11.800000,3,2,0.236152,1.521225,57.920879,54.821308,54.684757
1,11.800000,2,1,1.521225,1.547764,59.381569,55.135201,55.551414
0,11.800000,1,0,1.547764,0.000021,56.497330,55.233181,55.506897
3,12.000000,3,4,0.205377,0.000000,52.033199,54.642910,53.687302
2,12.000000,3,2,0.205377,1.511535,52.316620,54.196373,54.722046
1,12.000000,2,1,1.511535,1.635289,52.174202,55.209358,55.709259
0,12.000000,1,0,1.635289,0.000021,56.597584,54.862766,55.362194
3,12.200000,3,4,0.347289,0.000000,56.288475,53.347111,53.959435
2,12.200000,3,2,0.347289,1.499800,53.659542,53.761478,54.447350
1,12.200000,2,1,1.499800,1.498911,53.603180,55.281799,55.506462
0,12.200000,1,0,1.498911,0.000022,51.793976,54.717312,55.586830
3,12.400000,3,4,0.252619,0.000000,53.566467,53.088165,53.778652
2,12.400000,3,2,0.252619,1.510067,54.488285,53.583023,54.635712
1,12.400000,2,1,1.510067,1.345720,54.920948,55.337723,55.234627
0,12.400000,1,0,1.345720,0.000022,55.952816,55.492794,55.833740
3,12.600000,3,4,0.237766,0.000000,51.146664,53.775478,53.750015
2,12.600000,3,2,0.237766,1.597381,52.302975,54.300655,54.816010
1,12.600000,2,1,1.597381,1.281835,52.055115,55.289726,54.976978
0,12.600000,1,0,1.281835,0.000022,55.366409,56.255875,55.935074
3,12.800000,3,4,0.409057,0.000000,52.040508,53.509892,54.075783
2,12.800000,3,2,0.409057,1.614687,56.253819,54.739552,54.543106
1,12.800000,2,1,1.614687,1.372646,55.677395,55.366894,55.102997
0,12.800000,1,0,1.372646,0.000023,56.112732,56.926743,55.790749
3,13.000000,3,4,0.452589,0.000000,50.410381,54.800632,54.157040
2,13.000000,3,2,0.452589,1.523480,57.476540,54.700718,54.298553
1,13.000000,2,1,1.523480,1.244446,57.991199,54.881237,55.039757
0,13.000000,1,0,1.244446,0.000023,54.749283,57.257675,55.993942
3,13.200000,3,4,0.290195,0.000000,56.226685,55.166893,53.850769
2,13.200000,3,2,0.290195,1.578775,52.062252,54.202030,54.690971
1,13.200000,2,1,1.578775,1.332910,58.712894,55.114056,55.096481
0,13.200000,1,0,1.332910,0.000023,57.871704,56.924736,55.854137
3,13.400000,3,4,0.182393,0.000000,52.545586,53.645542,53.642578
2,13.400000,3,2,0.182393,1.605698,51.083328,55.067757,54.926910
1,13.400000,2,1,1.605698,1.222905,57.677948,55.061394,54.860394
0,13.400000,1,0,1.222905,0.000024,54.530205,56.311958,56.027718
3,13.600000,3,4,0.267184,0.000000,54.399536,52.864799,53.806664
2,13.600000,3,2,0.267184,1.608951,56.441422,55.438972,54.784729
1,13.600000,2,1,1.608951,1.191202,58.774891,54.342613,54.799290
0,13.600000,1,0,1.191202,0.000024,58.874390,56.177094,56.077232
3,13.800000,3,4,0.432583,0.000000,50.615868,53.339291,54.119774
2,13.800000,3,2,0.432583,1.651293,54.271038,54.903160,54.566559
1,13.800000,2,1,1.651293,1.083160,54.649570,54.350033,54.532433
0,13.800000,1,0,1.083160,0.000024,57.021912,56.056335,56.244293
3,14.000000,3,4,0.401006,0.000000,52.506603,54.768990,54.060684
2,14.000000,3,2,0.401006,1.638071,53.382793,54.712452,54.599380
1,14.000000,2,1,1.638071,1.100764,47.827351,53.461521,54.587673
0,14.000000,1,0,1.100764,0.000025,54.897945,56.238213,56.217247
3,14.200000,3,4,0.531792,0.000000,60.265450,52.953968,54.303337
2,14.200000,3,2,0.531792,1.496534,53.466782,53.780354,54.101936
1,14.200000,2,1,1.496534,1.098786,52.124413,53.625278,54.834293
0,14.200000,1,0,1.098786,0.000025,60.401810,56.514084,56.220291
3,14.400000,3,4,0.525640,0.000000,53.234318,53.601521,54.292046
2,14.400000,3,2,0.525640,1.431214,53.202755,53.160797,53.990772
1,14.400000,2,1,1.431214,1.042349,57.358944,53.794090,54.849804
0,14.400000,1,0,1.042349,0.000026,56.037941,56.439182,56.306740
3,14.600000,3,4,0.575332,0.000000,57.598297,54.683094,54.382931
2,14.600000,3,2,0.575332,1.620124,54.476788,53.606110,54.250538
1,14.600000,2,1,1.620124,1.045441,58.425816,54.396324,54.520660
0,14.600000,1,0,1.045441,0.000026,62.455956,56.883930,56.302021
3,14.800000,3,4,0.507981,0.000000,55.568520,54.717434,54.259563
2,14.800000,3,2,0.507981,1.605439,52.501389,53.813480,54.347210
1,14.800000,2,1,1.605439,1.005927,51.267548,53.804111,54.475914
0,14.800000,1,0,1.005927,0.000026,57.039970,57.291878,56.362167
3,15.000000,3,4,0.438563,0.000000,51.854530,54.277439,54.130928
2,15.000000,3,2,0.438563,1.641192,60.211529,54.089417,54.537720
1,15.000000,2,1,1.641192,0.961795,55.448944,54.719112,54.330685
0,15.000000,1,0,0.961795,0.000027,57.643066,57.537132,56.428947
3,15.200000,3,4,0.403299,0.000000,53.771168,53.971687,54.064987
2,15.200000,3,2,0.403299,1.534430,51.925503,53.479061,54.408569
1,15.200000,2,1,1.534430,0.992841,51.329006,54.390064,54.580017
0,15.200000,1,0,0.992841,0.000027,60.158092,57.891296,56.382011
3,15.400000,3,4,0.331203,0.000000,52.747028,54.856644,53.928925
2,15.400000,3,2,0.331203,1.548597,53.844757,53.633945,54.564201
1,15.400000,2,1,1.548597,1.056768,47.637386,54.728073,54.668655
0,15.400000,1,0,1.056768,0.000027,56.414532,57.821941,56.284721
3,15.600000,3,4,0.290978,0.000000,59.234547,53.872898,53.852264
2,15.600000,3,2,0.290978,1.765055,51.377155,53.611145,55.014515
1,15.600000,2,1,1.765055,1.142559,57.950867,55.194267,54.434326
0,15.600000,1,0,1.142559,0.000028,51.371368,57.454861,56.152771
3,15.800000,3,4,0.358180,0.000000,57.370094,53.030849,53.980042
2,15.800000,3,2,0.358180,1.834379,51.504848,55.461872,55.018158
1,15.800000,2,1,1.834379,1.161713,55.538635,55.162918,54.342995
0,15.800000,1,0,1.161713,0.000028,59.319664,57.064156,56.123093
3,16.000000,3,4,0.374152,0.000000,58.319206,54.399155,54.010185
2,16.000000,3,2,0.374152,1.894061,58.521946,54.909748,55.092991
1,16.000000,2,1,1.894061,1.255960,52.462540,55.066856,54.406002
0,16.000000,1,0,1.255960,0.000028,57.377117,56.589264,55.975857
3,16.200000,3,4,0.485767,0.000000,55.857922,54.825657,54.218563
2,16.200000,3,2,0.485767,1.919994,53.797554,55.410324,54.945816
1,16.200000,2,1,1.919994,1.270081,56.461960,55.016171,54.384514
0,16.200000,1,0,1.270081,0.000029,55.723003,55.867416,55.953625
3,16.400000,3,4,0.510087,0.000000,55.959675,53.878639,54.263443
2,16.400000,3,2,0.510087,1.926174,56.892445,54.818031,54.914398
1,16.400000,2,1,1.926174,1.203430,53.842873,55.292454,54.251060
0,16.400000,1,0,1.203430,0.000029,54.631702,55.742577,56.058167
3,16.600000,3,4,0.582669,0.000000,54.851318,52.813660,54.396286
2,16.600000,3,2,0.582669,1.923431,53.113377,54.924313,54.782967
1,16.600000,2,1,1.923431,1.188877,51.659836,54.551155,54.229263
0,16.600000,1,0,1.188877,0.000029,55.327389,56.199142,56.080860
3,16.800000,3,4,0.542271,0.000000,51.541424,54.488361,54.322548
2,16.800000,3,2,0.542271,2.077476,56.132328,55.314171,55.119057
1,16.800000,2,1,2.077476,1.300291,50.425922,54.715481,54.150223
0,16.800000,1,0,1.300291,0.000030,55.560535,56.238598,55.905907
3,17.000000,3,4,0.530053,0.000000,55.828747,53.392708,54.300148
2,17.000000,3,2,0.530053,2.148931,51.278843,55.259445,55.260544
1,17.000000,2,1,2.148931,1.336548,53.713116,54.323792,54.084526
0,17.000000,1,0,1.336548,0.000030,56.792377,55.837978,55.848358
3,17.200000,3,4,0.640490,0.000000,56.886421,54.093102,54.500961
2,17.200000,3,2,0.640490,2.154624,51.748642,55.358562,55.083138
1,17.200000,2,1,2.154624,1.443935,53.173393,54.097740,54.273262
0,17.200000,1,0,1.443935,0.000030,52.825619,55.251968,55.676102
3,17.400000,3,4,0.607833,0.000000,60.839478,54.671364,54.441963
2,17.400000,3,2,0.607833,2.012719,54.369942,54.503792,54.894955
1,17.400000,2,1,2.012719,1.472784,54.663513,53.585548,54.582970
0,17.400000,1,0,1.472784,0.000031,56.132923,54.937286,55.629356
3,17.600000,3,4,0.624552,0.000000,57.186722,54.391113,54.472210
2,17.600000,3,2,0.624552,1.906287,56.951523,54.499794,54.678841
1,17.600000,2,1,1.906287,1.383049,57.917103,54.071999,54.612789
0,17.600000,1,0,1.383049,0.000031,55.778542,55.279331,55.774105
3,17.800000,3,4,0.658846,0.000000,51.034580,54.702431,54.533981
2,17.800000,3,2,0.658846,1.841365,55.697987,53.565727,54.501549
1,17.800000,2,1,1.841365,1.335881,55.267826,54.061710,54.644402
0,17.800000,1,0,1.335881,0.000032,56.164146,55.863472,55.849426
3,18.000000,3,4,0.654397,0.000000,55.507431,52.508068,54.525986
2,18.000000,3,2,0.654397,1.865749,52.507053,53.908390,54.553371
1,18.000000,2,1,1.865749,1.502746,56.729450,54.490318,54.894829
0,18.000000,1,0,1.502746,0.000032,51.018616,56.117077,55.580597
3,18.200000,3,4,0.733107,0.000000,56.834496,54.574234,54.666557
2,18.200000,3,2,0.733107,1.766567,54.268074,54.041744,54.229626
1,18.200000,2,1,1.766567,1.510389,55.190540,54.259609,55.078876
0,18.200000,1,0,1.510389,0.000032,56.885708,55.426521,55.568123
3,18.400000,3,4,0.612256,0.000000,50.833603,56.378006,54.449974
2,18.400000,3,2,0.612256,1.829382,55.202946,53.963356,54.563721
1,18.400000,2,1,1.829382,1.553306,50.859558,54.900711,55.044830
0,18.400000,1,0,1.553306,0.000033,60.053894,55.090561,55.497810
3,18.600000,3,4,0.593483,0.000000,55.057247,53.746643,54.415939
2,18.600000,3,2,0.593483,1.903974,55.824432,53.834042,54.729691
1,18.600000,2,1,1.903974,1.609317,55.237133,54.772881,55.012939
0,18.600000,1,0,1.609317,0.000033,59.040112,55.436569,55.405357
3,18.800000,3,4,0.540551,0.000000,53.697529,54.633072,54.319397
2,18.800000,3,2,0.540551,2.008907,47.958012,54.684902,55.004677
1,18.800000,2,1,2.008907,1.633066,56.653732,54.787479,54.872505
0,18.800000,1,0,1.633066,0.000033,53.537834,55.396103,55.365913
3,19.000000,3,4,0.592367,0.000000,58.955887,55.374638,54.413914
2,19.000000,3,2,0.592367,1.987437,55.600506,56.013882,54.877888
1,19.000000,2,1,1.987437,1.724555,54.797508,55.215279,55.067417
0,19.000000,1,0,1.724555,0.000034,53.274338,54.671627,55.212624
3,19.200000,3,4,0.691808,0.000000,55.710739,54.839878,54.593025
2,19.200000,3,2,0.691808,2.053590,53.399208,55.181419,54.819805
1,19.200000,2,1,2.053590,1.885415,49.223785,55.486725,55.228180
0,19.200000,1,0,1.885415,0.000034,58.122894,54.300232,54.937737
3,19.400000,3,4,0.674324,0.000000,48.906689,54.668530,54.561749
2,19.400000,3,2,0.674324,2.009690,57.218445,55.308147,54.773483
1,19.400000,2,1,2.009690,1.842234,58.542332,55.133083,55.229393
0,19.400000,1,0,1.842234,0.000034,52.819996,54.835243,55.012215
3,19.600000,3,4,0.656142,0.000000,57.840759,54.472282,54.529125
2,19.600000,3,2,0.656142,2.070711,48.761311,55.485664,54.911766
1,19.600000,2,1,2.070711,1.744573,56.215477,55.236618,54.958698
0,19.600000,1,0,1.744573,0.000035,58.808743,55.183781,55.178795
3,19.800000,3,4,0.630383,0.000000,56.710186,54.330574,54.482735
2,19.800000,3,2,0.630383,2.218845,55.723415,56.092731,55.209324
1,19.800000,2,1,2.218845,1.654240,52.817356,54.883911,54.538769
0,19.800000,1,0,1.654240,0.000035,52.797459,55.413418,55.330631
3,20.000000,3,4,0.629212,0.000000,52.684380,54.638828,54.480621
2,20.000000,3,2,0.629212,2.192345,61.710247,55.862030,55.166489
1,20.000000,2,1,2.192345,1.715117,49.174286,55.154282,54.694527
0,20.000000,1,0,1.715117,0.000035,56.266598,55.833630,55.228539
3,20.200000,3,4,0.607754,0.000000,58.978790,53.010342,54.441822
2,20.200000,3,2,0.607754,2.082880,57.355103,55.170677,55.016319
1,20.200000,2,1,2.082880,1.589659,53.827969,55.192947,54.666183
0,20.200000,1,0,1.589659,0.000036,54.601650,55.869175,55.437897
3,20.400000,3,4,0.672926,0.000000,57.162079,54.379570,54.559242
2,20.400000,3,2,0.672926,2.047352,54.026123,55.506786,54.841904
1,20.400000,2,1,2.047352,1.356788,57.377144,55.411957,54.310226
0,20.400000,1,0,1.356788,0.000036,59.885349,56.269169,55.816113
3,20.600000,3,4,0.570678,0.000000,50.711040,54.704323,54.374451
2,20.600000,3,2,0.570678,2.039747,56.546898,55.341545,55.005905
1,20.600000,2,1,2.039747,1.238621,54.596317,55.379051,54.105579
0,20.600000,1,0,1.238621,0.000037,52.118179,56.736511,56.003105
3,20.800000,3,4,0.488896,0.000000,55.926899,55.045250,54.224350
2,20.800000,3,2,0.488896,2.007560,57.923637,55.823231,55.090866
1,20.800000,2,1,2.007560,1.294675,51.069843,55.534519,54.269222
0,20.800000,1,0,1.294675,0.000037,55.723507,56.988129,55.914803
3,21.000000,3,4,0.599943,0.000000,51.192627,54.738026,54.427666
2,21.000000,3,2,0.599943,1.978650,53.921059,56.396641,54.849373
1,21.000000,2,1,1.978650,1.292740,50.473907,56.042671,54.318756
0,21.000000,1,0,1.292740,0.000037,59.944134,56.558136,55.917866
3,21.200000,3,4,0.570578,0.000000,52.296501,53.073830,54.374268
2,21.200000,3,2,0.570578,1.975062,54.646404,54.784172,54.894257
1,21.200000,2,1,1.975062,1.371091,60.462246,56.589821,54.467857
0,21.200000,1,0,1.371091,0.000038,60.756069,56.762390,55.793259
3,21.400000,3,4,0.643751,0.000000,54.972496,54.665779,54.506836
2,21.400000,3,2,0.643751,2.023905,51.393291,55.121571,54.851898
1,21.400000,2,1,2.023905,1.370188,53.494961,56.493370,54.377583
0,21.400000,1,0,1.370188,0.000038,50.831936,56.360477,55.794704
3,21.600000,3,4,0.626610,0.000000,53.496464,55.157875,54.475925
2,21.600000,3,2,0.626610,2.077677,53.289581,55.359924,54.974899
1,21.600000,2,1,2.077677,1.556685,51.827866,56.428822,54.616791
0,21.600000,1,0,1.556685,0.000038,53.581356,55.714581,55.492264
3,21.800000,3,4,0.745364,0.000000,56.790085,55.104546,54.688286
2,21.800000,3,2,0.745364,2.217103,56.559383,55.256718,55.010498
1,21.800000,2,1,2.217103,1.519263,56.049744,56.227638,54.296879
0,21.800000,1,0,1.519263,0.000039,56.819542,55.569016,55.553627
3,22.000000,3,4,0.781449,0.000000,52.759605,55.399002,54.751999
2,22.000000,3,2,0.781449,1.993073,52.644478,53.720627,54.553860
1,22.000000,2,1,1.993073,1.517369,58.599213,55.308361,54.697227
0,22.000000,1,0,1.517369,0.000039,59.079952,55.312164,55.556725
3,22.200000,3,4,0.794138,0.000000,61.515133,54.396111,54.774311
2,22.200000,3,2,0.794138,2.121756,54.444347,52.809288,54.759865
1,22.200000,2,1,2.121756,1.638793,58.483116,55.875546,54.684372
0,22.200000,1,0,1.638793,0.000039,50.863770,55.596493,55.356392
3,22.400000,3,4,0.835131,0.000000,53.262280,55.352688,54.846092
2,22.400000,3,2,0.835131,2.097980,57.878159,53.736000,54.645317
1,22.400000,2,1,2.097980,1.633532,57.191376,55.709545,54.717125
0,22.400000,1,0,1.633532,0.000040,55.082260,55.105064,55.365150
3,22.600000,3,4,0.805197,0.000000,55.907326,55.816261,54.793724
2,22.600000,3,2,0.805197,2.021146,59.924919,53.848328,54.561615
1,22.600000,2,1,2.021146,1.642917,51.656921,55.086441,54.868343
0,22.600000,1,0,1.642917,0.000040,56.223614,55.322704,55.349525
3,22.800000,3,4,0.689938,0.000000,50.084488,54.461796,54.589687
2,22.800000,3,2,0.689938,2.052792,50.488045,54.047390,54.821678
1,22.800000,2,1,2.052792,1.576658,52.444038,55.489487,54.696465
0,22.800000,1,0,1.576658,0.000040,55.803978,54.971230,55.459373
3,23.000000,3,4,0.607304,0.000000,49.523277,54.478287,54.441010
2,23.000000,3,2,0.607304,2.017484,55.287365,54.561184,54.904152
1,23.000000,2,1,2.017484,1.519438,53.181053,54.929733,54.657619
0,23.000000,1,0,1.519438,0.000041,55.932575,55.380478,55.553345
3,23.200000,3,4,0.639269,0.000000,50.788391,54.395336,54.498764
2,23.200000,3,2,0.639269,1.994163,50.031540,55.246323,54.807747
1,23.200000,2,1,1.994163,1.522293,52.942375,54.924263,54.704006
0,23.200000,1,0,1.522293,0.000041,54.231522,55.773830,55.548676
3,23.400000,3,4,0.407939,0.000000,58.188972,53.936295,54.073689
2,23.400000,3,2,0.407939,2.005085,54.824337,55.305412,55.223972
1,23.400000,2,1,2.005085,1.522412,52.851238,55.204067,54.684887
0,23.400000,1,0,1.522412,0.000041,51.418610,55.979118,55.548485
3,23.600000,3,4,0.481147,0.000000,54.806934,54.792961,54.210014
2,23.600000,3,2,0.481147,1.782843,57.342079,55.128937,54.714165
1,23.600000,2,1,1.782843,1.469968,57.867561,54.557049,54.981583
0,23.600000,1,0,1.469968,0.000042,54.920578,56.017300,55.633945
3,23.800000,3,4,0.423678,0.000000,50.135738,54.597954,54.103142
2,23.800000,3,2,0.423678,1.882730,56.456459,55.720642,54.988663
1,23.800000,2,1,1.882730,1.411535,54.976131,54.791088,54.705200
0,23.800000,1,0,1.411535,0.000042,51.876225,56.260284,55.728382
3,24.000000,3,4,0.385453,0.000000,56.329044,54.120388,54.031467
2,24.000000,3,2,0.385453,1.813299,51.158344,56.006893,54.934776
1,24.000000,2,1,1.813299,1.341603,53.277500,53.974499,54.704315
0,24.000000,1,0,1.341603,0.000043,55.862480,56.501999,55.840332
3,24.200000,3,4,0.372498,0.000000,56.598198,54.311939,54.007069
2,24.200000,3,2,0.372498,1.695215,56.651245,55.815727,54.751240
1,24.200000,2,1,1.695215,1.472457,57.291389,54.650841,55.135818
0,24.200000,1,0,1.472457,0.000043,58.112103,56.114361,55.629906
3,24.400000,3,4,0.378048,0.000000,54.526379,53.713436,54.017529
2,24.400000,3,2,0.378048,1.513902,49.031796,55.571751,54.417152
1,24.400000,2,1,1.513902,1.301614,56.256821,55.306759,55.153595
0,24.400000,1,0,1.301614,0.000043,58.956814,55.956402,55.903831
3,24.600000,3,4,0.279880,0.000000,55.850864,55.676674,53.831020
2,24.600000,3,2,0.279880,1.512432,54.747692,55.502575,54.591316
1,24.600000,2,1,1.512432,1.123813,57.858791,55.426441,54.850235
0,24.600000,1,0,1.123813,0.000044,55.726295,56.579731,56.181763
3,24.800000,3,4,0.242043,0.000000,55.918736,54.536255,53.758270
2,24.800000,3,2,0.242043,1.458982,55.078156,55.926922,54.563385
1,24.800000,2,1,1.458982,1.132102,56.062634,54.821030,54.957417
0,24.800000,1,0,1.132102,0.000044,55.164150,56.669750,56.168968
3,25.000000,3,4,0.365567,0.000000,57.245296,54.141426,53.993992
2,25.000000,3,2,0.365567,1.415227,49.600571,55.843506,54.259514
1,25.000000,2,1,1.415227,1.082738,56.785519,55.412853,54.947723
0,25.000000,1,0,1.082738,0.000044,53.875118,56.600163,56.244972
3,25.200000,3,4,0.259532,0.000000,53.004475,54.499542,53.791954
2,25.200000,3,2,0.259532,1.444663,50.372375,55.036186,54.506256
1,25.200000,2,1,1.444663,1.175239,53.843933,56.353844,55.056221
0,25.200000,1,0,1.175239,0.000045,58.122940,56.741722,56.102108
3,25.400000,3,4,0.232007,0.000000,53.113487,53.768009,53.738888
2,25.400000,3,2,0.232007,1.443112,54.257320,55.416092,54.552933
1,25.400000,2,1,1.443112,1.132638,57.333748,55.782818,54.985718
0,25.400000,1,0,1.132638,0.000045,56.979321,56.565456,56.168137
3,25.600000,3,4,0.227742,0.000000,55.408195,52.817150,53.730644
2,25.600000,3,2,0.227742,1.396000,57.726078,55.642063,54.475826
1,25.600000,2,1,1.396000,1.149447,53.305916,56.152946,55.095306
0,25.600000,1,0,1.149447,0.000045,53.054104,56.695953,56.142136
3,25.800000,3,4,0.337826,0.000000,55.523533,53.655407,53.941498
2,25.800000,3,2,0.337826,1.482868,56.009830,55.627426,54.433819
1,25.800000,2,1,1.482868,1.140288,51.935146,55.976