0,0.200000,0,1,0.000000,0.000000,52.233711,NaN,54.738457
1,0.200000,2,1,0.000000,0.000000,54.709290,NaN,53.833061
2,0.200000,2,3,0.000000,0.000000,56.009800,NaN,54.334755
3,0.200000,3,4,0.000000,0.000000,58.674068,57.670483,56.492851
0,0.400000,0,1,0.000001,0.126330,57.768917,NaN,54.513458
1,0.400000,2,1,-0.022705,0.126330,55.589924,NaN,54.114929
2,0.400000,2,3,-0.022705,0.046375,53.939968,NaN,54.207630
3,0.400000,3,4,0.046375,0.000000,58.003849,56.187691,56.562180
0,0.600000,0,1,0.000001,0.036721,51.801277,55.425819,54.673538
1,0.600000,2,1,-0.149058,0.036721,52.669697,50.684608,54.183311
2,0.600000,2,3,-0.149058,0.083622,57.782379,55.650883,53.900494
3,0.600000,3,4,0.083622,0.000000,61.099064,56.772602,56.617538
0,0.800000,0,1,0.000001,0.082940,55.677151,55.339447,54.591267
1,0.800000,2,1,-0.109200,0.082940,53.995014,51.148491,54.195107
2,0.800000,2,3,-0.109200,-0.143084,57.310997,55.545776,54.396568
3,0.800000,3,4,-0.143084,0.000000,58.952778,56.326164,56.276123
0,1.000000,0,1,0.000002,0.105306,50.659878,54.543213,54.551231
1,1.000000,2,1,-0.098999,0.105306,50.500923,52.147575,54.217628
2,1.000000,2,3,-0.098999,-0.194960,56.520123,55.123531,54.508911
3,1.000000,3,4,-0.194960,0.000000,54.266029,56.060730,56.196465
0,1.200000,0,1,0.000002,0.048563,55.299862,55.189873,54.652519
1,1.200000,2,1,-0.171166,0.048563,51.684402,52.352837,54.246109
2,1.200000,2,3,-0.171166,-0.324220,54.467945,54.240932,54.611217
3,1.200000,3,4,-0.324220,0.000000,55.242260,56.310623,55.995399
0,1.400000,0,1,0.000002,0.104722,53.239456,54.888363,54.552280
1,1.400000,2,1,-0.197732,0.104722,53.700947,53.230881,54.397636
2,1.400000,2,3,-0.197732,-0.407957,50.890244,54.415920,54.712708
3,1.400000,3,4,-0.407957,0.000000,50.170677,55.302788,55.863132
0,1.600000,0,1,0.000003,0.076827,55.579948,54.473225,54.602188
1,1.600000,2,1,-0.280755,0.076827,59.057522,53.340706,54.497452
2,1.600000,2,3,-0.280755,-0.341971,54.434021,54.587227,54.446175
3,1.600000,3,4,-0.341971,0.000000,53.247501,54.817341,55.967495
0,1.800000,0,1,0.000003,0.064405,64.961983,55.046833,54.624336
1,1.800000,2,1,-0.167971,0.064405,55.022705,53.865582,54.269417
2,1.800000,2,3,-0.167971,-0.323187,50.537888,54.370728,54.615070
3,1.800000,3,4,-0.323187,0.000000,53.589348,56.350376,55.997025
0,2.000000,0,1,0.000004,0.148370,58.820934,55.487957,54.473724
1,2.000000,2,1,-0.148730,0.148370,51.458664,53.923141,54.387894
2,2.000000,2,3,-0.148730,-0.439136,58.259357,54.848045,54.853462
3,2.000000,3,4,-0.439136,0.000000,57.712933,55.271980,55.813469
0,2.200000,0,1,0.000004,0.141081,55.560261,56.400517,54.486885
1,2.200000,2,1,-0.137938,0.141081,60.777508,53.144619,54.354927
2,2.200000,2,3,-0.137938,-0.444628,58.800476,55.138443,54.881828
3,2.200000,3,4,-0.444628,0.000000,52.046463,56.064785,55.804695
0,2.400000,0,1,0.000004,0.125478,49.485641,56.253399,54.514999
1,2.400000,2,1,-0.221427,0.125478,56.934139,53.078175,54.478191
2,2.400000,2,3,-0.221427,-0.565035,53.108704,55.002743,54.945862
3,2.400000,3,4,-0.565035,0.000000,56.897804,55.823982,55.610584
0,2.600000,0,1,0.000005,0.083279,53.712238,57.433811,54.590668
1,2.600000,2,1,-0.285102,0.083279,62.492619,52.998547,54.516899
2,2.600000,2,3,-0.285102,-0.627329,52.328190,55.351765,54.943474
3,2.600000,3,4,-0.627329,0.000000,55.708405,54.209698,55.508781
0,2.800000,0,1,0.000005,0.169204,57.085148,57.289539,54.436035
1,2.800000,2,1,-0.273401,0.169204,53.730717,53.223911,54.649616
2,2.800000,2,3,-0.273401,-0.676773,52.359169,55.143864,55.048729
3,2.800000,3,4,-0.676773,0.000000,59.617035,54.667789,55.427292
0,3.000000,0,1,0.000005,0.163442,55.523048,56.862675,54.446472
1,3.000000,2,1,-0.175799,0.163442,58.009716,53.564365,54.464344
2,3.000000,2,3,-0.175799,-0.587802,58.122257,55.306969,55.063503
3,3.000000,3,4,-0.587802,0.000000,51.108261,55.792187,55.573486
0,3.200000,0,1,0.000006,0.102487,53.866257,56.352207,54.556290
1,3.200000,2,1,-0.167613,0.102487,49.765102,53.213581,54.338627
2,3.200000,2,3,-0.167613,-0.533303,50.786045,55.570793,54.983982
3,3.200000,3,4,-0.533303,0.000000,57.672352,55.220692,55.662079
0,3.400000,0,1,0.000006,0.085293,52.711979,56.730373,54.587067
1,3.400000,2,1,-0.149043,0.085293,53.010250,53.226105,54.273022
2,3.400000,2,3,-0.149043,-0.549561,53.835751,55.609844,55.043839
3,3.400000,3,4,-0.549561,0.000000,53.236031,55.398762,55.635727
0,3.600000,0,1,0.000006,0.174074,50.364262,56.524685,54.427204
1,3.600000,2,1,-0.163233,0.174074,54.169651,53.391716,54.460846
2,3.600000,2,3,-0.163233,-0.734587,57.855335,55.210918,55.332745
3,3.600000,3,4,-0.734587,0.000000,56.133438,55.789036,55.331223
0,3.800000,0,1,0.000007,0.084389,50.829330,56.201092,54.588684
1,3.800000,2,1,-0.103695,0.084389,54.390022,53.998940,54.187584
2,3.800000,2,3,-0.103695,-0.624605,56.441784,55.285484,55.248234
3,3.800000,3,4,-0.624605,0.000000,58.026478,55.221767,55.513252
0,4.000000,0,1,0.000007,0.139367,56.872093,55.510429,54.489983
1,4.000000,2,1,-0.200200,0.139367,57.248459,54.618656,54.464935
2,4.000000,2,3,-0.200200,-0.706310,63.968948,55.549988,55.223312
3,4.000000,3,4,-0.706310,0.000000,56.930370,57.651142,55.378315
0,4.200000,0,1,0.000007,0.143269,51.812523,54.876427,54.482941
1,4.200000,2,1,-0.338136,0.143269,49.584408,55.198372,54.718353
2,4.200000,2,3,-0.338136,-0.765349,53.812721,55.926220,55.089493
3,4.200000,3,4,-0.765349,0.000000,59.331497,55.206139,55.279758
0,4.400000,0,1,0.000008,0.038147,53.588734,55.189423,54.671021
1,4.400000,2,1,-0.280606,0.038147,55.127911,55.372307,54.427242
2,4.400000,2,3,-0.280606,-0.778918,62.683575,56.649990,55.210159
3,4.400000,3,4,-0.778918,0.000000,52.004913,54.423389,55.256981
0,4.600000,0,1,0.000008,0.003471,59.461769,54.975983,54.732353
1,4.600000,2,1,-0.279286,0.003471,53.506023,54.781982,54.361748
2,4.600000,2,3,-0.279286,-0.684655,60.791534,56.435013,55.052147
3,4.600000,3,4,-0.684655,0.000000,58.742794,54.429554,55.414242
0,4.800000,0,1,0.000008,0.016707,52.620426,54.358654,54.708984
1,4.800000,2,1,-0.196974,0.016707,54.827259,54.947685,54.234951
2,4.800000,2,3,-0.196974,-0.751941,57.718044,56.248768,55.305363
3,4.800000,3,4,-0.751941,0.000000,54.021042,55.356716,55.302219
0,5.000000,0,1,0.000009,0.072370,56.431835,53.570953,54.610153
1,5.000000,2,1,-0.277536,0.072370,50.719601,55.172848,54.483608
2,5.000000,2,3,-0.277536,-0.780435,52.892406,56.597076,55.217896
3,5.000000,3,4,-0.780435,0.000000,56.044395,55.160275,55.254429
0,5.200000,0,1,0.000009,0.008862,56.038216,53.020977,54.722843
1,5.200000,2,1,-0.185077,0.008862,58.184731,54.745243,54.198437
2,5.200000,2,3,-0.185077,-0.867509,52.815990,56.838142,55.516548
3,5.200000,3,4,-0.867509,0.000000,50.875607,55.823147,55.107075
0,5.400000,0,1,0.000010,-0.010841,56.977730,53.687950,54.757568
1,5.400000,2,1,-0.279268,-0.010841,51.189693,54.707294,54.335567
2,5.400000,2,3,-0.279268,-0.907577,54.091934,56.790043,55.427380
3,5.400000,3,4,-0.907577,0.000000,56.760719,55.359722,55.038589
0,5.600000,0,1,0.000010,-0.128382,57.665821,54.458885,54.962452
1,5.600000,2,1,-0.308943,-0.128382,50.747059,54.959461,54.173626
2,5.600000,2,3,-0.308943,-0.926619,51.849998,56.534458,55.409775
3,5.600000,3,4,-0.926619,0.000000,53.561314,53.641449,55.005890
0,5.800000,0,1,0.000010,-0.051016,49.122936,55.483597,54.828033
1,5.800000,2,1,-0.351069,-0.051016,48.075520,55.371208,54.393265
2,5.800000,2,3,-0.351069,-1.040558,56.636501,56.636677,55.528122
3,5.800000,3,4,-1.040558,0.000000,50.719475,53.387714,54.808151
0,6.000000,0,1,0.000011,-0.037759,55.885693,55.139156,54.804832
1,6.000000,2,1,-0.430621,-0.037759,53.643566,55.484978,54.560852
2,6.000000,2,3,-0.430621,-0.987471,52.078777,57.297340,55.308514
3,6.000000,3,4,-0.987471,0.000000,53.594227,55.391663,54.900730
0,6.200000,0,1,0.000011,-0.080090,54.051025,54.715809,54.878746
1,6.200000,2,1,-0.278473,-0.080090,53.917782,55.912025,54.206669
2,6.200000,2,3,-0.278473,-0.935772,52.232189,56.332806,55.475235
3,6.200000,3,4,-0.935772,0.000000,54.373363,53.602428,54.990135
0,6.400000,0,1,0.000011,-0.203289,57.508396,55.107079,55.091034
1,6.400000,2,1,-0.210792,-0.203289,50.316135,54.240723,53.847427
2,6.400000,2,3,-0.210792,-0.878911,53.748936,55.590736,55.493042
3,6.400000,3,4,-0.878911,0.000000,54.138252,53.935455,55.087631
0,6.600000,0,1,0.000012,-0.277416,54.687382,55.461113,55.216797
1,6.600000,2,1,-0.237012,-0.277416,48.712063,54.155220,53.755371
2,6.600000,2,3,-0.237012,-0.946671,57.209427,55.974060,55.561134
3,6.600000,3,4,-0.946671,0.000000,52.094852,55.027180,54.971352
0,6.800000,0,1,0.000012,-0.175429,50.026222,55.609787,55.043388
1,6.800000,2,1,-0.266517,-0.175429,57.510002,53.744202,54.006203
2,6.800000,2,3,-0.266517,-0.941647,55.349243,56.778164,55.504562
3,6.800000,3,4,-0.941647,0.000000,55.647438,54.856239,54.980019
0,7.000000,0,1,0.000012,-0.273552,58.736012,55.626053,55.210274
1,7.000000,2,1,-0.229849,-0.273552,55.669350,53.478062,53.749001
2,7.000000,2,3,-0.229849,-0.878251,58.761230,57.369457,55.460571
3,7.000000,3,4,-0.878251,0.000000,49.523792,55.862461,55.088757
0,7.200000,0,1,0.000013,-0.101190,53.277691,55.879654,54.915401
1,7.200000,2,1,-0.234010,-0.101190,50.222576,53.802948,54.084614
2,7.200000,2,3,-0.234010,-0.891507,55.254906,57.089252,55.475563
3,7.200000,3,4,-0.891507,0.000000,52.732132,56.281845,55.066109
0,7.400000,0,1,0.000013,-0.083677,55.537235,55.329926,54.884987
1,7.400000,2,1,-0.373319,-0.083677,51.813328,54.023319,54.374306
2,7.400000,2,3,-0.373319,-0.924172,55.541260,57.089321,55.298477
3,7.400000,3,4,-0.924172,0.000000,52.641388,54.693470,55.010098
0,7.600000,0,1,0.000013,-0.074290,63.385509,55.698223,54.868652
1,7.600000,2,1,-0.348576,-0.074290,51.576691,55.341431,54.346279
2,7.600000,2,3,-0.348576,-0.815490,55.250751,57.061199,55.157036
3,7.600000,3,4,-0.815490,0.000000,53.937611,56.082016,55.195347
0,7.800000,0,1,0.000014,-0.170978,60.508614,55.489483,55.035763
1,7.800000,2,1,-0.240209,-0.170978,53.545940,55.087704,53.964905
2,7.800000,2,3,-0.240209,-0.913618,52.193043,56.768307,55.501736
3,7.800000,3,4,-0.913618,0.000000,58.158443,54.321117,55.028229
0,8.000000,0,1,0.000014,-0.008757,54.344372,55.079285,54.753910
1,8.000000,2,1,-0.248853,-0.008757,55.011623,54.190231,54.283615
2,8.000000,2,3,-0.248853,-0.986850,57.800266,56.815552,55.607342
3,8.000000,3,4,-0.986850,0.000000,55.710041,53.939178,54.901810
0,8.200000,0,1,0.000015,-0.017207,53.007515,54.766136,54.768772
1,8.200000,2,1,-0.251026,-0.017207,59.134823,53.837387,54.272072
2,8.200000,2,3,-0.251026,-1.039245,58.636982,56.314957,55.688755
3,8.200000,3,4,-1.039245,0.000000,55.779133,55.194050,54.810448
0,8.400000,0,1,0.000015,-0.025956,54.423725,54.727016,54.784142
1,8.400000,2,1,-0.347188,-0.025956,55.924370,54.108150,54.431740
2,8.400000,2,3,-0.347188,-0.976086,55.780739,55.513596,55.428352
3,8.400000,3,4,-0.976086,0.000000,53.582134,55.230289,54.920483
0,8.600000,0,1,0.000015,0.055419,53.846428,54.575275,54.640354
1,8.600000,2,1,-0.420413,0.055419,53.765934,54.757645,54.708508
2,8.600000,2,3,-0.420413,-0.937292,53.842037,55.241112,55.241451
3,8.600000,3,4,-0.937292,0.000000,53.766735,55.154362,54.987518
0,8.800000,0,1,0.000016,-0.156342,56.061245,54.086079,55.010635
1,8.800000,2,1,-0.462630,-0.156342,52.264034,53.879436,54.404606
2,8.800000,2,3,-0.462630,-1.007767,52.692387,54.777496,55.288902
3,8.800000,3,4,-1.007767,0.000000,57.607079,54.793221,54.865429
0,9.000000,0,1,0.000016,-0.168317,58.475868,54.927502,55.031204
1,9.000000,2,1,-0.433431,-0.168317,54.304272,54.317455,54.329506
2,9.000000,2,3,-0.433431,-1.120141,54.503937,55.139015,55.523567
3,9.000000,3,4,-1.120141,0.000000,53.511089,54.523533,54.667866
0,9.200000,0,1,0.000016,-0.147373,56.950150,55.245605,54.995205
1,9.200000,2,1,-0.425806,-0.147373,55.333858,54.189388,54.353855
2,9.200000,2,3,-0.425806,-1.155104,56.068279,55.224743,55.593178
3,9.200000,3,4,-1.155104,0.000000,52.648418,55.581512,54.605659
0,9.400000,0,1,0.000017,-0.104145,54.045990,54.790970,54.920532
1,9.400000,2,1,-0.430592,-0.104145,57.667065,54.656414,54.441193
2,9.400000,2,3,-0.430592,-1.227545,53.618019,55.798008,55.702850
3,9.400000,3,4,-1.227545,0.000000,55.021389,54.038292,54.475624
0,9.600000,0,1,0.000017,-0.154751,53.555172,54.430500,55.007904
1,9.600000,2,1,-0.545424,-0.154751,52.324654,54.650131,54.556927
2,9.600000,2,3,-0.545424,-1.329068,50.867409,56.543842,55.681366
3,9.600000,3,4,-1.329068,0.000000,56.220833,53.935841,54.290718
0,9.800000,0,1,0.000017,-0.141813,52.222694,54.543575,54.985634
1,9.800000,2,1,-0.729691,-0.141813,52.288921,54.963474,54.904778
2,9.800000,2,3,-0.729691,-1.238847,56.686123,55.555157,55.228447
3,9.800000,3,4,-1.238847,0.000000,52.787457,53.616360,54.455193
0,10.000000,0,1,0.000018,-0.115020,55.897804,55.272705,54.939369
1,10.000000,2,1,-0.874869,-0.115020,54.511456,55.333858,55.199276
2,10.000000,2,3,-0.874869,-1.091966,52.873268,54.856693,54.724842
3,10.000000,3,4,-1.091966,0.000000,54.399544,54.024158,54.717739
0,10.200000,0,1,0.000018,-0.182772,52.994560,55.508728,55.055981
1,10.200000,2,1,-0.758465,-0.182772,58.220440,54.741486,54.883602
2,10.200000,2,3,-0.758465,-0.975069,53.717869,54.795013,54.723969
3,10.200000,3,4,-0.975069,0.000000,53.727547,55.330235,54.922249
0,10.400000,0,1,0.000018,0.035499,55.385818,55.779518,54.675735
1,10.400000,2,1,-0.694355,0.035499,53.176662,54.944252,55.148483
2,10.400000,2,3,-0.694355,-0.880253,55.736137,54.640671,54.669636
3,10.400000,3,4,-0.880253,0.000000,53.751862,53.912716,55.085339
0,10.600000,0,1,0.000019,-0.019612,54.848869,54.813820,54.773010
1,10.600000,2,1,-0.739449,-0.019612,55.721432,55.551651,55.131462
2,10.600000,2,3,-0.739449,-0.857663,56.941509,54.214558,54.548901
3,10.600000,3,4,-0.857663,0.000000,57.401985,56.478283,55.123840
0,10.800000,0,1,0.000019,-0.097424,56.598732,54.851044,54.908878
1,10.800000,2,1,-0.619752,-0.097424,57.260468,55.471386,54.790382
2,10.800000,2,3,-0.619752,-0.905925,55.049225,54.285965,54.846077
3,10.800000,3,4,-0.905925,0.000000,64.557068,54.809071,55.041420
0,11.000000,0,1,0.000019,-0.017481,53.920654,55.517162,54.769264
1,11.000000,2,1,-0.634075,-0.017481,60.580105,55.248470,54.954510
2,11.000000,2,3,-0.634075,-1.075043,52.964195,54.785229,55.112942
3,11.000000,3,4,-1.075043,0.000000,52.551674,55.134525,54.747585
0,11.200000,0,1,0.000020,0.020403,51.815987,55.442852,54.702469
1,11.200000,2,1,-0.630095,0.020403,51.337349,55.586845,55.012939
2,11.200000,2,3,-0.630095,-1.132231,58.594124,54.811996,55.216614
3,11.200000,3,4,-1.132231,0.000000,65.460823,54.192982,54.646393
0,11.400000,0,1,0.000020,0.103760,54.453674,55.126297,54.554035
1,11.400000,2,1,-0.681420,0.103760,51.683182,55.894028,55.241989
2,11.400000,2,3,-0.681420,-1.152593,50.398540,55.164394,55.164261
3,11.400000,3,4,-1.152593,0.000000,54.822983,54.278522,54.610138
0,11.600000,0,1,0.000021,0.024065,49.498215,54.190926,54.695992
1,11.600000,2,1,-0.636007,0.024065,56.390785,55.811001,55.029381
2,11.600000,2,3,-0.636007,-1.172061,54.974567,55.701569,55.273674
3,11.600000,3,4,-1.172061,0.000000,52.285397,53.787994,54.575356
0,11.800000,0,1,0.000021,0.014510,57.526169,54.377487,54.712891
1,11.800000,2,1,-0.656268,0.014510,55.205368,55.186310,55.047737
2,11.800000,2,3,-0.656268,-1.223455,57.774563,55.889183,55.325787
3,11.800000,3,4,-1.223455,0.000000,52.720257,54.823685,54.483006
0,12.000000,0,1,0.000021,-0.001942,55.653267,54.055527,54.741920
1,12.000000,2,1,-0.617437,-0.001942,56.241642,55.257130,54.952614
2,12.000000,2,3,-0.617437,-1.078054,49.720753,55.477234,55.146355
3,12.000000,3,4,-1.078054,0.000000,57.691307,54.354408,54.742279
0,12.200000,0,1,0.000022,0.027815,53.430962,53.990269,54.689354
1,12.200000,2,1,-0.749943,0.027815,54.954445,55.125729,55.229492
2,12.200000,2,3,-0.749943,-1.042928,50.583515,55.053253,54.857960
3,12.200000,3,4,-1.042928,0.000000,60.613853,54.186478,54.804001
0,12.400000,0,1,0.000022,0.011500,55.961472,54.235626,54.718208
1,12.400000,2,1,-0.669205,0.011500,61.135025,55.436710,55.064735
2,12.400000,2,3,-0.669205,-1.198997,53.341389,54.903286,55.263161
3,12.400000,3,4,-1.198997,0.000000,52.748791,54.859451,54.527054
0,12.600000,0,1,0.000022,-0.134006,50.317856,54.672455,54.972183
1,12.600000,2,1,-0.579310,-0.134006,59.216579,55.145348,54.654411
2,12.600000,2,3,-0.579310,-1.198157,55.972996,55.402863,55.411713
3,12.600000,3,4,-1.198157,0.000000,55.057442,54.001568,54.528564
0,12.800000,0,1,0.000023,-0.140194,57.698788,55.660492,54.982853
1,12.800000,2,1,-0.675319,-0.140194,57.254269,54.372631,54.812813
2,12.800000,2,3,-0.675319,-1.012985,51.119877,55.209263,54.935577
3,12.800000,3,4,-1.012985,0.000000,55.038803,53.972340,54.856335
0,13.000000,0,1,0.000023,-0.156947,57.292557,56.387257,55.011688
1,13.000000,2,1,-0.703197,-0.156947,57.622238,55.143124,54.832268
2,13.000000,2,3,-0.703197,-1.019259,47.489914,54.439224,54.898117
3,13.000000,3,4,-1.019259,0.000000,55.134464,53.762524,54.845390
0,13.200000,0,1,0.000023,-0.253340,57.637356,55.832111,55.176128
1,13.200000,2,1,-0.845973,-0.253340,50.586151,54.820965,54.913025
2,13.200000,2,3,-0.845973,-0.989643,53.883636,53.836910,54.594467
3,13.200000,3,4,-0.989643,0.000000,55.089577,55.824192,54.896957
0,13.400000,0,1,0.000024,-0.262479,55.300072,55.734947,55.191589
1,13.400000,2,1,-0.838212,-0.262479,55.621090,54.227707,54.883675
2,13.400000,2,3,-0.838212,-0.981453,56.731812,54.116459,54.593700
3,13.400000,3,4,-0.981453,0.000000,55.971146,55.821892,54.911179
0,13.600000,0,1,0.000024,-0.265213,51.881310,55.581829,55.196213
1,13.600000,2,1,-0.839442,-0.265213,59.278042,53.925007,54.881058
2,13.600000,2,3,-0.839442,-1.119192,53.509933,54.119480,54.834862
3,13.600000,3,4,-1.119192,0.000000,53.063202,54.886765,54.669552
0,13.800000,0,1,0.000024,-0.102056,53.542942,54.996651,54.916924
1,13.800000,2,1,-0.883699,-0.102056,55.852978,53.474346,55.236034
2,13.800000,2,3,-0.883699,-1.219993,52.732761,54.643036,54.933205
3,13.800000,3,4,-1.219993,0.000000,53.724083,54.561234,54.489250
0,14.000000,0,1,0.000025,-0.402056,57.626640,54.660938,55.425045
1,14.000000,2,1,-0.854408,-0.402056,52.976166,54.009495,54.666924
2,14.000000,2,3,-0.854408,-1.192543,55.879082,54.396053,54.936394
3,14.000000,3,4,-1.192543,0.000000,53.417263,53.217472,54.538647
0,14.200000,0,1,0.000025,-0.358408,51.510727,55.793190,55.352577
1,14.200000,2,1,-0.812414,-0.358408,54.288948,52.582867,54.669861
2,14.200000,2,3,-0.812414,-1.275841,51.470371,54.157684,55.151123
3,14.200000,3,4,-1.275841,0.000000,52.873119,54.936874,54.388054
0,14.400000,0,1,0.000026,-0.394198,54.886227,55.901566,55.412033
1,14.400000,2,1,-0.897572,-0.394198,57.468407,52.927750,54.757080
2,14.400000,2,3,-0.897572,-1.292723,55.274342,53.545071,55.034637
3,14.400000,3,4,-1.292723,0.000000,56.898064,56.373501,54.357277
0,14.600000,0,1,0.000026,-0.513485,51.014107,55.931114,55.607880
1,14.600000,2,1,-0.782540,-0.513485,54.141785,52.381001,54.336716
2,14.600000,2,3,-0.782540,-1.365555,54.989849,53.476242,55.352188
3,14.600000,3,4,-1.365555,0.000000,51.412628,53.637638,54.223488
0,14.800000,0,1,0.000026,-0.368537,54.147919,56.249325,55.369438
1,14.800000,2,1,-0.739513,-0.368537,51.998085,51.749855,54.521568
2,14.800000,2,3,-0.739513,-1.402979,47.526230,53.626518,55.485386
3,14.800000,3,4,-1.402979,0.000000,56.821690,53.200439,54.154099
0,15.000000,0,1,0.000027,-0.431584,56.236427,55.243599,55.473801
1,15.000000,2,1,-0.704119,-0.431584,54.195004,51.506767,54.343079
2,15.000000,2,3,-0.704119,-1.175611,55.543289,54.455067,55.164795
3,15.000000,3,4,-1.175611,0.000000,57.656013,53.324421,54.569008
0,15.200000,0,1,0.000027,-0.478255,53.249657,55.720383,55.550407
1,15.200000,2,1,-0.730320,-0.478255,56.987316,51.358097,54.305595
2,15.200000,2,3,-0.730320,-1.163540,56.425194,53.905735,55.099739
3,15.200000,3,4,-1.163540,0.000000,50.912788,53.736824,54.590595
0,15.400000,0,1,0.000027,-0.468454,59.043587,55.879959,55.534367
1,15.400000,2,1,-0.634589,-0.468454,58.641331,51.389309,54.146805
2,15.400000,2,3,-0.634589,-1.118096,55.271820,54.434875,55.185143
3,15.400000,3,4,-1.118096,0.000000,52.712467,54.580883,54.671494
0,15.600000,0,1,0.000028,-0.313358,51.458710,55.269104,55.277279
1,15.600000,2,1,-0.629548,-0.313358,53.672417,52.142025,54.422592
2,15.600000,2,3,-0.629548,-1.140131,47.533005,54.349003,55.230850
3,15.600000,3,4,-1.140131,0.000000,55.811920,55.531803,54.632339
0,15.800000,0,1,0.000028,-0.365819,59.333260,55.011501,55.364922
1,15.800000,2,1,-0.684832,-0.365819,60.357803,52.711998,54.427715
2,15.800000,2,3,-0.684832,-1.069504,59.526024,54.587372,55.016644
3,15.800000,3,4,-1.069504,0.000000,59.008881,54.562271,54.757336
0,16.000000,0,1,0.000028,-0.307634,53.099617,55.159603,55.267677
1,16.000000,2,1,-0.516277,-0.307634,55.191978,52.496326,54.225647
2,16.000000,2,3,-0.516277,-1.131542,52.272690,54.128479,55.405777
3,16.000000,3,4,-1.131542,0.000000,52.042171,52.725475,54.647621
0,16.200000,0,1,0.000029,-0.183642,48.143837,55.085785,55.057487
1,16.200000,2,1,-0.542320,-0.183642,51.841290,52.092140,54.499428
2,16.200000,2,3,-0.542320,-1.184745,54.651283,54.596966,55.450706
3,16.200000,3,4,-1.184745,0.000000,56.036713,55.513069,54.552639
0,16.400000,0,1,0.000029,-0.186486,59.848103,55.018761,55.062355
1,16.400000,2,1,-0.664826,-0.186486,55.013390,53.060543,54.712940
2,16.400000,2,3,-0.664826,-1.235260,52.638893,54.370995,55.331207
3,16.400000,3,4,-1.235260,0.000000,54.345589,55.322983,54.461678
0,16.600000,0,1,0.000029,-0.192163,48.989189,55.760979,55.072063
1,16.600000,2,1,-0.816447,-0.192163,59.503574,52.255226,54.967789
2,16.600000,2,3,-0.816447,-1.142253,55.991657,52.798630,54.915031
3,16.600000,3,4,-1.142253,0.000000,56.470150,55.451588,54.628563
0,16.800000,0,1,0.000030,-0.215700,56.697037,56.000572,55.112225
1,16.800000,2,1,-0.848423,-0.215700,51.378609,53.541786,54.982346
2,16.800000,2,3,-0.848423,-1.193867,49.367184,52.793053,54.949036
3,16.800000,3,4,-1.193867,0.000000,50.419498,54.994289,54.536270
0,17.000000,0,1,0.000030,-0.383470,55.611973,56.146809,55.394257
1,17.000000,2,1,-0.782071,-0.383470,56.017700,54.128143,54.571129
2,17.000000,2,3,-0.782071,-1.099481,55.426456,53.441322,54.900459
3,17.000000,3,4,-1.099481,0.000000,54.690384,55.311665,54.704460
0,17.200000,0,1,0.000030,-0.490508,60.669838,56.801098,55.570438
1,17.200000,2,1,-0.763155,-0.490508,52.867241,54.392109,54.343285
2,17.200000,2,3,-0.763155,-0.936396,54.404594,53.150478,54.647163
3,17.200000,3,4,-0.936396,0.000000,50.432446,55.990635,54.989063
0,17.400000,0,1,0.000031,-0.401754,56.562889,56.916904,55.424553
1,17.400000,2,1,-0.707689,-0.401754,52.208427,54.526371,54.403969
2,17.400000,2,3,-0.707689,-0.946479,55.751862,52.965492,54.763062
3,17.400000,3,4,-0.946479,0.000000,49.136139,55.079716,54.971680
0,17.600000,0,1,0.000031,-0.364382,55.004070,57.229759,55.362534
1,17.600000,2,1,-0.700862,-0.364382,56.953350,54.529434,54.459351
2,17.600000,2,3,-0.700862,-0.849458,55.412674,53.537682,54.603264
3,17.600000,3,4,-0.849458,0.000000,54.631428,54.828583,55.137787
0,17.800000,0,1,0.000032,-0.512047,53.733307,56.877079,55.605553
1,17.800000,2,1,-0.718566,-0.512047,54.557087,55.251804,54.221718
2,17.800000,2,3,-0.718566,-0.997831,52.470772,53.975094,54.834015
3,17.800000,3,4,-0.997831,0.000000,54.139225,54.691208,54.882725
0,18.000000,0,1,0.000032,-0.551138,55.122669,56.671711,55.668983
1,18.000000,2,1,-0.821904,-0.551138,56.775345,55.149158,54.339844
2,18.000000,2,3,-0.821904,-1.010058,51.031059,53.634304,54.673637
3,18.000000,3,4,-1.010058,0.000000,51.478058,53.934883,54.861435
0,18.200000,0,1,0.000032,-0.584567,50.496525,57.390549,55.722939
1,18.200000,2,1,-0.704087,-0.584567,47.955803,54.959309,54.059685
2,18.200000,2,3,-0.704087,-1.022619,53.189621,54.711945,54.902409
3,18.200000,3,4,-1.022619,0.000000,56.961781,55.473320,54.839523
0,18.400000,0,1,0.000033,-0.544341,51.785866,56.458630,55.657982
1,18.400000,2,1,-0.847445,-0.544341,53.758156,54.017902,54.398819
2,18.400000,2,3,-0.847445,-1.067880,51.531425,54.951111,54.730728
3,18.400000,3,4,-1.067880,0.000000,50.554375,54.603420,54.760193
0,18.600000,0,1,0.000033,-0.522350,56.797562,56.572624,55.622307
1,18.600000,2,1,-0.792325,-0.522350,52.065907,54.027710,54.338398
2,18.600000,2,3,-0.792325,-1.121294,52.841278,54.970608,54.920517
3,18.600000,3,4,-1.121294,0.000000,54.892319,55.419029,54.665821
0,18.800000,0,1,0.000033,-0.504659,52.441124,56.459061,55.593521
1,18.800000,2,1,-0.682078,-0.504659,54.298199,54.176609,54.167789
2,18.800000,2,3,-0.682078,-1.179740,58.687290,55.543102,55.209061
3,18.800000,3,4,-1.179740,0.000000,54.280060,53.786621,54.561607
0,19.000000,0,1,0.000034,-0.563906,54.880592,55.646450,55.689625
1,19.000000,2,1,-0.783312,-0.563906,58.437813,54.147930,54.245514
2,19.000000,2,3,-0.783312,-1.143249,50.300774,55.961113,54.974060
3,19.000000,3,4,-1.143249,0.000000,51.717598,54.825333,54.626793
0,19.200000,0,1,0.000034,-0.593912,53.595161,55.543217,55.737976
1,19.200000,2,1,-0.727649,-0.593912,58.422195,54.888054,54.086330
2,19.200000,2,3,-0.727649,-1.167657,56.248695,55.808392,55.111305
3,19.200000,3,4,-1.167657,0.000000,50.365486,56.377190,54.583237
0,19.400000,0,1,0.000034,-0.567847,55.305901,55.935692,55.695988
1,19.400000,2,1,-0.734859,-0.567847,54.310566,54.805916,54.148438
2,19.400000,2,3,-0.734859,-1.159242,56.960773,55.471291,55.084663
3,19.400000,3,4,-1.159242,0.000000,56.317253,54.170681,54.598274
0,19.600000,0,1,0.000035,-0.432415,51.490517,55.988991,55.475182
1,19.600000,2,1,-0.804674,-0.432415,59.045185,55.265545,54.523869
2,19.600000,2,3,-0.804674,-1.164004,56.530605,54.926559,54.973015
3,19.600000,3,4,-1.164004,0.000000,59.558918,54.904678,54.589767
0,19.800000,0,1,0.000035,-0.283698,53.304535,55.708885,55.227425
1,19.800000,2,1,-0.734538,-0.283698,54.153904,55.660278,54.664238
2,19.800000,2,3,-0.734538,-1.317940,55.355816,54.170521,55.352833
3,19.800000,3,4,-1.317940,0.000000,57.374828,54.908459,54.311142
0,20.000000,0,1,0.000035,-0.186368,55.561905,54.740520,55.062164
1,20.000000,2,1,-0.770304,-0.186368,48.505405,55.214291,54.897930
2,20.000000,2,3,-0.770304,-1.413335,57.640202,54.367455,55.451706
3,20.000000,3,4,-1.413335,0.000000,52.863472,54.348160,54.134819
0,20.200000,0,1,0.000036,-0.105540,53.874657,54.695934,54.922981
1,20.200000,2,1,-0.797088,-0.105540,53.943859,54.803207,55.083263
2,20.200000,2,3,-0.797088,-1.366107,53.130104,55.055943,55.328850
3,20.200000,3,4,-1.366107,0.000000,55.942646,51.626728,54.222469
0,20.400000,0,1,0.000036,-0.123350,51.827812,55.239273,54.953804
1,20.400000,2,1,-0.859526,-0.123350,52.824738,55.255207,55.159206
2,20.400000,2,3,-0.859526,-1.232310,52.811058,54.019344,54.996201
3,20.400000,3,4,-1.232310,0.000000,56.190941,53.294899,54.467010
0,20.600000,0,1,0.000037,-0.252288,58.737724,55.418663,55.174370
1,20.600000,2,1,-0.882747,-0.252288,55.867367,55.087238,54.978443
2,20.600000,2,3,-0.882747,-1.097635,49.290329,53.385105,54.720940
3,20.600000,3,4,-1.097635,0.000000,50.142010,55.692657,54.707726
0,20.800000,0,1,0.000037,-0.055213,52.815945,55.525642,54.835411
1,20.800000,2,1,-0.935821,-0.055213,54.159565,55.637535,55.401405
2,20.800000,2,3,-0.935821,-1.223716,54.930599,52.754398,54.849083
3,20.800000,3,4,-1.223716,0.000000,53.211666,55.489807,54.482536
0,21.000000,0,1,0.000037,-0.081617,51.515785,55.224548,54.881447
1,21.000000,2,1,-0.895965,-0.081617,57.640976,56.412289,55.290962
2,21.000000,2,3,-0.895965,-1.223456,55.354618,52.944439,54.917953
3,21.000000,3,4,-1.223456,0.000000,50.794857,54.108265,54.483002
0,21.200000,0,1,0.000038,-0.167449,57.573387,55.469498,55.029747
1,21.200000,2,1,-0.952672,-0.167449,60.014671,55.643177,55.242058
2,21.200000,2,3,-0.952672,-1.235045,52.269382,53.105335,54.839443
3,21.200000,3,4,-1.235045,0.000000,53.838894,56.032215,54.462067
0,21.400000,0,1,0.000038,-0.181204,53.547070,55.885509,55.053329
1,21.400000,2,1,-0.932871,-0.181204,53.440792,56.088791,55.185440
2,21.400000,2,3,-0.932871,-1.054048,57.848549,53.574039,54.554214
3,21.400000,3,4,-1.054048,0.000000,59.652920,56.026218,54.784500
0,21.600000,0,1,0.000038,-0.170732,57.889645,55.910347,55.035385
1,21.600000,2,1,-0.917326,-0.170732,56.008400,55.333092,55.176857
2,21.600000,2,3,-0.917326,-1.190927,55.823639,52.785236,54.824112
3,21.600000,3,4,-1.190927,0.000000,51.503742,56.011448,54.541550
0,21.800000,0,1,0.000039,-0.139210,53.713528,55.434490,54.981182
1,21.800000,2,1,-0.790185,-0.139210,53.737206,55.175190,55.013760
2,21.800000,2,3,-0.790185,-1.150181,53.539509,54.501896,54.974167
3,21.800000,3,4,-1.150181,0.000000,54.960613,54.612076,54.614441
0,22.000000,0,1,0.000039,-0.000732,58.237255,55.312069,54.739819
1,22.000000,2,1,-0.807620,-0.000732,50.656452,55.788498,55.278458
2,22.000000,2,3,-0.807620,-1.205210,59.177723,54.915379,55.038818
3,22.000000,3,4,-1.205210,0.000000,59.470406,55.966881,54.515881
0,22.200000,0,1,0.000039,0.204603,55.346928,54.522411,54.371742
1,22.200000,2,1,-0.695333,0.204603,53.923149,56.004021,55.433403
2,22.200000,2,3,-0.695333,-1.174837,57.508663,55.091721,55.178368
3,22.200000,3,4,-1.174837,0.000000,55.452534,54.401253,54.570389
0,22.400000,0,1,0.000040,0.194653,51.487331,53.986298,54.389870
1,22.400000,2,1,-0.676624,0.194653,57.698647,55.954533,55.385918
2,22.400000,2,3,-0.676624,-1.071260,58.192867,54.514935,55.033752
3,22.400000,3,4,-1.071260,0.000000,54.951698,54.869049,54.754246
0,22.600000,0,1,0.000040,0.309288,54.401142,53.781456,54.179176
1,22.600000,2,1,-0.762987,0.309288,57.485069,55.798389,55.714684
2,22.600000,2,3,-0.762987,-1.163370,56.233116,54.080517,55.043606
3,22.600000,3,4,-1.163370,0.000000,51.881027,54.305176,54.590897
0,22.800000,0,1,0.000040,0.247791,53.977955,53.357906,54.292717
1,22.800000,2,1,-0.852654,0.247791,54.696140,56.367424,55.759975
2,22.800000,2,3,-0.852654,-1.109731,56.747902,53.301811,54.795174
3,22.800000,3,4,-1.109731,0.000000,53.207172,56.186443,54.686317
0,23.000000,0,1,0.000041,0.223187,56.552654,53.236698,54.337807
1,23.000000,2,1,-0.947971,0.223187,59.005604,56.067989,55.872841
2,23.000000,2,3,-0.947971,-1.144864,49.077374,53.835506,54.689125
3,23.000000,3,4,-1.144864,0.000000,50.565128,55.027184,54.623917
0,23.200000,0,1,0.000041,0.166755,56.962315,53.184525,54.440536
1,23.200000,2,1,-0.868043,0.166755,50.236137,56.089645,55.654133
2,23.200000,2,3,-0.868043,-1.165508,53.453590,53.889046,54.865768
3,23.200000,3,4,-1.165508,0.000000,51.650558,56.268143,54.587078
0,23.400000,0,1,0.000041,0.143805,56.413597,53.704628,54.482040
1,23.400000,2,1,-0.884354,0.143805,51.545998,55.910446,55.643372
2,23.400000,2,3,-0.884354,-1.165386,55.497501,54.368530,54.837101
3,23.400000,3,4,-1.165386,0.000000,51.172050,54.069019,54.587296
0,23.600000,0,1,0.000042,0.309393,51.480244,54.253578,54.178986
1,23.600000,2,1,-0.844710,0.309393,52.131248,56.133053,55.845726
2,23.600000,2,3,-0.844710,-1.191328,57.764263,54.470406,54.951065
3,23.600000,3,4,-1.191328,0.000000,57.193520,54.685421,54.540829
0,23.800000,0,1,0.000042,0.135085,59.405231,54.025597,54.497765
1,23.800000,2,1,-0.846982,0.135085,56.336689,56.256618,55.568363
2,23.800000,2,3,-0.846982,-1.191751,57.023361,55.144520,54.947868
3,23.800000,3,4,-1.191751,0.000000,50.661583,54.865746,54.540070
0,24.000000,0,1,0.000043,-0.094058,57.072571,55.339390,54.903076
1,24.000000,2,1,-0.853751,-0.094058,51.196609,56.178432,55.199013
2,24.000000,2,3,-0.853751,-1.220445,55.804180,55.651508,54.985710
3,24.000000,3,4,-1.220445,0.000000,60.161385,54.495407,54.488434
0,24.200000,0,1,0.000043,-0.096265,49.478481,55.481552,54.906910
1,24.200000,2,1,-0.964836,-0.096265,57.152241,55.693710,55.381424
2,24.200000,2,3,-0.964836,-1.196827,55.604351,55.061855,54.751099
3,24.200000,3,4,-1.196827,0.000000,50.639259,54.573048,54.530952
0,24.400000,0,1,0.000043,-0.084905,55.670982,55.660961,54.887177
1,24.400000,2,1,-0.946008,-0.084905,51.597012,55.792633,55.369011
2,24.400000,2,3,-0.946008,-1.238646,57.045826,55.043320,54.857353
3,24.400000,3,4,-1.238646,0.000000,52.772625,54.577148,54.455559
0,24.600000,0,1,0.000044,-0.097169,53.704384,55.694897,54.908478
1,24.600000,2,1,-0.965082,-0.097169,55.377831,56.106369,55.380329
2,24.600000,2,3,-0.965082,-1.286088,56.676590,55.268978,54.906700
3,24.600000,3,4,-1.286088,0.000000,52.136898,54.595993,54.369385
0,24.800000,0,1,0.000044,-0.058361,52.477631,56.202496,54.840927
1,24.800000,2,1,-0.974636,-0.058361,60.192200,55.875233,55.460388
2,24.800000,2,3,-0.974636,-1.321743,51.740322,55.110634,54.951912
3,24.800000,3,4,-1.321743,0.000000,51.848553,54.719097,54.304169
0,25.000000,0,1,0.000044,-0.085613,54.138653,55.983692,54.888409
1,25.000000,2,1,-1.000270,-0.085613,53.773102,55.541393,55.457718
2,25.000000,2,3,-1.000270,-1.405596,54.518307,54.932129,55.052071
3,25.000000,3,4,-1.405596,0.000000,49.528664,55.249249,54.149231
0,25.200000,0,1,0.000045,-0.295803,56.563316,55.919781,55.247818
1,25.200000,2,1,-1.036681,-0.295803,54.349686,55.826786,55.167175
2,25.200000,2,3,-1.036681,-1.362668,54.449341,55.396507,54.915344
3,25.200000,3,4,-1.362668,0.000000,56.924820,53.353374,54.228825
0,25.400000,0,1,0.000045,-0.330796,54.929974,55.531601,55.306519
1,25.400000,2,1,-