2,0.200000,2,3,0.000000,0.000000,49.664474,NaN,49.515392
1,0.200000,2,1,0.000000,0.000000,28.769966,NaN,35.000000
3,0.200000,3,4,0.000000,0.000000,41.221790,33.273956,35.000000
0,0.200000,1,0,0.000000,0.000000,65.313744,NaN,67.424538
2,0.400000,2,3,-0.267617,0.165470,54.830372,NaN,48.204273
1,0.400000,2,1,-0.267617,0.300001,42.320850,NaN,35.926243
3,0.400000,3,4,0.165470,0.000000,34.953903,35.020184,35.252525
0,0.400000,1,0,0.300001,0.000001,68.863647,NaN,67.258896
2,0.600000,2,3,-0.368248,0.296369,48.702599,48.139805,47.432468
1,0.600000,2,1,-0.368248,0.600001,35.456722,37.133564,39.327374
3,0.600000,3,4,0.296369,0.000000,37.480125,36.182457,36.557903
0,0.600000,1,0,0.600001,0.000001,64.656647,69.358559,67.090683
2,0.800000,2,3,-0.492938,0.341847,44.695007,48.821758,46.828053
1,0.800000,2,1,-0.492938,0.900001,39.504688,40.041206,42.050690
3,0.800000,3,4,0.341847,0.000000,33.252953,35.876575,36.977085
0,0.800000,1,0,0.900001,0.000001,69.833374,68.336327,66.919830
2,1.000000,2,3,-0.527149,0.502945,43.798347,46.962574,46.090153
1,1.000000,2,1,-0.527149,1.200002,46.672642,42.177998,43.797745
3,1.000000,3,4,0.502945,0.000000,37.342659,39.525188,38.344105
0,1.000000,1,0,1.200002,0.000002,67.216995,67.198555,66.746246
2,1.200000,2,3,-0.513632,0.565183,43.340115,46.306198,45.897991
1,1.200000,2,1,-0.513632,1.500002,42.639313,44.397430,45.099754
3,1.200000,3,4,0.565183,0.000000,41.459560,38.822212,38.829384
0,1.200000,1,0,1.500002,0.000002,68.074814,67.940323,66.569832
2,1.400000,2,3,-0.427468,0.698339,42.325443,45.687275,45.709366
1,1.400000,2,1,-0.427468,1.800002,47.425983,46.564968,45.979008
3,1.400000,3,4,0.698339,0.000000,37.579929,39.575485,39.800129
0,1.400000,1,0,1.800002,0.000002,65.839508,67.046402,66.390511
2,1.600000,2,3,-0.496558,0.748777,46.156082,45.615891,45.214275
1,1.600000,2,1,-0.496558,2.100003,47.183548,46.666660,47.346897
3,1.600000,3,4,0.748777,0.000000,40.556431,40.858910,40.146324
0,1.600000,1,0,2.100003,0.000003,63.744286,66.701218,66.208176
2,1.800000,2,3,-0.523119,0.838282,46.842384,44.508511,44.710907
1,1.800000,2,1,-0.523119,2.400003,51.011417,48.433380,48.428345
3,1.800000,3,4,0.838282,0.000000,38.389919,40.893867,40.734756
0,1.800000,1,0,2.400003,0.000003,62.748650,66.179581,66.022728
2,2.000000,2,3,-0.547605,0.979010,41.925613,43.784729,43.951576
1,2.000000,2,1,-0.547605,2.700003,46.968254,49.410099,49.405785
3,2.000000,3,4,0.979010,0.000000,38.507164,39.575497,41.599972
0,2.000000,1,0,2.700003,0.000004,67.400223,64.540176,65.834061
2,2.200000,2,3,-0.435344,0.965393,42.971310,43.086597,44.534874
1,2.200000,2,1,-0.435344,3.000004,49.483822,49.293030,49.933563
3,2.200000,3,4,0.965393,0.000000,42.157944,41.580162,41.519199
0,2.200000,1,0,3.000004,0.000004,65.914162,64.288055,65.642052
2,2.400000,2,3,-0.440921,1.043737,42.227772,43.201008,44.149498
1,2.400000,2,1,-0.440921,3.245920,48.589813,50.130383,50.602612
3,2.400000,3,4,1.043737,0.000000,45.403225,42.997852,41.975910
0,2.400000,1,0,3.245920,0.000004,69.080177,64.166512,65.482086
2,2.600000,2,3,-0.291754,0.944466,46.550461,43.939980,45.252838
1,2.600000,2,1,-0.291754,3.542498,47.838551,51.040333,50.976421
3,2.600000,3,4,0.944466,0.000000,37.748203,41.987804,41.393883
0,2.600000,1,0,3.542498,0.000005,65.336151,64.272133,65.285980
2,2.800000,2,3,-0.169591,1.122565,44.256023,44.432262,45.014015
1,2.800000,2,1,-0.169591,3.842498,53.172604,50.539715,51.410904
3,2.800000,3,4,1.122565,0.000000,46.485817,43.007011,42.416847
0,2.800000,1,0,3.842498,0.000005,64.502213,63.687889,65.083939
2,3.000000,2,3,0.038953,1.132045,42.580978,44.649624,45.841026
1,3.000000,2,1,0.038953,4.132525,52.954208,51.113514,51.604313
3,3.000000,3,4,1.132045,0.000000,44.332237,42.555637,42.468689
0,3.000000,1,0,4.132525,0.000005,64.471992,63.397614,64.884972
2,3.200000,2,3,0.107938,1.195068,45.514469,45.932743,45.864853
1,3.200000,2,1,0.107938,4.432525,51.118927,50.867290,52.134640
3,3.200000,3,4,1.195068,0.000000,44.163422,42.849327,42.807186
0,3.200000,1,0,4.432525,0.000006,66.592827,63.737965,64.675255
2,3.400000,2,3,0.309730,1.217311,49.661079,45.764557,46.558853
1,3.400000,2,1,0.309730,4.732525,47.794846,51.041420,52.352470
3,3.400000,3,4,1.217311,0.000000,44.654217,43.060139,42.924179
0,3.400000,1,0,4.732525,0.000006,65.363289,62.887871,64.461411
2,3.600000,2,3,0.302182,1.395301,44.200607,46.538906,45.840919
1,3.600000,2,1,0.302182,4.992812,57.973354,50.960205,52.925251
3,3.600000,3,4,1.395301,0.000000,42.426655,44.667427,43.817577
0,3.600000,1,0,4.992812,0.000006,63.519241,62.766022,64.272392
2,3.800000,2,3,0.476546,1.474972,44.454689,46.195461,46.213257
1,3.800000,2,1,0.476546,5.292812,55.695358,51.804787,53.183861
3,3.800000,3,4,1.474972,0.000000,40.650486,45.984234,44.194851
0,3.800000,1,0,5.292812,0.000007,66.782242,62.804142,64.050377
2,4.000000,2,3,0.534122,1.524717,48.869904,46.043842,46.243484
1,4.000000,2,1,0.534122,5.592813,53.720749,52.146797,53.666107
3,4.000000,3,4,1.524717,0.000000,45.937836,43.667530,44.423935
0,4.000000,1,0,5.592813,0.000007,60.058315,62.324966,63.823730
2,4.200000,2,3,0.726844,1.614083,40.387573,46.737419,46.634750
1,4.200000,2,1,0.726844,5.892813,54.443321,52.637383,53.872856
3,4.200000,3,4,1.614083,0.000000,47.625809,43.684902,44.823723
0,4.200000,1,0,5.892813,0.000007,61.303841,61.603249,63.592247
2,4.400000,2,3,0.837328,1.677715,42.472172,46.704147,46.807575
1,4.400000,2,1,0.837328,5.990993,58.333782,52.638500,53.849342
3,4.400000,3,4,1.677715,0.000000,45.455391,44.442711,45.099670
0,4.400000,1,0,5.990993,0.000008,56.412357,61.388630,63.515404
2,4.600000,2,3,0.877826,1.751101,45.272938,46.596653,46.686546
1,4.600000,2,1,0.877826,6.208940,54.009995,52.350998,54.183632
3,4.600000,3,4,1.751101,0.000000,45.180389,45.538361,45.409454
0,4.600000,1,0,6.208940,0.000008,65.823769,61.408108,63.342857
2,4.800000,2,3,0.981958,1.761646,45.006687,47.006424,47.027462
1,4.800000,2,1,0.981958,6.501771,58.953457,52.867081,54.528172
3,4.800000,3,4,1.761646,0.000000,45.434307,46.807140,45.453251
0,4.800000,1,0,6.501771,0.000008,65.359238,61.365734,63.106625
2,5.000000,2,3,1.135206,1.756628,50.505760,47.224632,47.580688
1,5.000000,2,1,1.135206,6.700768,56.140793,53.276405,54.610081
3,5.000000,3,4,1.756628,0.000000,46.401642,44.328697,45.432434
0,5.000000,1,0,6.700768,0.000009,66.417358,60.805134,62.943108
2,5.200000,2,3,1.331999,1.825393,52.154301,47.887402,48.008465
1,5.200000,2,1,1.331999,6.886298,55.511574,53.599133,54.589973
3,5.200000,3,4,1.825393,0.000000,48.042343,46.185734,45.714314
0,5.200000,1,0,6.886298,0.000009,62.791664,60.498554,62.788399
2,5.400000,2,3,1.427113,1.876063,49.926933,48.480221,48.153107
1,5.400000,2,1,1.427113,7.076509,52.993645,53.830563,54.758598
3,5.400000,3,4,1.876063,0.000000,53.063133,46.528404,45.917439
0,5.400000,1,0,7.076509,0.000010,66.311111,60.733799,62.627472
2,5.600000,2,3,1.624226,2.067084,50.741444,48.163509,48.172787
1,5.600000,2,1,1.624226,7.249085,53.428398,54.156982,54.715340
3,5.600000,3,4,2.067084,0.000000,46.590797,45.138813,46.650757
0,5.600000,1,0,7.249085,0.000010,65.248337,60.469711,62.479370
2,5.800000,2,3,1.772942,2.035401,43.313229,48.456104,48.739883
1,5.800000,2,1,1.772942,7.318525,54.368279,53.938999,54.574387
3,5.800000,3,4,2.035401,0.000000,49.373150,48.546272,46.532497
0,5.800000,1,0,7.318525,0.000010,67.940895,60.036781,62.419201
2,6.000000,2,3,1.901664,2.021300,53.962006,48.168007,49.168743
1,6.000000,2,1,1.901664,7.554187,54.640915,54.470192,54.764099
3,6.000000,3,4,2.021300,0.000000,40.951012,46.540722,46.479454
0,6.000000,1,0,7.554187,0.000011,58.468136,60.987965,62.212486
2,6.200000,2,3,1.961079,2.031807,52.018757,48.861984,49.311798
1,6.200000,2,1,1.961079,7.689003,55.110210,54.088615,54.895893
3,6.200000,3,4,2.031807,0.000000,47.641777,48.762020,46.519005
0,6.200000,1,0,7.689003,0.000011,67.661224,61.215919,62.092434
2,6.400000,2,3,2.057333,2.120949,44.634834,48.879787,49.332443
1,6.400000,2,1,2.057333,7.842525,48.696785,55.249893,54.994934
3,6.400000,3,4,2.120949,0.000000,45.510536,46.216309,46.848896
0,6.400000,1,0,7.842525,0.000011,61.035828,60.788437,61.954090
2,6.600000,2,3,2.232576,2.205742,48.283459,48.754505,49.591648
1,6.600000,2,1,2.232576,7.881933,58.720638,55.131298,54.758530
3,6.600000,3,4,2.205742,0.000000,44.609097,47.643391,47.153656
0,6.600000,1,0,7.881933,0.000012,64.601997,60.554569,61.918293
2,6.800000,2,3,2.304140,2.109910,54.929462,48.658360,50.055618
1,6.800000,2,1,2.304140,8.181933,52.450199,55.812408,55.153198
3,6.800000,3,4,2.109910,0.000000,50.055519,46.835701,46.808578
0,6.800000,1,0,8.181933,0.000012,59.734951,60.300785,61.641830
2,7.000000,2,3,2.468271,2.073066,52.882645,49.288612,50.587673
1,7.000000,2,1,2.468271,8.456874,56.302624,55.704403,55.339592
3,7.000000,3,4,2.073066,0.000000,47.010582,47.083908,46.672943
0,7.000000,1,0,8.456874,0.000012,62.732563,59.252117,61.382133
2,7.200000,2,3,2.622689,2.076388,53.236023,50.038044,50.971184
1,7.200000,2,1,2.622689,8.663235,59.416397,55.307171,55.425877
3,7.200000,3,4,2.076388,0.000000,52.881039,47.847775,46.685238
0,7.200000,1,0,8.663235,0.000013,61.643005,59.127911,61.183044
2,7.400000,2,3,2.829614,2.254288,52.895149,50.244167,51.043327
1,7.400000,2,1,2.829614,8.767650,49.191795,54.941765,55.254929
3,7.400000,3,4,2.254288,0.000000,48.497143,46.720589,47.324364
0,7.400000,1,0,8.767650,0.000013,62.518032,59.147926,61.080902
2,7.600000,2,3,2.930294,2.380673,49.434841,49.845463,50.979462
1,7.600000,2,1,2.930294,8.891541,51.997040,54.812099,55.293873
3,7.600000,3,4,2.380673,0.000000,51.050232,49.037151,47.756596
0,7.600000,1,0,8.891541,0.000013,64.543205,59.796299,60.958450
2,7.800000,2,3,3.076681,2.509643,51.374897,49.383595,51.022778
1,7.800000,2,1,3.076681,9.046876,62.326153,54.941380,55.308846
3,7.800000,3,4,2.509643,0.000000,49.656586,48.654408,48.180622
0,7.800000,1,0,9.046876,0.000014,60.210384,58.816597,60.802940
2,8.000000,2,3,3.087300,2.616692,55.949730,48.780956,50.780754
1,8.000000,2,1,3.087300,9.179000,57.527748,54.486343,55.510189
3,8.000000,3,4,2.616692,0.000000,53.051609,49.110657,48.520420
0,8.000000,1,0,9.179000,0.000014,61.638123,59.398701,60.668892
2,8.200000,2,3,3.082926,2.620905,49.334145,48.687851,50.758938
1,8.200000,2,1,3.082926,9.428518,54.469025,55.436790,55.919224
3,8.200000,3,4,2.620905,0.000000,44.883278,48.412411,48.533581
0,8.200000,1,0,9.428518,0.000015,60.675049,59.454346,60.411129
2,8.400000,2,3,3.127452,2.633151,52.687019,49.104118,50.840721
1,8.400000,2,1,3.127452,9.545197,59.522552,55.994915,56.032707
3,8.400000,3,4,2.633151,0.000000,55.922150,47.631798,48.571739
0,8.400000,1,0,9.545197,0.000015,60.223774,59.894581,60.288464
2,8.600000,2,3,3.141236,2.700357,47.462612,49.057369,50.705040
1,8.600000,2,1,3.141236,9.460903,58.352322,55.960064,55.878155
3,8.600000,3,4,2.700357,0.000000,48.666897,47.613518,48.778786
0,8.600000,1,0,9.460903,0.000015,58.083942,59.732327,60.377220
2,8.800000,2,3,3.328762,2.683165,52.679672,50.130466,51.216034
1,8.800000,2,1,3.328762,9.751663,53.944489,55.267250,56.040771
3,8.800000,3,4,2.683165,0.000000,49.279449,48.263840,48.726196
0,8.800000,1,0,9.751663,0.000016,57.621887,60.253071,60.067951
2,9.000000,2,3,3.397417,2.663342,55.637936,50.985119,51.429653
1,9.000000,2,1,3.397417,9.766859,55.683479,54.890083,55.956867
3,9.000000,3,4,2.663342,0.000000,47.877571,49.053078,48.665237
0,9.000000,1,0,9.766859,0.000016,58.329823,59.028660,60.051544
2,9.200000,2,3,3.626090,2.733781,52.496124,50.999424,51.801514
1,9.200000,2,1,3.626090,9.865763,53.794090,54.903805,55.750450
3,9.200000,3,4,2.733781,0.000000,53.153667,50.103176,48.880302
0,9.200000,1,0,9.865763,0.000016,59.300339,59.409042,59.944138
2,9.400000,2,3,3.746868,2.761083,54.908203,52.283070,52.015350
1,9.400000,2,1,3.746868,9.970787,55.630146,54.790829,55.725121
3,9.400000,3,4,2.761083,0.000000,51.383827,49.044121,48.962532
0,9.400000,1,0,9.970787,0.000017,60.134033,59.585186,59.828911
2,9.600000,2,3,3.764737,2.778346,55.453423,52.766827,52.016724
1,9.600000,2,1,3.764737,10.102895,55.455318,55.113121,55.907463
3,9.600000,3,4,2.778346,0.000000,48.102879,49.212807,49.014206
0,9.600000,1,0,10.102895,0.000017,64.473213,59.162201,59.682213
2,9.800000,2,3,3.780028,2.981866,50.714737,52.397221,51.581802
1,9.800000,2,1,3.780028,10.179001,56.889030,55.573547,56.003296
3,9.800000,3,4,2.981866,0.000000,45.471916,50.155506,49.605556
0,9.800000,1,0,10.179001,0.000017,58.510174,58.301788,59.596794
2,10.000000,2,3,3.863719,3.051666,53.058521,51.748318,51.614498
1,10.000000,2,1,3.863719,10.319075,54.251469,55.668278,56.091396
3,10.000000,3,4,3.051666,0.000000,51.606556,49.945423,49.801170
0,10.000000,1,0,10.319075,0.000018,61.541477,58.928879,59.437798
2,10.200000,2,3,3.931008,3.022000,53.477947,51.626682,51.840023
1,10.200000,2,1,3.931008,10.615979,52.825062,56.034985,56.442974
3,10.200000,3,4,3.022000,0.000000,54.450336,49.398750,49.718460
0,10.200000,1,0,10.615979,0.000018,55.959019,58.377792,59.092888
2,10.400000,2,3,3.993945,3.009550,50.714230,52.079311,52.012199
1,10.400000,2,1,3.993945,10.753858,57.894169,56.668594,56.555298
3,10.400000,3,4,3.009550,0.000000,46.700298,49.067657,49.683563
0,10.400000,1,0,10.753858,0.000018,59.651455,57.144066,58.928909
2,10.600000,2,3,4.119417,3.081461,50.712490,52.696777,52.132889
1,10.600000,2,1,4.119417,10.782325,55.216530,56.719337,56.409679
3,10.600000,3,4,3.081461,0.000000,46.757950,49.263599,49.883610
0,10.600000,1,0,10.782325,0.000019,61.981937,56.846767,58.894745
2,10.800000,2,3,4.261020,3.239785,57.707047,52.945656,52.095356
1,10.800000,2,1,4.261020,10.861448,55.903469,57.050663,56.314842
3,10.800000,3,4,3.239785,0.000000,53.819180,51.222191,50.311478
0,10.800000,1,0,10.861448,0.000019,55.769859,56.663849,58.799213
2,11.000000,2,3,4.352357,3.181861,52.292099,52.871288,52.425900
1,11.000000,2,1,4.352357,10.862733,57.449280,56.511658,56.176682
3,11.000000,3,4,3.181861,0.000000,53.373005,48.940197,50.156887
0,11.000000,1,0,10.862733,0.000019,56.837856,56.849957,58.797657
2,11.200000,2,3,4.211949,3.117270,52.373981,52.503307,52.259258
1,11.200000,2,1,4.211949,10.857306,57.447510,55.058163,56.383125
3,11.200000,3,4,3.117270,0.000000,48.566204,49.573532,49.981873
0,11.200000,1,0,10.857306,0.000020,58.882072,56.996296,58.804237
2,11.400000,2,3,4.309560,3.061924,52.191666,52.775734,52.592865
1,11.400000,2,1,4.309560,10.821560,58.358162,56.176876,56.179192
3,11.400000,3,4,3.061924,0.000000,50.254650,49.038834,49.829624
0,11.400000,1,0,10.821560,0.000020,58.641220,57.412640,58.847481
2,11.600000,2,3,4.312710,3.182163,53.526096,52.505928,52.338413
1,11.600000,2,1,4.312710,10.781572,57.040417,55.794025,56.112396
3,11.600000,3,4,3.182163,0.000000,48.563534,48.782703,50.157700
0,11.600000,1,0,10.781572,0.000021,58.153286,57.935032,58.895653
2,11.800000,2,3,4.404392,3.243352,47.493073,52.213985,52.405254
1,11.800000,2,1,4.404392,10.957554,65.499199,55.993656,56.242546
3,11.800000,3,4,3.243352,0.000000,56.478695,50.771164,50.320927
0,11.800000,1,0,10.957554,0.000021,58.226463,58.522617,58.682037
2,12.000000,2,3,4.550323,3.216170,52.202927,52.189514,52.777119
1,12.000000,2,1,4.550323,10.944417,55.287376,55.593174,55.995640
3,12.000000,3,4,3.216170,0.000000,53.256092,50.434780,50.248718
0,12.000000,1,0,10.944417,0.000021,57.269753,57.877457,58.698128
2,12.200000,2,3,4.661366,3.202186,54.011848,52.708206,53.037987
1,12.200000,2,1,4.661366,11.152226,57.371563,55.930378,56.146507
3,12.200000,3,4,3.202186,0.000000,53.086002,49.289974,50.211384
0,12.200000,1,0,11.152226,0.000022,61.867882,58.387268,58.440735
2,12.400000,2,3,4.864664,3.230758,47.082623,53.668736,53.392357
1,12.400000,2,1,4.864664,11.336267,55.405640,56.829945,56.116653
3,12.400000,3,4,3.230758,0.000000,47.603336,50.908119,50.287529
0,12.400000,1,0,11.336267,0.000022,61.992126,57.719048,58.207569
2,12.600000,2,3,5.099104,3.351470,46.601505,54.238583,53.616951
1,12.600000,2,1,5.099104,11.327416,59.996426,56.133736,55.732193
3,12.600000,3,4,3.351470,0.000000,46.898514,49.330330,50.603470
0,12.600000,1,0,11.327416,0.000022,57.324432,57.774384,58.218899
2,12.800000,2,3,5.155816,3.605807,51.042236,54.908760,53.223640
1,12.800000,2,1,5.155816,11.479151,59.194111,55.395794,55.883976
3,12.800000,3,4,3.605807,0.000000,51.755993,51.773075,51.240509
0,12.800000,1,0,11.479151,0.000023,60.012009,58.062561,58.023033
2,13.000000,2,3,5.286074,3.719363,51.969501,54.581257,53.257439
1,13.000000,2,1,5.286074,11.437951,55.080315,55.576969,55.608540
3,13.000000,3,4,3.719363,0.000000,57.133244,52.174725,51.513294
0,13.000000,1,0,11.437951,0.000023,53.848297,58.417065,58.076565
2,13.200000,2,3,5.312126,3.877874,52.542267,54.613274,52.986473
1,13.200000,2,1,5.312126,11.275634,50.227238,55.938663,55.297661
3,13.200000,3,4,3.877874,0.000000,48.597622,51.424904,51.882961
0,13.200000,1,0,11.275634,0.000023,55.720993,58.445557,58.284943
2,13.400000,2,3,5.257231,3.824612,51.421261,54.103088,52.983086
1,13.400000,2,1,5.257231,11.376461,54.912296,55.954903,55.555294
3,13.400000,3,4,3.824612,0.000000,49.690140,51.248486,51.760147
0,13.400000,1,0,11.376461,0.000024,55.528549,58.948170,58.155975
2,13.600000,2,3,5.150975,3.747713,47.260712,53.461624,52.922089
1,13.600000,2,1,5.150975,11.554984,52.740562,55.668488,56.011196
3,13.600000,3,4,3.747713,0.000000,46.932701,51.828262,51.580338
0,13.600000,1,0,11.554984,0.000024,56.827156,59.197102,57.923801
2,13.800000,2,3,5.158853,3.881648,50.645664,53.652588,52.656189
1,13.800000,2,1,5.158853,11.549084,52.677471,55.516548,55.989571
3,13.800000,3,4,3.881648,0.000000,49.877579,51.443043,51.891609
0,13.800000,1,0,11.549084,0.000024,62.234821,59.086113,57.931557
2,14.000000,2,3,5.212253,3.837807,51.832523,53.587063,52.861877
1,14.000000,2,1,5.212253,11.776046,58.971436,55.639446,56.258850
3,14.000000,3,4,3.837807,0.000000,55.574848,50.394913,51.790703
0,14.000000,1,0,11.776046,0.000025,59.717419,58.983604,57.629250
2,14.200000,2,3,5.199943,3.836331,57.573811,53.148354,52.839149
1,14.200000,2,1,5.199943,11.797206,51.018944,56.434319,56.310020
3,14.200000,3,4,3.836331,0.000000,53.687683,52.627121,51.787289
0,14.200000,1,0,11.797206,0.000025,61.144234,58.087017,57.600632
2,14.400000,2,3,5.444351,3.789187,49.565960,53.603672,53.434689
1,14.400000,2,1,5.444351,11.666453,59.520447,56.382301,55.722198
3,14.400000,3,4,3.789187,0.000000,46.586281,52.288525,51.677685
0,14.400000,1,0,11.666453,0.000026,53.499260,57.593231,57.776276
2,14.600000,2,3,5.519515,3.721726,55.257542,54.372974,53.714539
1,14.600000,2,1,5.519515,11.605989,54.897404,55.960598,55.501606
3,14.600000,3,4,3.721726,0.000000,48.528625,49.742146,51.518898
0,14.600000,1,0,11.605989,0.000026,62.443813,57.981537,57.856548
2,14.800000,2,3,5.694190,3.905654,50.787964,54.417767,53.696602
1,14.800000,2,1,5.694190,11.660307,53.565620,56.296284,55.302025
3,14.800000,3,4,3.905654,0.000000,51.606934,52.361004,51.946472
0,14.800000,1,0,11.660307,0.000026,53.164787,58.101490,57.784466
2,15.000000,2,3,5.742756,3.994035,51.525276,54.091953,53.619072
1,15.000000,2,1,5.742756,11.606447,57.648579,55.705627,55.129242
3,15.000000,3,4,3.994035,0.000000,56.434509,52.900684,52.146088
0,15.000000,1,0,11.606447,0.000027,53.455921,58.322956,57.855942
2,15.200000,2,3,5.736686,4.026910,53.615059,54.098099,53.542698
1,15.200000,2,1,5.736686,11.683176,61.676186,55.198349,55.269127
3,15.200000,3,4,4.026910,0.000000,47.731846,51.327049,52.219418
0,15.200000,1,0,11.683176,0.000027,56.522419,57.911591,57.753971
2,15.400000,2,3,5.951746,4.124228,51.455982,54.320103,53.771973
1,15.400000,2,1,5.951746,11.644430,58.566849,55.056091,54.834496
3,15.400000,3,4,4.124228,0.000000,55.834476,51.081554,52.433617
0,15.400000,1,0,11.644430,0.000027,57.357128,57.805531,57.805584
2,15.600000,2,3,5.869724,4.074587,55.143887,54.266975,53.709396
1,15.600000,2,1,5.869724,11.714781,62.817417,54.115658,55.097511
3,15.600000,3,4,4.074587,0.000000,54.707108,51.922791,52.324883
0,15.600000,1,0,11.714781,0.000028,57.965988,57.942661,57.711693
2,15.800000,2,3,5.845558,4.232005,49.694088,54.614990,53.351665
1,15.800000,2,1,5.845558,11.725452,49.122414,54.116241,55.156757
3,15.800000,3,4,4.232005,0.000000,51.965332,52.641171,52.666016
0,15.800000,1,0,11.725452,0.000028,58.769394,57.524582,57.697376
2,16.000000,2,3,5.778286,4.109317,49.893085,54.212349,53.462093
1,16.000000,2,1,5.778286,11.850179,58.886696,54.524006,55.477623
3,16.000000,3,4,4.109317,0.000000,55.786587,55.164040,52.401073
0,16.000000,1,0,11.850179,0.000028,60.402252,57.478851,57.528660
2,16.200000,2,3,5.884744,4.108272,52.913887,54.959114,53.673168
1,16.200000,2,1,5.884744,11.901736,53.907902,54.963840,55.386833
3,16.200000,3,4,4.108272,0.000000,53.450722,51.781769,52.398788
0,16.200000,1,0,11.901736,0.000029,56.685799,57.432655,57.458145
2,16.400000,2,3,5.996885,4.114052,59.315094,54.901131,53.878036
1,16.400000,2,1,5.996885,11.920386,55.018959,54.895870,55.230469
3,16.400000,3,4,4.114052,0.000000,54.121670,52.143112,52.411419
0,16.400000,1,0,11.920386,0.000029,53.693932,57.027390,57.432526
2,16.600000,2,3,5.826476,4.230740,50.371605,54.896420,53.315918
1,16.600000,2,1,5.826476,11.966272,61.115223,54.828239,55.588867
3,16.600000,3,4,4.230740,0.000000,50.286579,53.010792,52.663315
0,16.600000,1,0,11.966272,0.000029,56.586697,57.453735,57.369232
2,16.800000,2,3,5.739577,4.305313,49.106537,54.468834,52.986496
1,16.800000,2,1,5.739577,11.964993,54.827293,55.530918,55.727531
3,16.800000,3,4,4.305313,0.000000,50.689480,53.696487,52.821293
0,16.800000,1,0,11.964993,0.000030,63.376343,57.523041,57.371002
2,17.000000,2,3,5.638039,4.173440,54.373665,53.930145,53.049149
1,17.000000,2,1,5.638039,11.923505,53.472813,55.596802,55.823742
3,17.000000,3,4,4.173440,0.000000,46.823700,51.743237,52.540352
0,17.000000,1,0,11.923505,0.000030,56.730988,57.891815,57.428238
2,17.200000,2,3,5.705219,4.143693,57.724335,53.000725,53.246956
1,17.200000,2,1,5.705219,11.802222,54.004498,55.365765,55.518890
3,17.200000,3,4,4.143693,0.000000,51.884140,52.069588,52.475960
0,17.200000,1,0,11.802222,0.000030,60.193771,57.017941,57.593842
2,17.400000,2,3,5.676358,4.125246,57.917427,53.318485,53.225876
1,17.400000,2,1,5.676358,11.790218,59.476254,54.961433,55.546509
3,17.400000,3,4,4.125246,0.000000,53.497650,53.874714,52.435837
0,17.400000,1,0,11.790218,0.000031,58.855694,57.107086,57.610100
2,17.600000,2,3,5.731231,4.115797,51.466885,53.462048,53.355431
1,17.600000,2,1,5.731231,11.751415,53.706482,55.013329,55.392136
3,17.600000,3,4,4.115797,0.000000,47.197746,52.125080,52.415230
0,17.600000,1,0,11.751415,0.000031,63.132389,57.262928,57.662476
2,17.800000,2,3,5.872670,4.144016,58.160637,53.568230,53.579788
1,17.800000,2,1,5.872670,11.764604,51.991257,54.749065,55.177162
3,17.800000,3,4,4.144016,0.000000,54.238419,52.495739,52.476662
0,17.800000,1,0,11.764604,0.000032,54.491867,57.677517,57.644703
2,18.000000,2,3,5.894170,4.041339,51.300163,53.460400,53.820637
1,18.000000,2,1,5.894170,11.888162,56.796635,54.969746,55.348579
3,18.000000,3,4,4.041339,0.000000,52.966587,51.471844,52.251442
0,18.000000,1,0,11.888162,0.000032,54.579498,57.820881,57.476761
2,18.200000,2,3,5.937363,4.232164,56.182137,53.969757,53.533688
1,18.200000,2,1,5.937363,11.960199,55.681355,55.225872,55.396538
3,18.200000,3,4,4.232164,0.000000,57.346943,52.203712,52.666355
0,18.200000,1,0,11.960199,0.000032,58.935585,57.440651,57.377632
2,18.400000,2,3,5.971136,4.248079,56.738144,53.566635,53.568802
1,18.400000,2,1,5.971136,11.957383,49.018509,55.227600,55.335663
3,18.400000,3,4,4.248079,0.000000,50.218590,52.768375,52.700256
0,18.400000,1,0,11.957383,0.000033,57.249458,57.225399,57.381527
2,18.600000,2,3,6.093931,4.251116,53.054043,54.137432,53.801407
1,18.600000,2,1,6.093931,12.016281,49.684830,55.317623,55.228531
3,18.600000,3,4,4.251116,0.000000,48.364346,52.529564,52.706711
0,18.600000,1,0,12.016281,0.000033,61.341438,57.824806,57.299831
2,18.800000,2,3,6.158185,4.239174,55.239437,54.207401,53.946850
1,18.800000,2,1,6.158185,11.972593,50.849339,54.413246,55.045113
3,18.800000,3,4,4.239174,0.000000,50.306763,54.171307,52.681301
0,18.800000,1,0,11.972593,0.000033,60.072308,57.530102,57.360489
2,19.000000,2,3,6.241785,4.363536,54.390984,54.142757,53.869286
1,19.000000,2,1,6.241785,12.203988,54.737617,55.127926,55.295475
3,19.000000,3,4,4.363536,0.000000,55.446106,52.143986,52.943054
0,19.000000,1,0,12.203988,0.000034,56.923531,57.361004,57.035294
2,19.200000,2,3,6.194309,4.520241,48.903175,53.947945,53.472198
1,19.200000,2,1,6.194309,12.218769,51.130527,55.444225,55.399231
3,19.200000,3,4,4.520241,0.000000,53.263504,53.997147,53.264145
0,19.200000,1,0,12.218769,0.000034,56.868607,57.555843,57.014183
2,19.400000,2,3,6.237134,4.578379,46.635448,53.382034,53.441826
1,19.400000,2,1,6.237134,12.233226,53.461170,55.731384,55.352074
3,19.400000,3,4,4.578379,0.000000,52.900620,52.755661,53.380898
0,19.400000,1,0,12.233226,0.000034,55.930298,57.562004,56.993500
2,19.600000,2,3,6.418520,4.594443,50.332497,53.562569,53.765343
1,19.600000,2,1,6.418520,12.266329,52.772392,55.363976,55.102203
3,19.600000,3,4,4.594443,0.000000,55.133728,53.650040,53.412937
0,19.600000,1,0,12.266329,0.000035,54.932430,56.734383,56.945992
2,19.800000,2,3,6.385688,4.404210,53.194809,53.719223,54.064651
1,19.800000,2,1,6.385688,12.383791,55.007427,54.342514,55.355423
3,19.800000,3,4,4.404210,0.000000,51.470406,52.226322,53.027313
0,19.800000,1,0,12.383791,0.000035,55.721966,56.552124,56.775703
2,20.000000,2,3,6.640462,4.513215,52.692528,54.549355,54.334663
1,20.000000,2,1,6.640462,12.342501,53.335373,53.992840,54.850826
3,20.000000,3,4,4.513215,0.000000,56.330620,52.098293,53.249950
0,20.000000,1,0,12.342501,0.000035,58.290981,55.265354,56.835869
2,20.200000,2,3,6.720402,4.522089,59.750965,54.457947,54.463909
1,20.200000,2,1,6.720402,12.344214,54.553009,53.106926,54.713490
3,20.200000,3,4,4.522089,0.000000,54.116676,53.194618,53.267876
0,20.200000,1,0,12.344214,0.000036,58.724636,55.911907,56.833378
2,20.400000,2,3,6.548066,4.529779,57.351429,53.312153,54.133469
1,20.400000,2,1,6.548066,12.461227,56.894733,53.439926,55.213036
3,20.400000,3,4,4.529779,0.000000,56.761971,53.001186,53.283386
0,20.400000,1,0,12.461227,0.000036,58.676838,56.063671,56.661964
2,20.600000,2,3,6.663572,4.567921,58.888744,53.603733,54.276707
1,20.600000,2,1,6.663572,12.316531,57.367146,53.715137,54.764862
3,20.600000,3,4,4.567921,0.000000,54.791805,52.897564,53.359985
0,20.600000,1,0,12.316531,0.000037,56.695023,55.833725,56.873539
2,20.800000,2,3,6.598280,4.654576,58.634094,53.297924,53.993568
1,20.800000,2,1,6.598280,12.369020,54.387440,54.008282,54.970024
3,20.800000,3,4,4.654576,0.000000,56.002422,52.143051,53.532036
0,20.800000,1,0,12.369020,0.000037,58.662636,56.351788,56.797264
2,21.000000,2,3,6.621751,4.675599,51.848751,52.773418,53.998188
1,21.000000,2,1,6.621751,12.328744,53.920536,54.379269,54.859467
3,21.000000,3,4,4.675599,0.000000,58.806858,53.422382,53.573372
0,21.000000,1,0,12.328744,0.000037,55.335125,56.516758,56.855843
2,21.200000,2,3,6.610780,4.667868,57.226627,53.098301,53.992073
1,21.200000,2,1,6.610780,12.459208,58.900856,53.752155,55.103256
3,21.200000,3,4,4.667868,0.000000,57.327541,52.868500,53.558189
0,21.200000,1,0,12.459208,0.000038,55.752316,56.640533,56.664948
2,21.400000,2,3,6.741383,4.749497,58.707897,53.317924,54.084152
1,21.400000,2,1,6.741383,12.464565,50.427570,54.215492,54.887650
3,21.400000,3,4,4.749497,0.000000,54.383362,52.973125,53.717422
0,21.400000,1,0,12.464565,0.000038,59.176758,55.525082,56.657036
2,21.600000,2,3,6.742493,4.746425,56.345512,52.847321,54.091976
1,21.600000,2,1,6.742493,12.656132,56.331371,54.698853,55.213844
3,21.600000,3,4,4.746425,0.000000,48.825558,54.304352,53.711472
0,21.600000,1,0,12.656132,0.000038,58.797119,55.575615,56.370300
2,21.800000,2,3,6.857405,4.571929,54.590431,53.948208,54.620358
1,21.800000,2,1,6.857405,12.679694,51.181435,55.344597,55.058609
3,21.800000,3,4,4.571929,0.000000,51.794502,52.252758,53.368004
0,21.800000,1,0,12.679694,0.000039,57.078201,54.998680,56.334503
2,22.000000,2,3,6.993536,4.570604,56.559299,54.913330,54.862583
1,22.000000,2,1,6.993536,12.895000,51.702164,55.841640,55.193283
3,22.000000,3,4,4.570604,0.000000,52.475113,51.533512,53.365356
0,22.000000,1,0,12.895000,0.000039,55.446445,55.214909,56.001816
2,22.200000,2,3,6.998192,4.638681,52.930801,54.432304,54.751495
1,22.200000,2,1,6.998192,12.786229,61.281616,56.480122,54.999832
3,22.200000,3,4,4.638681,0.000000,52.440887,54.591747,53.500679
0,22.200000,1,0,12.786229,0.000039,55.254917,54.518646,56.171162
2,22.400000,2,3,7.033293,4.601091,58.268871,54.516262,54.878727
1,22.400000,2,1,7.033293,12.835092,59.441254,55.548229,55.023483
3,22.400000,3,4,4.601091,0.000000,56.297070,52.894611,53.426167
0,22.400000,1,0,12.835092,0.000040,55.808472,55.063263,56.095417
2,22.600000,2,3,7.081488,4.635284,54.315411,54.419151,54.903061
1,22.600000,2,1,7.081488,12.854274,59.581398,55.374500,54.973557
3,22.600000,3,4,4.635284,0.000000,55.094929,53.993839,53.493969
0,22.600000,1,0,12.854274,0.000040,56.573967,55.194866,56.065536
2,22.800000,2,3,7.030196,4.661502,52.568451,54.060104,54.767647
1,22.800000,2,1,7.030196,12.871163,57.062050,55.274487,55.090534
3,22.800000,3,4,4.661502,0.000000,54.925922,55.667118,53.545670
0,22.800000,1,0,12.871163,0.000040,59.940422,55.783752,56.039154
2,23.000000,2,3,7.028643,4.820968,48.761879,54.716873,54.480820
1,23.000000,2,1,7.028643,12.877747,57.851067,55.544582,55.104408
3,23.000000,3,4,4.820968,0.000000,54.883190,53.637936,53.854950
0,23.000000,1,0,12.877747,0.000041,52.407246,56.226048,56.028858
2,23.200000,2,3,7.139186,4.822239,60.961151,53.834759,54.676292
1,23.200000,2,1,7.139186,12.853158,52.023033,54.289028,54.871624
3,23.200000,3,4,4.822239,0.000000,52.202839,54.450050,53.857380
0,23.200000,1,0,12.853158,0.000041,59.708939,56.618500,56.067276
2,23.400000,2,3,7.133881,4.735390,53.316055,53.941998,54.819904
1,23.400000,2,1,7.133881,12.921173,56.777779,54.079262,54.998550
3,23.400000,3,4,4.735390,0.000000,59.816288,55.506058,53.690071
0,23.400000,1,0,12.921173,0.000041,56.582878,56.667599,55.960674
2,23.600000,2,3,7.155394,4.802243,55.266953,54.233170,54.740288
1,23.600000,2,1,7.155394,13.029850,51.061489,54.502449,55.147530
3,23.600000,3,4,4.802243,0.000000,51.971527,54.023132,53.819084
0,23.600000,1,0,13.029850,0.000042,59.325832,56.702904,55.788139
2,23.800000,2,3,7.245099,4.757062,55.263988,54.211056,54.975452
1,23.800000,2,1,7.245099,13.106594,52.384064,54.336380,55.125507
3,23.800000,3,4,4.757062,0.000000,54.472118,54.024666,53.732063
0,23.800000,1,0,13.106594,0.000042,55.606403,56.712677,55.664627
2,24.000000,2,3,7.311558,4.867332,52.499580,54.698277,54.899628
1,24.000000,2,1,7.311558,13.095566,54.059433,53.840088,54.992897
3,24.000000,3,4,4.867332,0.000000,54.054684,52.367485,53.943241
0,24.000000,1,0,13.095566,0.000043,59.827404,56.548103,55.682461
2,24.200000,2,3,7.302042,4.941940,54.982605,55.096287,54.752533
1,24.200000,2,1,7.302042,13.160405,51.577549,53.599224,55.120178
3,24.200000,3,4,4.941940,0.000000,52.724205,53.569656,54.083832
0,24.200000,1,0,13.160405,0.000043,58.334442,56.255386,55.577179
2,24.400000,2,3,7.330761,5.007388,58.417931,55.071445,54.687683
1,24.400000,2,1,7.330761,13.072376,56.292068,54.451893,54.919655
3,24.400000,3,4,5.007388,0.000000,58.840649,54.384148,54.205673
0,24.400000,1,0,13.072376,0.000043,57.669186,55.706310,55.719872
2,24.600000,2,3,7.295854,5.031879,55.554192,54.634880,54.581974
1,24.600000,2,1,7.295854,13.151125,58.323463,54.202328,55.114914
3,24.600000,3,4,5.031879,0.000000,52.084332,54.677521,54.250923
0,24.600000,1,0,13.151125,0.000044,57.338139,56.322636,55.592312
2,24.800000,2,3,7.258294,5.096395,57.725868,54.445072,54.397877
1,24.800000,2,1,7.258294,13.212733,49.858864,55.636078,55.282463
3,24.800000,3,4,5.096395,0.000000,52.807320,55.128433,54.369221
0,24.800000,1,0,13.212733,0.000044,55.348030,55.610092,55.491459
2,25.000000,2,3,7.280250,5.167844,51.269398,53.727150,54.307480
1,25.000000,2,1,7.280250,13.275121,56.116676,55.690716,55.350044
3,25.000000,3,4,5.167844,0.000000,59.635933,53.903355,54.498741
0,25.000000,1,0,13.275121,0.000044,58.240685,55.320877,55.388367
2,25.200000,2,3,7.361392,5.317890,54.050785,53.375950,54.180359
1,25.200000,2,1,7.361392,13.228384,53.097549,55.645847,55.134853
3,25.200000,3,4,5.317890,0.000000,53.761959,56.799942,54.765816
0,25.200000,1,0,13.228384,0.000045,56.073975,55.184055,55.465691
2,25.400000,2,3,7.399494,5.286006,54.381874,52.980007,54.309464
1,25.400000,2,1,7.399494,13.128996,54.558052,55.340031,54.898632
3,25.400000,3,4,5.286006,0.000000,53.097839,55.506863,54.709610
0,25.400000,1,0,13.128996,0.000045,55.268337,55.315384,55.628311
2,25.600000,2,3,7.353814,5.311185,53.057751,53.066608,54.178741
1,25.600000,2,1,7.353814,13.152234,52.555439,55.105247,55.017685
3,25.600000,3,4,5.311185,0.000000,52.741268,53.914238,54.754021
0,25.600000,1,0,13.152234,0.000045,54.561733,55.469093,55.590508
2,25.800000,2,3,7.345479,5.220397,54.554436,