0,0.200000,0,1,0.000000,0.000000,53.609779,NaN,58.362663
3,0.200000,4,3,0.000000,0.000000,32.531700,36.094303,35.000000
2,0.200000,3,2,0.000000,0.000000,61.767681,NaN,61.669029
1,0.200000,1,2,0.000000,0.000000,50.652298,NaN,50.840294
0,0.400000,0,1,0.000001,0.100631,59.881123,NaN,58.234871
3,0.400000,4,3,0.000000,0.300001,36.449230,35.063663,35.000000
2,0.400000,3,2,0.300001,-0.299999,57.095104,NaN,61.095528
1,0.400000,1,2,0.100631,-0.299999,57.752251,NaN,51.807175
0,0.600000,0,1,0.000001,0.252735,55.340565,59.070198,58.038815
3,0.600000,4,3,0.000000,0.600001,34.128788,35.522812,35.404331
2,0.600000,3,2,0.600001,-0.563445,62.777687,59.029819,60.527908
1,0.600000,1,2,0.252735,-0.563445,52.065697,51.652733,52.726654
0,0.800000,0,1,0.000001,0.453945,59.292114,56.988144,57.773895
3,0.800000,4,3,0.000000,0.900001,39.171844,36.975666,38.158760
2,0.800000,3,2,0.900001,-0.758182,64.296867,60.100342,60.003796
1,0.800000,1,2,0.453945,-0.758182,53.855122,51.424732,53.535774
0,1.000000,0,1,0.000002,0.563891,59.035942,55.145958,57.626362
3,1.000000,4,3,0.000000,1.200002,42.988895,41.123486,40.354561
2,1.000000,3,2,1.200002,-0.918230,58.916298,59.650871,59.492630
1,1.000000,1,2,0.563891,-0.918230,52.511105,52.636307,54.054844
0,1.200000,0,1,0.000002,0.651520,51.337387,55.534946,57.507324
3,1.200000,4,3,0.000000,1.500002,41.473267,41.095177,42.180412
2,1.200000,3,2,1.500002,-1.135581,58.464333,59.138248,58.887497
1,1.200000,1,2,0.651520,-1.135581,54.527100,53.584213,54.612793
0,1.400000,0,1,0.000002,0.574347,58.518955,55.280399,57.612228
3,1.400000,4,3,0.000000,1.733089,41.232304,44.789303,43.413521
2,1.400000,3,2,1.733089,-1.163407,59.027374,58.377556,58.569023
1,1.400000,1,2,0.574347,-1.163407,54.501884,54.256790,54.524437
0,1.600000,0,1,0.000003,0.639503,60.794136,55.938770,57.523727
3,1.600000,4,3,0.000000,1.987368,41.340317,43.870518,44.616112
2,1.600000,3,2,1.987368,-1.188789,54.968491,57.604591,58.216965
1,1.600000,1,2,0.639503,-1.188789,53.495232,53.905815,54.685997
0,1.800000,0,1,0.000003,0.611553,56.206116,55.497463,57.561779
3,1.800000,4,3,0.000000,2.129759,47.565960,45.735645,45.235588
2,1.800000,3,2,2.129759,-1.246689,57.475246,57.809902,57.957615
1,1.800000,1,2,0.611553,-1.246689,58.721745,53.992260,54.738922
0,2.000000,0,1,0.000004,0.625862,53.641651,55.926735,57.542313
3,2.000000,4,3,0.000000,2.355070,53.830727,45.072056,46.148891
2,2.000000,3,2,2.355070,-1.386091,56.956196,56.688957,57.468842
1,2.000000,1,2,0.625862,-1.386091,50.514400,53.780491,55.006531
0,2.200000,0,1,0.000004,0.606787,61.442734,56.809265,57.568253
3,2.200000,4,3,0.000000,2.535126,48.415733,48.098255,46.827271
2,2.200000,3,2,2.535126,-1.405612,57.002838,56.617577,57.191757
1,2.200000,1,2,0.606787,-1.405612,53.336521,55.007908,55.007301
0,2.400000,0,1,0.000004,0.687994,56.426846,56.316677,57.457390
3,2.400000,4,3,0.000000,2.764462,45.167759,49.491409,47.634155
2,2.400000,3,2,2.764462,-1.560176,57.732704,55.605217,56.638023
1,2.400000,1,2,0.687994,-1.560176,54.094830,54.977222,55.405350
0,2.600000,0,1,0.000005,0.729646,57.692455,56.361397,57.400082
3,2.600000,4,3,0.000000,2.820198,47.988411,47.193764,47.821518
2,2.600000,3,2,2.820198,-1.650668,58.156960,55.251778,56.419449
1,2.600000,1,2,0.729646,-1.650668,51.169735,56.259960,55.622227
0,2.800000,0,1,0.000005,0.779033,53.694744,56.616837,57.331738
3,2.800000,4,3,0.000000,2.932448,46.363140,49.039841,48.189331
2,2.800000,3,2,2.932448,-1.676424,55.947887,55.823353,56.209053
1,2.800000,1,2,0.779033,-1.676424,53.839760,56.898888,55.743649
0,3.000000,0,1,0.000005,0.757168,54.569168,56.271530,57.362053
3,3.000000,4,3,0.000000,3.077125,45.080269,47.386734,48.645729
2,3.000000,3,2,3.077125,-1.581882,59.097931,55.966274,56.131596
1,3.000000,1,2,0.757168,-1.581882,53.548233,56.648567,55.554966
0,3.200000,0,1,0.000006,0.885953,54.734871,56.492359,57.182289
3,3.200000,4,3,0.000000,3.292084,48.403023,49.204792,49.290279
2,3.200000,3,2,3.292084,-1.629137,56.059078,55.479519,55.717236
1,3.200000,1,2,0.885953,-1.629137,56.482136,56.552963,55.839050
0,3.400000,0,1,0.000006,0.847994,53.612606,56.364017,57.235584
3,3.400000,4,3,0.000000,3.391572,52.256290,50.046551,49.576115
2,3.400000,3,2,3.391572,-1.596754,64.310349,54.833187,55.608604
1,3.400000,1,2,0.847994,-1.596754,56.220379,56.119762,55.726425
0,3.600000,0,1,0.000006,0.744186,57.698204,56.251129,57.380005
3,3.600000,4,3,0.000000,3.573987,52.988400,51.444790,50.081425
2,3.600000,3,2,3.573987,-1.676012,51.421535,54.400589,55.174294
1,3.600000,1,2,0.744186,-1.676012,61.452614,55.914070,55.686844
0,3.800000,0,1,0.000007,0.798624,57.864456,56.010742,57.304512
3,3.800000,4,3,0.000000,3.660830,47.479755,50.163284,50.313972
2,3.800000,3,2,3.660830,-1.631630,58.043957,53.968555,55.102158
1,3.800000,1,2,0.798624,-1.631630,53.656094,56.608013,55.703075
0,4.000000,0,1,0.000007,0.788312,59.045696,56.949661,57.318851
3,4.000000,4,3,0.000000,3.753632,49.552593,51.029053,50.557091
2,4.000000,3,2,3.753632,-1.576476,57.260761,54.071697,55.037788
1,4.000000,1,2,0.788312,-1.576476,50.032253,56.304970,55.596970
0,4.200000,0,1,0.000007,0.775645,54.577469,57.170933,57.336441
3,4.200000,4,3,0.000000,3.835162,55.446312,51.850796,50.766281
2,4.200000,3,2,3.835162,-1.593897,52.364113,54.879627,54.866768
1,4.200000,1,2,0.775645,-1.593897,52.189518,55.878487,55.604710
0,4.400000,0,1,0.000008,0.607256,59.612938,56.940559,57.567623
3,4.400000,4,3,0.000000,3.903145,50.143528,51.200615,50.937683
2,4.400000,3,2,3.903145,-1.668033,55.649712,54.994724,54.616325
1,4.400000,1,2,0.607256,-1.668033,55.567577,55.669460,55.450211
0,4.600000,0,1,0.000008,0.658203,60.245483,57.171963,57.498199
3,4.600000,4,3,0.000000,3.980017,53.324528,50.699440,51.128288
2,4.600000,3,2,3.980017,-1.512690,52.663631,55.017040,54.755322
1,4.600000,1,2,0.658203,-1.512690,54.461155,55.834778,55.276482
0,4.800000,0,1,0.000008,0.660845,52.700520,57.333321,57.494583
3,4.800000,4,3,0.000000,4.040400,55.562439,51.728436,51.275696
2,4.800000,3,2,4.040400,-1.435998,52.779785,55.309258,54.783989
1,4.800000,1,2,0.660845,-1.435998,59.488800,55.273289,55.151550
0,5.000000,0,1,0.000009,0.688664,62.986374,57.594051,57.456474
3,5.000000,4,3,0.000000,4.255033,53.263187,52.496101,51.784046
2,5.000000,3,2,4.255033,-1.397969,54.199879,54.722824,54.469471
1,5.000000,1,2,0.688664,-1.397969,55.053059,55.412991,55.134209
0,5.200000,0,1,0.000009,0.638887,56.396706,56.902451,57.524574
3,5.200000,4,3,0.000000,4.374974,53.723129,52.155254,52.058086
2,5.200000,3,2,4.374974,-1.469503,51.628479,53.733822,54.117851
1,5.200000,1,2,0.638887,-1.469503,52.563953,55.604996,55.171127
0,5.400000,0,1,0.000010,0.764739,60.078377,57.120625,57.351570
3,5.400000,4,3,0.000000,4.478292,53.032589,52.318668,52.288727
2,5.400000,3,2,4.478292,-1.490224,51.182343,52.914997,53.883842
1,5.400000,1,2,0.764739,-1.490224,53.084122,55.264210,55.416603
0,5.600000,0,1,0.000010,0.922289,57.197906,56.434124,57.131035
3,5.600000,4,3,0.000000,4.646931,54.857971,53.439259,52.654968
2,5.600000,3,2,4.646931,-1.369377,49.521507,53.102459,53.792313
1,5.600000,1,2,0.922289,-1.369377,55.493855,55.516468,55.477219
0,5.800000,0,1,0.000010,0.855057,58.703766,56.242065,57.225693
3,5.800000,4,3,0.000000,4.765488,46.758217,53.966228,52.905243
2,5.800000,3,2,4.765488,-1.368367,53.624313,52.862473,53.563854
1,5.800000,1,2,0.855057,-1.368367,56.860634,56.459694,55.364250
0,6.000000,0,1,0.000011,0.960559,59.806721,55.876316,57.076782
3,6.000000,4,3,0.000000,4.797862,53.904118,53.539909,52.972591
2,6.000000,3,2,4.797862,-1.342434,54.444164,52.507427,53.551197
1,6.000000,1,2,0.960559,-1.342434,56.617081,56.745552,55.495853
0,6.200000,0,1,0.000011,1.085401,58.266354,55.551533,56.897888
3,6.200000,4,3,0.000000,4.812510,52.177063,52.867813,53.002930
2,6.200000,3,2,4.812510,-1.340417,53.624462,52.371483,53.526329
1,6.200000,1,2,1.085401,-1.340417,54.919453,56.250031,55.695915
0,6.400000,0,1,0.000011,1.192976,55.873745,55.818230,56.741341
3,6.400000,4,3,0.000000,4.758360,49.534630,52.325657,52.890354
2,6.400000,3,2,4.758360,-1.297992,58.160282,52.347694,53.715027
1,6.400000,1,2,1.192976,-1.297992,56.599590,56.107101,55.800560
0,6.600000,0,1,0.000012,1.047083,59.021725,55.701939,56.953110
3,6.600000,4,3,0.000000,4.786343,53.659706,53.070572,52.948677
2,6.600000,3,2,4.786343,-1.449625,54.582813,52.325138,53.361416
1,6.600000,1,2,1.047083,-1.449625,54.611862,55.865246,55.809731
0,6.800000,0,1,0.000012,0.977138,58.799259,56.330929,57.053196
3,6.800000,4,3,0.000000,4.801439,51.194809,53.419197,52.980007
2,6.800000,3,2,4.801439,-1.315817,55.227406,52.886326,53.596413
1,6.800000,1,2,0.977138,-1.315817,54.657043,56.104301,55.479340
0,7.000000,0,1,0.000012,1.000434,56.938183,56.284561,57.019966
3,7.000000,4,3,0.000000,4.840565,53.102871,52.272102,53.060799
2,7.000000,3,2,4.840565,-1.250772,52.432602,53.360577,53.647045
1,7.000000,1,2,1.000434,-1.250772,52.853474,55.885742,55.410385
0,7.200000,0,1,0.000013,1.066829,57.942581,56.200630,56.924690
3,7.200000,4,3,0.000000,4.970695,53.095272,52.901199,53.325249
2,7.200000,3,2,4.970695,-1.200203,49.263168,53.494476,53.490852
1,7.200000,1,2,1.066829,-1.200203,57.727097,55.579170,55.436577
0,7.400000,0,1,0.000013,1.098610,53.782578,56.612663,56.878792
3,7.400000,4,3,0.000000,4.858212,53.732975,52.539204,53.097038
2,7.400000,3,2,4.858212,-1.320486,52.361923,52.846050,53.475418
1,7.400000,1,2,1.098610,-1.320486,54.295101,55.667866,55.685062
0,7.600000,0,1,0.000013,1.141436,55.123898,56.197250,56.816631
3,7.600000,4,3,0.000000,4.946163,54.212215,53.761700,53.275887
2,7.600000,3,2,4.946163,-1.233881,50.283104,52.657238,53.472755
1,7.600000,1,2,1.141436,-1.233881,60.181252,55.706512,55.614105
0,7.800000,0,1,0.000014,1.233228,57.611435,55.543549,56.682186
3,7.800000,4,3,0.000000,4.885973,53.409237,54.451847,53.153809
2,7.800000,3,2,4.885973,-1.055229,52.023476,52.568001,53.935806
1,7.800000,1,2,1.233228,-1.055229,52.866604,56.774040,55.471931
0,8.000000,0,1,0.000014,1.306511,57.902245,55.360889,56.573639
3,8.000000,4,3,0.000000,4.746266,47.200146,54.320889,52.865051
2,8.000000,3,2,4.746266,-1.159434,58.599651,52.306355,54.002983
1,8.000000,1,2,1.306511,-1.159434,56.559608,56.433903,55.760487
0,8.200000,0,1,0.000015,1.401320,54.917805,55.717529,56.431583
3,8.200000,4,3,0.000000,4.770691,55.402016,51.914883,52.916092
2,8.200000,3,2,4.770691,-1.154428,55.429012,52.810879,53.966290
1,8.200000,1,2,1.401320,-1.154428,53.413548,57.412277,55.903618
0,8.400000,0,1,0.000015,1.387649,57.134144,55.633209,56.452183
3,8.400000,4,3,0.000000,4.671692,57.785973,51.949867,52.707714
2,8.400000,3,2,4.671692,-1.081214,57.643726,52.625507,54.287430
1,8.400000,1,2,1.387649,-1.081214,57.875450,56.970333,55.765167
0,8.600000,0,1,0.000015,1.603747,59.325794,55.623985,56.121910
3,8.600000,4,3,0.000000,4.790053,56.375160,53.949486,52.956383
2,8.600000,3,2,4.790053,-1.064200,53.752808,53.347404,54.099594
1,8.600000,1,2,1.603747,-1.064200,53.901390,57.234974,56.079830
0,8.800000,0,1,0.000016,1.486479,57.760784,54.884209,56.302383
3,8.800000,4,3,0.000000,4.807622,48.931854,54.237862,52.992813
2,8.800000,3,2,4.807622,-1.127937,53.984905,53.036373,53.946510
1,8.800000,1,2,1.486479,-1.127937,57.034241,57.819473,55.996117
0,9.000000,0,1,0.000016,1.486758,54.349636,55.283726,56.301956
3,9.000000,4,3,0.000000,4.911615,49.444992,53.644268,53.205986
2,9.000000,3,2,4.911615,-1.221646,61.399696,52.864902,53.565022
1,9.000000,1,2,1.486758,-1.221646,56.904152,57.947487,56.142673
0,9.200000,0,1,0.000016,1.531763,60.225109,55.561054,56.233047
3,9.200000,4,3,0.000000,4.975593,51.313206,53.907078,53.335079
2,9.200000,3,2,4.975593,-1.137139,48.570423,53.095089,53.605263
1,9.200000,1,2,1.531763,-1.137139,53.148056,57.880951,56.081318
0,9.400000,0,1,0.000017,1.627514,55.781281,55.808819,56.084965
3,9.400000,4,3,0.000000,5.223690,46.630276,53.596024,53.821663
2,9.400000,3,2,5.223690,-1.227843,52.738663,53.159863,52.921249
1,9.400000,1,2,1.627514,-1.227843,53.468346,57.505989,56.367935
0,9.600000,0,1,0.000017,1.572154,59.530773,54.548668,56.170826
3,9.600000,4,3,0.000000,5.235736,54.109375,53.269325,53.844742
2,9.600000,3,2,5.235736,-0.927843,56.763580,53.086700,53.505318
1,9.600000,1,2,1.572154,-0.927843,56.948273,57.752308,55.814983
0,9.800000,0,1,0.000017,1.590732,58.808983,55.008305,56.142090
3,9.800000,4,3,0.000000,5.200637,54.273521,54.440392,53.777359
2,9.800000,3,2,5.200637,-0.926306,58.436493,53.328175,53.577423
1,9.800000,1,2,1.590732,-0.926306,55.085945,56.269012,55.842152
0,10.000000,0,1,0.000018,1.556844,57.274391,54.991314,56.194454
3,10.000000,4,3,0.000000,5.188030,53.253170,54.774281,53.753052
2,10.000000,3,2,5.188030,-0.959982,59.110992,53.659111,53.536011
1,10.000000,1,2,1.556844,-0.959982,55.532276,56.242107,55.841812
0,10.200000,0,1,0.000018,1.532143,58.629395,55.159664,56.232468
3,10.200000,4,3,0.000000,5.069726,52.786690,51.799568,53.522278
2,10.200000,3,2,5.069726,-0.968502,53.901699,54.130989,53.750072
1,10.200000,1,2,1.532143,-0.968502,62.034286,56.568916,55.816017
0,10.400000,0,1,0.000018,1.531883,55.929817,55.581329,56.232864
3,10.400000,4,3,0.000000,5.014963,51.185120,52.592007,53.413765
2,10.400000,3,2,5.014963,-0.960918,54.167984,54.592876,53.869785
1,10.400000,1,2,1.531883,-0.960918,58.468666,56.173378,55.803490
0,10.600000,0,1,0.000019,1.606581,56.538971,55.872074,56.117516
3,10.600000,4,3,0.000000,5.127872,55.078632,53.461380,53.636314
2,10.600000,3,2,5.127872,-0.984664,53.163921,54.413185,53.605648
1,10.600000,1,2,1.606581,-0.984664,53.541725,55.727837,55.959679
0,10.800000,0,1,0.000019,1.783228,55.124313,55.531326,55.839752
3,10.800000,4,3,0.000000,5.181179,50.064575,54.686836,53.739822
2,10.800000,3,2,5.181179,-0.930137,55.312943,54.852695,53.608032
1,10.800000,1,2,1.783228,-0.930137,52.755215,56.117981,56.150356
0,11.000000,0,1,0.000019,1.691851,55.909531,54.559990,55.984322
3,11.000000,4,3,0.000000,5.099688,54.078617,54.394222,53.581188
2,11.000000,3,2,5.099688,-0.850974,54.124119,55.266445,53.917839
1,11.000000,1,2,1.691851,-0.850974,56.125389,55.014603,55.883137
0,11.200000,0,1,0.000020,1.685176,55.601585,55.010708,55.994808
3,11.200000,4,3,0.000000,5.010898,55.513596,52.430809,53.405670
2,11.200000,3,2,5.010898,-0.579628,52.679653,55.480503,54.581779
1,11.200000,1,2,1.685176,-0.579628,59.593479,54.967266,55.432892
0,11.400000,0,1,0.000020,1.674019,52.790268,54.796749,56.012314
3,11.400000,4,3,0.000000,5.002684,54.583652,52.417187,53.389286
2,11.400000,3,2,5.002684,-0.416102,58.183922,55.550468,54.884651
1,11.400000,1,2,1.674019,-0.416102,57.423717,54.144562,55.140137
0,11.600000,0,1,0.000021,1.641309,56.410904,55.060535,56.063469
3,11.600000,4,3,0.000000,4.913937,57.362625,52.539490,53.210697
2,11.600000,3,2,4.913937,-0.512756,60.380661,56.127251,54.870888
1,11.600000,1,2,1.641309,-0.512756,55.474167,53.297443,55.248219
0,11.800000,0,1,0.000021,1.768217,56.662991,54.635056,55.863640
3,11.800000,4,3,0.000000,4.850753,50.972912,54.314102,53.081734
2,11.800000,3,2,4.850753,-0.287309,55.662209,56.658257,55.362213
1,11.800000,1,2,1.768217,-0.287309,48.878822,53.843662,55.081207
0,12.000000,0,1,0.000021,1.886854,54.501457,54.414112,55.673447
3,12.000000,4,3,0.000000,4.885721,55.237896,53.061810,53.153297
2,12.000000,3,2,4.885721,-0.309148,52.680504,56.936703,55.267250
1,12.000000,1,2,1.886854,-0.309148,57.364365,54.019623,55.318523
0,12.200000,0,1,0.000022,1.861025,51.287628,54.729527,55.715134
3,12.200000,4,3,0.000000,5.112528,53.533306,54.150600,53.606339
2,12.200000,3,2,5.112528,-0.388666,51.873768,56.408108,54.740372
1,12.200000,1,2,1.861025,-0.388666,60.707977,53.910789,55.407871
0,12.400000,0,1,0.000022,2.028935,58.626072,55.236691,55.441193
3,12.400000,4,3,0.000000,5.159716,53.156303,55.093369,53.698265
2,12.400000,3,2,5.159716,-0.426230,49.767624,55.541866,54.589966
1,12.400000,1,2,2.028935,-0.426230,60.316185,54.001438,55.743179
0,12.600000,0,1,0.000022,2.112596,55.980206,55.335453,55.302078
3,12.600000,4,3,0.000000,5.077629,54.060638,55.375912,53.537846
2,12.600000,3,2,5.077629,-0.431063,52.682014,55.289413,54.727150
1,12.600000,1,2,2.112596,-0.431063,53.130463,54.713173,55.884460
0,12.800000,0,1,0.000023,2.238132,53.435978,55.703388,55.089928
3,12.800000,4,3,0.000000,5.077292,52.365669,54.903893,53.537186
2,12.800000,3,2,5.077292,-0.341165,62.485931,55.335522,54.885220
1,12.800000,1,2,2.238132,-0.341165,58.154041,55.726448,55.940842
0,13.000000,0,1,0.000023,2.183921,58.116924,54.896297,55.182053
3,13.000000,4,3,0.000000,5.018758,55.490742,53.776794,53.421318
2,13.000000,3,2,5.018758,-0.399783,59.205013,54.860229,54.885075
1,13.000000,1,2,2.183921,-0.399783,52.999546,55.670807,55.947792
0,13.200000,0,1,0.000023,2.109657,56.156300,54.732090,55.306995
3,13.200000,4,3,0.000000,4.964863,55.574524,52.578651,53.313538
2,13.200000,3,2,4.964863,-0.316684,51.860500,55.152687,55.120743
1,13.200000,1,2,2.109657,-0.316684,56.969719,55.615181,55.696762
0,13.400000,0,1,0.000024,1.964965,56.911804,54.834843,55.546379
3,13.400000,4,3,0.000000,5.008030,51.827023,53.490570,53.399948
2,13.400000,3,2,5.008030,-0.312203,57.021450,55.664410,55.054710
1,13.400000,1,2,1.964965,-0.312203,56.857025,54.623180,55.453316
0,13.600000,0,1,0.000024,1.897958,57.048161,54.823479,55.655472
3,13.600000,4,3,0.000000,4.934671,53.363430,53.886253,53.252686
2,13.600000,3,2,4.934671,-0.372033,56.486931,55.086872,55.077843
1,13.600000,1,2,1.897958,-0.372033,59.580765,54.678551,55.441463
0,13.800000,0,1,0.000024,1.843509,58.440838,55.050144,55.743324
3,13.800000,4,3,0.000000,5.092904,53.013435,52.617443,53.567879
2,13.800000,3,2,5.092904,-0.485447,49.998360,54.738125,54.603531
1,13.800000,1,2,1.843509,-0.485447,58.690971,55.299145,55.538452
0,14.000000,0,1,0.000025,2.053714,54.662514,55.041588,55.400177
3,14.000000,4,3,0.000000,5.032156,50.965576,54.490082,53.447952
2,14.000000,3,2,5.032156,-0.517814,57.629612,54.826847,54.654068
1,14.000000,1,2,2.053714,-0.517814,55.957649,55.758846,55.928574
0,14.200000,0,1,0.000025,1.916724,53.886307,55.390663,55.625034
3,14.200000,4,3,0.000000,4.995914,48.507027,53.014458,53.375767
2,14.200000,3,2,4.995914,-0.472252,45.761265,55.501411,54.798424
1,14.200000,1,2,1.916724,-0.472252,60.698196,55.291183,55.636292
0,14.400000,0,1,0.000026,1.887872,52.818848,55.647812,55.671806
3,14.400000,4,3,0.000000,5.093945,52.160828,54.997078,53.569920
2,14.400000,3,2,5.093945,-0.438045,58.181107,55.454662,54.685963
1,14.400000,1,2,1.887872,-0.438045,56.372269,54.617321,55.533470
0,14.600000,0,1,0.000026,2.000668,54.190472,55.386898,55.487801
3,14.600000,4,3,0.000000,5.111912,53.252449,53.582539,53.605133
2,14.600000,3,2,5.111912,-0.433318,50.984966,55.665466,54.662483
1,14.600000,1,2,2.000668,-0.433318,56.159462,54.975372,55.709091
0,14.800000,0,1,0.000026,1.893433,57.566631,55.093754,55.662804
3,14.800000,4,3,0.000000,5.100519,54.479549,54.771221,53.582817
2,14.800000,3,2,5.100519,-0.487928,51.931450,55.198124,54.585495
1,14.800000,1,2,1.893433,-0.487928,54.807026,54.916042,55.623928
0,15.000000,0,1,0.000027,1.804697,51.295635,56.193077,55.805519
3,15.000000,4,3,0.000000,4.936414,51.692371,52.517319,53.256210
2,15.000000,3,2,4.936414,-0.553528,55.305782,54.327923,54.760185
1,15.000000,1,2,1.804697,-0.553528,51.904655,55.118237,55.586273
0,15.200000,0,1,0.000027,1.720841,53.490044,55.455036,55.938675
3,15.200000,4,3,0.000000,4.917157,53.658524,53.934074,53.217228
2,15.200000,3,2,4.917157,-0.454992,49.600433,55.165169,54.965454
1,15.200000,1,2,1.720841,-0.454992,58.572075,55.228481,55.284767
0,15.400000,0,1,0.000027,1.715064,54.955738,55.628201,55.947792
3,15.400000,4,3,0.000000,5.004631,50.760162,53.364872,53.393173
2,15.400000,3,2,5.004631,-0.244164,59.573025,55.487041,55.176338
1,15.400000,1,2,1.715064,-0.244164,52.016869,54.823486,54.915482
0,15.600000,0,1,0.000028,1.741515,56.267689,55.692898,55.905998
3,15.600000,4,3,0.000000,5.006873,56.291862,54.809174,53.397644
2,15.600000,3,2,5.006873,-0.215327,59.467075,55.525730,55.221268
1,15.600000,1,2,1.741515,-0.215327,56.795788,54.260571,54.911339
0,15.800000,0,1,0.000028,1.610712,58.462135,55.749195,56.111115
3,15.800000,4,3,0.000000,4.992825,50.346519,53.738190,53.369591
2,15.800000,3,2,4.992825,-0.357189,53.410442,55.316231,55.003601
1,15.800000,1,2,1.610712,-0.357189,54.363213,54.625042,54.930511
0,16.000000,0,1,0.000028,1.606860,53.967075,55.991463,56.117096
3,16.000000,4,3,0.000000,5.032599,54.544178,54.059845,53.448830
2,16.000000,3,2,5.032599,-0.535423,62.120399,54.990162,54.621948
1,16.000000,1,2,1.606860,-0.535423,52.463234,54.185673,55.228386
0,16.200000,0,1,0.000029,1.615131,53.049236,56.110226,56.104248
3,16.200000,4,3,0.000000,5.151940,49.337238,52.463104,53.683170
2,16.200000,3,2,5.151940,-0.589806,53.042751,54.496983,54.307922
1,16.200000,1,2,1.615131,-0.589806,52.614506,54.983280,55.333447
0,16.400000,0,1,0.000029,1.779038,56.279556,56.423016,55.846439
3,16.400000,4,3,0.000000,5.188143,56.690220,53.115654,53.753273
2,16.400000,3,2,5.188143,-0.617599,57.242344,53.682751,54.189911
1,16.400000,1,2,1.779038,-0.617599,56.369728,56.014118,55.648720
0,16.600000,0,1,0.000029,1.911128,58.488998,56.408176,55.634125
3,16.600000,4,3,0.000000,5.290627,59.714890,54.435421,53.949295
2,16.600000,3,2,5.290627,-0.605931,61.973061,53.242893,54.020210
1,16.600000,1,2,1.911128,-0.605931,50.721199,56.370071,55.842186
0,16.800000,0,1,0.000030,1.813195,59.182255,55.824928,55.791935
3,16.800000,4,3,0.000000,5.288869,52.422916,53.414333,53.945961
2,16.800000,3,2,5.288869,-0.469381,56.629463,53.779037,54.277611
1,16.800000,1,2,1.813195,-0.469381,52.764229,56.569668,55.462234
0,17.000000,0,1,0.000030,1.833998,58.181625,56.118328,55.758606
3,17.000000,4,3,0.000000,5.372209,51.753189,54.681683,54.102844
2,17.000000,3,2,5.372209,-0.535865,50.813026,53.201141,53.998501
1,17.000000,1,2,1.833998,-0.535865,53.481102,55.885361,55.605232
0,17.200000,0,1,0.000030,1.833874,56.180687,55.424267,55.758804
3,17.200000,4,3,0.000000,5.301855,49.527534,55.492111,53.970554
2,17.200000,3,2,5.301855,-0.595173,51.697811,53.407413,54.019325
1,17.200000,1,2,1.833874,-0.595173,53.243320,56.022190,55.701126
0,17.400000,0,1,0.000031,1.857849,53.784042,55.277515,55.720268
3,17.400000,4,3,0.000000,5.303160,51.365768,54.846527,53.973022
2,17.400000,3,2,5.303160,-0.456672,53.762897,53.967533,54.274700
1,17.400000,1,2,1.857849,-0.456672,51.707825,56.822296,55.514786
0,17.600000,0,1,0.000031,1.779596,57.016575,55.659935,55.845558
3,17.600000,4,3,0.000000,5.252048,55.867584,53.868073,53.875916
2,17.600000,3,2,5.252048,-0.424345,56.441647,54.262989,54.427124
1,17.600000,1,2,1.779596,-0.424345,59.444408,56.901081,55.331779
0,17.800000,0,1,0.000032,1.691188,53.524998,55.361256,55.985382
3,17.800000,4,3,0.000000,5.244892,55.086369,53.747215,53.862251
2,17.800000,3,2,5.244892,-0.425096,56.194359,55.346703,54.438736
1,17.800000,1,2,1.691188,-0.425096,52.049217,56.109005,55.184486
0,18.000000,0,1,0.000032,1.805094,54.245171,54.906418,55.804890
3,18.000000,4,3,0.000000,5.118007,49.271179,54.024746,53.617050
2,18.000000,3,2,5.118007,-0.222640,54.643295,55.242382,55.019699
1,18.000000,1,2,1.805094,-0.222640,54.110134,56.368271,55.033638
0,18.200000,0,1,0.000032,1.829227,52.316605,54.561600,55.766262
3,18.200000,4,3,0.000000,5.069090,52.466450,52.869671,53.521023
2,18.200000,3,2,5.069090,-0.169758,50.862450,55.837616,55.193161
1,18.200000,1,2,1.829227,-0.169758,55.521648,55.979393,54.984207
0,18.400000,0,1,0.000033,1.735123,57.355007,54.350880,55.916122
3,18.400000,4,3,0.000000,5.046858,52.660931,53.736698,53.477097
2,18.400000,3,2,5.046858,-0.167480,52.616497,55.618103,55.234516
1,18.400000,1,2,1.735123,-0.167480,54.966869,55.810112,54.816833
0,18.600000,0,1,0.000033,1.807901,53.555069,55.407608,55.800407
3,18.600000,4,3,0.000000,5.091859,55.800564,53.678642,53.565826
2,18.600000,3,2,5.091859,-0.197909,57.392879,55.571239,55.106743
1,18.600000,1,2,1.807901,-0.197909,57.663815,55.670422,54.995964
0,18.800000,0,1,0.000033,1.810832,51.825157,55.932125,55.795723
3,18.800000,4,3,0.000000,5.116620,53.240669,53.548340,53.614342
2,18.800000,3,2,5.116620,-0.161474,54.899212,56.098965,55.126617
1,18.800000,1,2,1.810832,-0.161474,50.690487,55.578224,54.938133
0,19.000000,0,1,0.000034,1.829107,50.806129,55.978394,55.766457
3,19.000000,4,3,0.000000,5.125768,51.131405,54.944729,53.632210
2,19.000000,3,2,5.125768,-0.181436,61.186867,55.678001,55.076992
1,19.000000,1,2,1.829107,-0.181436,53.002293,55.110317,55.004112
0,19.200000,0,1,0.000034,1.786545,54.908855,56.744656,55.834492
3,19.200000,4,3,0.000000,5.130838,56.404560,52.839985,53.642101
2,19.200000,3,2,5.130838,-0.102932,53.018707,55.745422,55.201744
1,19.200000,1,2,1.786545,-0.102932,49.535740,54.751915,54.793839
0,19.400000,0,1,0.000034,1.625282,56.291389,56.806793,56.088467
3,19.400000,4,3,0.000000,5.234713,57.258034,53.431225,53.842785
2,19.400000,3,2,5.234713,-0.105041,52.872154,55.443420,55.021233
1,19.400000,1,2,1.625282,-0.105041,53.362961,54.781178,54.511066
0,19.600000,0,1,0.000035,1.743011,55.788200,57.076801,55.903641
3,19.600000,4,3,0.000000,5.222651,57.564373,52.906540,53.819672
2,19.600000,3,2,5.222651,-0.109631,50.283833,54.660526,55.034058
1,19.600000,1,2,1.743011,-0.109631,55.225658,54.470673,54.729042
0,19.800000,0,1,0.000035,1.959055,56.151958,56.579334,55.556061
3,19.800000,4,3,0.000000,5.360380,49.380447,52.956303,54.080715
2,19.800000,3,2,5.360380,0.075164,48.652802,55.768612,55.114498
1,19.800000,1,2,1.959055,0.075164,53.091866,54.543091,54.784035
0,20.000000,0,1,0.000035,1.970801,59.308647,56.712734,55.536842
3,20.000000,4,3,0.000000,5.433957,56.873753,54.685757,54.217640
2,20.000000,3,2,5.433957,0.043891,58.204803,54.987141,54.934479
1,20.000000,1,2,1.970801,0.043891,48.597218,54.152504,54.859287
0,20.200000,0,1,0.000036,1.951858,60.183125,56.867550,55.567825
3,20.200000,4,3,0.000000,5.517217,54.183144,53.861053,54.370529
2,20.200000,3,2,5.517217,0.107516,54.186417,55.124268,54.900436
1,20.200000,1,2,1.951858,0.107516,53.501190,54.919937,54.714394
0,20.400000,0,1,0.000036,1.955467,52.310272,56.321465,55.561928
3,20.400000,4,3,0.000000,5.660735,55.474899,53.818829,54.629120
2,20.400000,3,2,5.660735,0.018975,55.302158,54.696198,54.489765
1,20.400000,1,2,1.955467,0.018975,50.651913,55.201378,54.875977
0,20.600000,0,1,0.000037,1.923319,53.473583,55.165470,55.614334
3,20.600000,4,3,0.000000,5.623677,61.543457,53.626865,54.562935
2,20.600000,3,2,5.623677,0.072919,54.445591,55.572052,54.652664
1,20.600000,1,2,1.923319,0.072919,57.144333,55.653568,54.725090
0,20.800000,0,1,0.000037,2.147144,50.417110,54.918274,55.244129
3,20.800000,4,3,0.000000,5.658390,56.419651,54.958382,54.624947
2,20.800000,3,2,5.658390,0.184061,55.090794,55.231094,54.787621
1,20.800000,1,2,2.147144,0.184061,55.628742,55.752171,54.922161
0,21.000000,0,1,0.000037,2.139094,49.681870,54.554096,55.257668
3,21.000000,4,3,0.000000,5.638494,56.350296,54.074383,54.589447
2,21.000000,3,2,5.638494,0.258564,53.814735,54.556728,54.952015
1,21.000000,1,2,2.139094,0.258564,55.745483,55.622616,54.778133
0,21.200000,0,1,0.000038,2.347334,54.441757,54.210148,54.901970
3,21.200000,4,3,0.000000,5.667203,50.957649,53.976547,54.640633
2,21.200000,3,2,5.667203,0.384811,55.008503,54.128773,55.119301
1,21.200000,1,2,2.347334,0.384811,52.581734,55.054394,54.921196
0,21.400000,0,1,0.000038,2.379358,54.607876,54.294682,54.846222
3,21.400000,4,3,0.000000,5.660000,59.319180,55.554298,54.627811
2,21.400000,3,2,5.660000,0.350289,56.233360,53.897942,55.072708
1,21.400000,1,2,2.379358,0.350289,53.224995,55.042606,55.035927
0,21.600000,0,1,0.000038,2.322558,52.488419,54.755787,54.944908
3,21.600000,4,3,0.000000,5.645955,61.957771,55.367641,54.602772
2,21.600000,3,2,5.645955,0.361695,53.103996,54.611366,55.116123
1,21.600000,1,2,2.322558,0.361695,51.918110,55.922600,54.918312
0,21.800000,0,1,0.000039,2.256721,56.237282,54.700596,55.058182
3,21.800000,4,3,0.000000,5.776465,58.376678,54.964573,54.833248
2,21.800000,3,2,5.776465,0.350201,55.513817,54.850597,54.871635
1,21.800000,1,2,2.256721,0.350201,50.552021,55.249340,54.823685
0,22.000000,0,1,0.000039,2.270222,55.463200,55.469898,55.035049
3,22.000000,4,3,0.000000,5.903993,51.024155,55.422161,55.053825
2,22.000000,3,2,5.903993,0.423267,55.069336,55.116386,54.776390
1,22.000000,1,2,2.270222,0.423267,54.220505,56.121700,54.719002
0,22.200000,0,1,0.000039,2.520656,53.607651,55.836086,54.596771
3,22.200000,4,3,0.000000,5.849210,57.442532,55.301434,54.959621
2,22.200000,3,2,5.849210,0.417630,52.206234,55.415379,54.862373
1,22.200000,1,2,2.520656,0.417630,56.717278,56.893517,55.162033
0,22.400000,0,1,0.000040,2.568515,50.634254,55.491898,54.510963
3,22.400000,4,3,0.000000,5.929202,57.413662,53.960052,55.096905
2,22.400000,3,2,5.929202,0.318507,51.802826,55.681255,54.545654
1,22.400000,1,2,2.568515,0.318507,55.822533,57.442890,55.408398
0,22.600000,0,1,0.000040,2.701908,50.064949,55.378258,54.268154
3,22.600000,4,3,0.000000,5.856408,55.394981,54.440910,54.972046
2,22.600000,3,2,5.856408,0.392017,53.673813,55.876690,54.805046
1,22.600000,1,2,2.701908,0.392017,55.731472,58.019188,55.507187
0,22.800000,0,1,0.000040,2.700382,51.307636,55.313210,54.270966
3,22.800000,4,3,0.000000,5.851855,52.114754,55.149734,54.964188
2,22.800000,3,2,5.851855,0.333950,52.219902,56.372124,54.710880
1,22.800000,1,2,2.700382,0.333950,59.911034,57.184723,55.599648
0,23.000000,0,1,0.000041,2.656969,52.080147,55.438927,54.350563
3,23.000000,4,3,0.000000,5.799568,60.043438,54.752529,54.873543
2,23.000000,3,2,5.799568,0.243238,52.699772,55.553299,54.642765
1,23.000000,1,2,2.656969,0.243238,58.831955,56.791229,55.676392
0,23.200000,0,1,0.000041,2.683082,53.958225,55.214264,54.302757
3,23.200000,4,3,0.000000,5.838188,56.295891,55.304359,54.940567
2,23.200000,3,2,5.838188,0.354738,54.964882,55.828075,54.771599
1,23.200000,1,2,2.683082,0.354738,56.746456,56.356705,55.537449
0,23.400000,0,1,0.000041,2.559584,53.973125,55.106716,54.527031
3,23.400000,4,3,0.000000,5.960371,52.850079,55.310738,55.149933
2,23.400000,3,2,5.960371,0.315698,51.460682,56.431175,54.484512
1,23.400000,1,2,2.559584,0.315698,55.752487,55.814541,55.398247
0,23.600000,0,1,0.000042,2.661489,53.767227,54.708160,54.342308
3,23.600000,4,3,0.000000,5.819134,52.353474,56.278614,54.907551
2,23.600000,3,2,5.819134,0.354265,58.189770,55.624550,54.804207
1,23.600000,1,2,2.661489,0.354265,59.090366,55.627079,55.502808
0,23.800000,0,1,0.000042,2.479649,51.820175,54.004871,54.669765
3,23.800000,4,3,0.000000,5.925107,50.465275,54.186863,55.089920
2,23.800000,3,2,5.925107,0.534811,51.108131,55.857899,54.934082
1,23.800000,1,2,2.479649,0.534811,48.960411,55.149715,54.890495
0,24.000000,0,1,0.000043,2.331568,55.942612,54.251080,54.929321
3,24.000000,4,3,0.000000,5.898039,57.321983,55.576927,55.043629
2,24.000000,3,2,5.898039,0.514066,54.407734,55.825336,54.945023
1,24.000000,1,2,2.331568,0.514066,55.705242,54.404861,54.666870
0,24.200000,0,1,0.000043,2.293409,56.047859,54.942081,54.995213
3,24.200000,4,3,0.000000,5.876654,49.746368,55.751175,55.006920
2,24.200000,3,2,5.876654,0.700683,54.571918,56.039871,55.298935
1,24.200000,1,2,2.293409,0.700683,51.398830,53.955109,54.260521
0,24.400000,0,1,0.000043,2.297437,53.605942,54.881454,54.988277
3,24.400000,4,3,0.000000,5.884976,54.901810,56.024464,55.021217
2,24.400000,3,2,5.884976,0.548219,53.920551,56.154648,55.026379
1,24.400000,1,2,2.297437,0.548219,55.200729,53.305580,54.545029
0,24.600000,0,1,0.000044,2.370656,52.453175,55.192619,54.861412
3,24.600000,4,3,0.000000,5.932954,57.216759,55.033508,55.103302
2,24.600000,3,2,5.932954,0.498994,56.498016,56.962326,54.858223
1,24.600000,1,2,2.370656,0.498994,54.105450,53.851871,54.762550
0,24.800000,0,1,0.000044,2.452641,53.105186,55.446457,54.717571
3,24.800000,4,3,0.000000,5.974411,55.786816,55.445984,55.173737
2,24.800000,3,2,5.974411,0.585698,56.011215,56.587120,54.936821
1,24.800000,1,2,2.452641,0.585698,55.771328,53.731915,54.754246
0,25.000000,0,1,0.000044,2.471431,53.023579,55.254353,54.684338
3,25.000000,4,3,0.000000,5.920707,53.595615,55.788609,55.082409
2,25.000000,3,2,5.920707,0.649110,51.442371,56.881035,55.137661
1,25.000000,1,2,2.471431,0.649110,52.459934,53.759998,54.675415
0,25.200000,0,1,0.000045,2.327273,52.906139,55.689354,54.936760
3,25.200000,4,3,0.000000,5.825918,53.702473,54.846001,54.919319
2,25.200000,3,2,5.825918,0.652539,51.795033,56.029053,55.303276
1,25.200000,1,2,2.327273,0.652539,55.520885,53.311203,54.410542
0,25.400000,0,1,0.000045,2.339772,51.943283,56.262074,54.915108
3,25.400000,4,3,0.000000,5.714138,55.632587,54.856712,54.723789
2,25.400000,3,2,5.714138,0.649799,54.966377,56.918789,55.484222
1,25.400000,1,2,2.339772,0.649799,59.185547,53.238243,54.438194
0,25.600000,0,1,0.000045,2.297035,52.901535,56.108242,54.988976
3,25.600000,4,3,0.000000,5.725531,57.469547,53.982304,54.743881
2,25.600000,3,2,5.725531,0.631114,50.200432,57.230122,55.434608
1,25.600000,1,2,2.297035,0.631114,53.450771,53.171341,54.394520
0,25.800000,0,1,0.000046,2.283773,49.8